/*--------------------------------*- C++ -*----------------------------------*\
| =========                 |                                                 |
| \\      /  F ield         | OpenFOAM: The Open Source CFD Toolbox           |
|  \\    /   O peration     | Version:  4.0                                   |
|   \\  /    A nd           | Web:      www.OpenFOAM.org                      |
|    \\/     M anipulation  |                                                 |
\*---------------------------------------------------------------------------*/
FoamFile
{
    version     2.0;
    format      ascii;
    class       volScalarField;
    location    "60/electrolyte";
    object      concO2;
}
// * * * * * * * * * * * * * * * * * * * * * * * * * * * * * * * * * * * * * //

dimensions      [0 -3 0 0 1 0 0];

internalField   nonuniform List<scalar> 
4840
(
5.712228
5.712228
5.712228
5.712228
5.712228
5.7117
5.7117
5.7117
5.7117
5.7117
5.710546
5.710546
5.710546
5.710546
5.710546
5.710165
5.710165
5.710165
5.710165
5.710165
5.710625
5.710625
5.710625
5.710625
5.710625
5.710253
5.710253
5.710253
5.710253
5.710253
5.711364
5.711364
5.711364
5.711364
5.711364
5.711252
5.711252
5.711252
5.711252
5.711252
5.710589
5.710589
5.710589
5.710589
5.710589
5.710957
5.710957
5.710957
5.710957
5.710957
5.711201
5.711201
5.711201
5.711201
5.711201
5.710714
5.710714
5.710714
5.710714
5.710714
5.711604
5.711604
5.711604
5.711604
5.711604
5.711477
5.711477
5.711477
5.711477
5.711477
5.710787
5.710787
5.710787
5.710787
5.710787
5.711309
5.711309
5.711309
5.711309
5.711309
5.711322
5.711322
5.711322
5.711322
5.711322
5.710881
5.710881
5.710881
5.710881
5.710881
5.711702
5.711702
5.711702
5.711702
5.711702
5.711631
5.711631
5.711631
5.711631
5.711631
5.710863
5.710863
5.710863
5.710863
5.710863
5.711355
5.711355
5.711355
5.711355
5.711355
5.711359
5.711359
5.711359
5.711359
5.711359
5.710871
5.710871
5.710871
5.710871
5.710871
5.711638
5.711638
5.711638
5.711638
5.711638
5.711707
5.711707
5.711707
5.711707
5.711707
5.710888
5.710888
5.710888
5.710888
5.710888
5.711333
5.711333
5.711333
5.711333
5.711333
5.711313
5.711313
5.711313
5.711313
5.711313
5.710793
5.710793
5.710793
5.710793
5.710793
5.711481
5.711481
5.711481
5.711481
5.711481
5.711609
5.711609
5.711609
5.711609
5.711609
5.710719
5.710719
5.710719
5.710719
5.710719
5.711208
5.711208
5.711208
5.711208
5.711208
5.710966
5.710966
5.710966
5.710966
5.710966
5.710595
5.710595
5.710595
5.710595
5.710595
5.711258
5.711258
5.711258
5.711258
5.711258
5.711369
5.711369
5.711369
5.711369
5.711369
5.710259
5.710259
5.710259
5.710259
5.710259
5.710626
5.710626
5.710626
5.710626
5.710626
5.710171
5.710171
5.710171
5.710171
5.710171
5.710552
5.710552
5.710552
5.710552
5.710552
5.711708
5.711708
5.711708
5.711708
5.711708
5.712234
5.712234
5.712234
5.712234
5.712234
5.711283
5.711283
5.711283
5.711283
5.711283
5.710373
5.710373
5.710373
5.710373
5.710373
5.712074
5.712074
5.712074
5.712074
5.712074
5.712734
5.712734
5.712734
5.712734
5.712734
5.712731
5.712731
5.712731
5.712731
5.712731
5.712894
5.712894
5.712894
5.712894
5.712894
5.712137
5.712137
5.712137
5.712137
5.712137
5.712101
5.712101
5.712101
5.712101
5.712101
5.713477
5.713477
5.713477
5.713477
5.713477
5.713784
5.713784
5.713784
5.713784
5.713784
5.713709
5.713709
5.713709
5.713709
5.713709
5.713889
5.713889
5.713889
5.713889
5.713889
5.712571
5.712571
5.712571
5.712571
5.712571
5.712604
5.712604
5.712604
5.712604
5.712604
5.713844
5.713844
5.713844
5.713844
5.713844
5.714083
5.714083
5.714083
5.714083
5.714083
5.714088
5.714088
5.714088
5.714088
5.714088
5.714034
5.714034
5.714034
5.714034
5.714034
5.712716
5.712716
5.712716
5.712716
5.712716
5.712691
5.712691
5.712691
5.712691
5.712691
5.713959
5.713959
5.713959
5.713959
5.713959
5.714106
5.714106
5.714106
5.714106
5.714106
5.714111
5.714111
5.714111
5.714111
5.714111
5.713959
5.713959
5.713959
5.713959
5.713959
5.712694
5.712694
5.712694
5.712694
5.712694
5.712719
5.712719
5.712719
5.712719
5.712719
5.714038
5.714038
5.714038
5.714038
5.714038
5.714096
5.714096
5.714096
5.714096
5.714096
5.714086
5.714086
5.714086
5.714086
5.714086
5.713849
5.713849
5.713849
5.713849
5.713849
5.712609
5.712609
5.712609
5.712609
5.712609
5.712577
5.712577
5.712577
5.712577
5.712577
5.713896
5.713896
5.713896
5.713896
5.713896
5.71372
5.71372
5.71372
5.71372
5.71372
5.713792
5.713792
5.713792
5.713792
5.713792
5.713487
5.713487
5.713487
5.713487
5.713487
5.712106
5.712106
5.712106
5.712106
5.712106
5.712136
5.712136
5.712136
5.712136
5.712136
5.712895
5.712895
5.712895
5.712895
5.712895
5.712732
5.712732
5.712732
5.712732
5.712732
5.712736
5.712736
5.712736
5.712736
5.712736
5.712077
5.712077
5.712077
5.712077
5.712077
5.710375
5.710375
5.710375
5.710375
5.710375
5.711285
5.711285
5.711285
5.711285
5.711285
5.714018
5.714018
5.714018
5.714018
5.714018
5.713968
5.713968
5.713968
5.713968
5.713968
5.716804
5.716804
5.716804
5.716804
5.716804
5.716868
5.716868
5.716868
5.716868
5.716868
5.716639
5.716639
5.716639
5.716639
5.716639
5.717323
5.717323
5.717323
5.717323
5.717323
5.715746
5.715746
5.715746
5.715746
5.715746
5.716002
5.716002
5.716002
5.716002
5.716002
5.717984
5.717984
5.717984
5.717984
5.717984
5.717923
5.717923
5.717923
5.717923
5.717923
5.717822
5.717822
5.717822
5.717822
5.717822
5.718331
5.718331
5.718331
5.718331
5.718331
5.716448
5.716448
5.716448
5.716448
5.716448
5.716601
5.716601
5.716601
5.716601
5.716601
5.718376
5.718376
5.718376
5.718376
5.718376
5.718175
5.718175
5.718175
5.718175
5.718175
5.718193
5.718193
5.718193
5.718193
5.718193
5.718518
5.718518
5.718518
5.718518
5.718518
5.716723
5.716723
5.716723
5.716723
5.716723
5.716718
5.716718
5.716718
5.716718
5.716718
5.718468
5.718468
5.718468
5.718468
5.718468
5.718209
5.718209
5.718209
5.718209
5.718209
5.718207
5.718207
5.718207
5.718207
5.718207
5.718467
5.718467
5.718467
5.718467
5.718467
5.716717
5.716717
5.716717
5.716717
5.716717
5.716729
5.716729
5.716729
5.716729
5.716729
5.718522
5.718522
5.718522
5.718522
5.718522
5.718197
5.718197
5.718197
5.718197
5.718197
5.718182
5.718182
5.718182
5.718182
5.718182
5.718378
5.718378
5.718378
5.718378
5.718378
5.716604
5.716604
5.716604
5.716604
5.716604
5.716449
5.716449
5.716449
5.716449
5.716449
5.718334
5.718334
5.718334
5.718334
5.718334
5.717825
5.717825
5.717825
5.717825
5.717825
5.717928
5.717928
5.717928
5.717928
5.717928
5.717989
5.717989
5.717989
5.717989
5.717989
5.716008
5.716008
5.716008
5.716008
5.716008
5.715749
5.715749
5.715749
5.715749
5.715749
5.717325
5.717325
5.717325
5.717325
5.717325
5.71664
5.71664
5.71664
5.71664
5.71664
5.716872
5.716872
5.716872
5.716872
5.716872
5.716809
5.716809
5.716809
5.716809
5.716809
5.713972
5.713972
5.713972
5.713972
5.713972
5.714022
5.714022
5.714022
5.714022
5.714022
5.717349
5.717349
5.717349
5.717349
5.717349
5.717516
5.717516
5.717516
5.717516
5.717516
5.719202
5.719202
5.719202
5.719202
5.719202
5.718671
5.718671
5.718671
5.718671
5.718671
5.717986
5.717986
5.717986
5.717986
5.717986
5.718647
5.718647
5.718647
5.718647
5.718647
5.717365
5.717365
5.717365
5.717365
5.717365
5.717664
5.717664
5.717664
5.717664
5.717664
5.718898
5.718898
5.718898
5.718898
5.718898
5.718565
5.718565
5.718565
5.718565
5.718565
5.718449
5.718449
5.718449
5.718449
5.718449
5.718836
5.718836
5.718836
5.718836
5.718836
5.717538
5.717538
5.717538
5.717538
5.717538
5.71779
5.71779
5.71779
5.71779
5.71779
5.718937
5.718937
5.718937
5.718937
5.718937
5.718591
5.718591
5.718591
5.718591
5.718591
5.718593
5.718593
5.718593
5.718593
5.718593
5.718968
5.718968
5.718968
5.718968
5.718968
5.717756
5.717756
5.717756
5.717756
5.717756
5.7178
5.7178
5.7178
5.7178
5.7178
5.718964
5.718964
5.718964
5.718964
5.718964
5.718598
5.718598
5.718598
5.718598
5.718598
5.718599
5.718599
5.718599
5.718599
5.718599
5.718967
5.718967
5.718967
5.718967
5.718967
5.717803
5.717803
5.717803
5.717803
5.717803
5.71776
5.71776
5.71776
5.71776
5.71776
5.71897
5.71897
5.71897
5.71897
5.71897
5.718597
5.718597
5.718597
5.718597
5.718597
5.718594
5.718594
5.718594
5.718594
5.718594
5.718939
5.718939
5.718939
5.718939
5.718939
5.717793
5.717793
5.717793
5.717793
5.717793
5.717538
5.717538
5.717538
5.717538
5.717538
5.718839
5.718839
5.718839
5.718839
5.718839
5.718451
5.718451
5.718451
5.718451
5.718451
5.718569
5.718569
5.718569
5.718569
5.718569
5.718902
5.718902
5.718902
5.718902
5.718902
5.717667
5.717667
5.717667
5.717667
5.717667
5.717369
5.717369
5.717369
5.717369
5.717369
5.71865
5.71865
5.71865
5.71865
5.71865
5.717988
5.717988
5.717988
5.717988
5.717988
5.718675
5.718675
5.718675
5.718675
5.718675
5.719207
5.719207
5.719207
5.719207
5.719207
5.71752
5.71752
5.71752
5.71752
5.71752
5.717353
5.717353
5.717353
5.717353
5.717353
5.717831
5.717831
5.717831
5.717831
5.717831
5.718335
5.718335
5.718335
5.718335
5.718335
5.718999
5.718999
5.718999
5.718999
5.718999
5.718427
5.718427
5.718427
5.718427
5.718427
5.717552
5.717552
5.717552
5.717552
5.717552
5.718152
5.718152
5.718152
5.718152
5.718152
5.716986
5.716986
5.716986
5.716986
5.716986
5.717477
5.717477
5.717477
5.717477
5.717477
5.718398
5.718398
5.718398
5.718398
5.718398
5.718051
5.718051
5.718051
5.718051
5.718051
5.717888
5.717888
5.717888
5.717888
5.717888
5.718208
5.718208
5.718208
5.718208
5.718208
5.717119
5.717119
5.717119
5.717119
5.717119
5.717398
5.717398
5.717398
5.717398
5.717398
5.718327
5.718327
5.718327
5.718327
5.718327
5.718
5.718
5.718
5.718
5.718
5.718004
5.718004
5.718004
5.718004
5.718004
5.718331
5.718331
5.718331
5.718331
5.718331
5.717323
5.717323
5.717323
5.717323
5.717323
5.717379
5.717379
5.717379
5.717379
5.717379
5.718336
5.718336
5.718336
5.718336
5.718336
5.71799
5.71799
5.71799
5.71799
5.71799
5.717991
5.717991
5.717991
5.717991
5.717991
5.718338
5.718338
5.718338
5.718338
5.718338
5.717379
5.717379
5.717379
5.717379
5.717379
5.717325
5.717325
5.717325
5.717325
5.717325
5.718331
5.718331
5.718331
5.718331
5.718331
5.718005
5.718005
5.718005
5.718005
5.718005
5.718001
5.718001
5.718001
5.718001
5.718001
5.718328
5.718328
5.718328
5.718328
5.718328
5.717399
5.717399
5.717399
5.717399
5.717399
5.717122
5.717122
5.717122
5.717122
5.717122
5.718212
5.718212
5.718212
5.718212
5.718212
5.717891
5.717891
5.717891
5.717891
5.717891
5.718055
5.718055
5.718055
5.718055
5.718055
5.718401
5.718401
5.718401
5.718401
5.718401
5.717478
5.717478
5.717478
5.717478
5.717478
5.716989
5.716989
5.716989
5.716989
5.716989
5.718156
5.718156
5.718156
5.718156
5.718156
5.717553
5.717553
5.717553
5.717553
5.717553
5.718429
5.718429
5.718429
5.718429
5.718429
5.719002
5.719002
5.719002
5.719002
5.719002
5.718338
5.718338
5.718338
5.718338
5.718338
5.717834
5.717834
5.717834
5.717834
5.717834
5.717212
5.717212
5.717212
5.717212
5.717212
5.717988
5.717988
5.717988
5.717988
5.717988
5.718466
5.718466
5.718466
5.718466
5.718466
5.717935
5.717935
5.717935
5.717935
5.717935
5.716998
5.716998
5.716998
5.716998
5.716998
5.717509
5.717509
5.717509
5.717509
5.717509
5.716509
5.716509
5.716509
5.716509
5.716509
5.717148
5.717148
5.717148
5.717148
5.717148
5.717861
5.717861
5.717861
5.717861
5.717861
5.717496
5.717496
5.717496
5.717496
5.717496
5.717273
5.717273
5.717273
5.717273
5.717273
5.717585
5.717585
5.717585
5.717585
5.717585
5.716621
5.716621
5.716621
5.716621
5.716621
5.716861
5.716861
5.716861
5.716861
5.716861
5.717677
5.717677
5.717677
5.717677
5.717677
5.717361
5.717361
5.717361
5.717361
5.717361
5.71737
5.71737
5.71737
5.71737
5.71737
5.71767
5.71767
5.71767
5.71767
5.71767
5.716798
5.716798
5.716798
5.716798
5.716798
5.716821
5.716821
5.716821
5.716821
5.716821
5.717669
5.717669
5.717669
5.717669
5.717669
5.717351
5.717351
5.717351
5.717351
5.717351
5.717352
5.717352
5.717352
5.717352
5.717352
5.71767
5.71767
5.71767
5.71767
5.71767
5.716819
5.716819
5.716819
5.716819
5.716819
5.716801
5.716801
5.716801
5.716801
5.716801
5.717671
5.717671
5.717671
5.717671
5.717671
5.717371
5.717371
5.717371
5.717371
5.717371
5.717363
5.717363
5.717363
5.717363
5.717363
5.717678
5.717678
5.717678
5.717678
5.717678
5.716863
5.716863
5.716863
5.716863
5.716863
5.716625
5.716625
5.716625
5.716625
5.716625
5.717589
5.717589
5.717589
5.717589
5.717589
5.717276
5.717276
5.717276
5.717276
5.717276
5.717499
5.717499
5.717499
5.717499
5.717499
5.717864
5.717864
5.717864
5.717864
5.717864
5.717151
5.717151
5.717151
5.717151
5.717151
5.716513
5.716513
5.716513
5.716513
5.716513
5.717511
5.717511
5.717511
5.717511
5.717511
5.716999
5.716999
5.716999
5.716999
5.716999
5.717937
5.717937
5.717937
5.717937
5.717937
5.718469
5.718469
5.718469
5.718469
5.718469
5.717991
5.717991
5.717991
5.717991
5.717991
5.717216
5.717216
5.717216
5.717216
5.717216
5.716579
5.716579
5.716579
5.716579
5.716579
5.717484
5.717484
5.717484
5.717484
5.717484
5.717817
5.717817
5.717817
5.717817
5.717817
5.71735
5.71735
5.71735
5.71735
5.71735
5.716383
5.716383
5.716383
5.716383
5.716383
5.716782
5.716782
5.716782
5.716782
5.716782
5.715796
5.715796
5.715796
5.715796
5.715796
5.71659
5.71659
5.71659
5.71659
5.71659
5.717227
5.717227
5.717227
5.717227
5.717227
5.716865
5.716865
5.716865
5.716865
5.716865
5.716604
5.716604
5.716604
5.716604
5.716604
5.71694
5.71694
5.71694
5.71694
5.71694
5.715938
5.715938
5.715938
5.715938
5.715938
5.716121
5.716121
5.716121
5.716121
5.716121
5.716948
5.716948
5.716948
5.716948
5.716948
5.71669
5.71669
5.71669
5.71669
5.71669
5.716689
5.716689
5.716689
5.716689
5.716689
5.716983
5.716983
5.716983
5.716983
5.716983
5.716064
5.716064
5.716064
5.716064
5.716064
5.716051
5.716051
5.716051
5.716051
5.716051
5.71694
5.71694
5.71694
5.71694
5.71694
5.716657
5.716657
5.716657
5.716657
5.716657
5.716658
5.716658
5.716658
5.716658
5.716658
5.716941
5.716941
5.716941
5.716941
5.716941
5.716052
5.716052
5.716052
5.716052
5.716052
5.716067
5.716067
5.716067
5.716067
5.716067
5.716984
5.716984
5.716984
5.716984
5.716984
5.716689
5.716689
5.716689
5.716689
5.716689
5.716691
5.716691
5.716691
5.716691
5.716691
5.716948
5.716948
5.716948
5.716948
5.716948
5.716123
5.716123
5.716123
5.716123
5.716123
5.715942
5.715942
5.715942
5.715942
5.715942
5.716943
5.716943
5.716943
5.716943
5.716943
5.716608
5.716608
5.716608
5.716608
5.716608
5.716868
5.716868
5.716868
5.716868
5.716868
5.717228
5.717228
5.717228
5.717228
5.717228
5.716593
5.716593
5.716593
5.716593
5.716593
5.715799
5.715799
5.715799
5.715799
5.715799
5.716783
5.716783
5.716783
5.716783
5.716783
5.716385
5.716385
5.716385
5.716385
5.716385
5.717353
5.717353
5.717353
5.717353
5.717353
5.71782
5.71782
5.71782
5.71782
5.71782
5.717487
5.717487
5.717487
5.717487
5.717487
5.716582
5.716582
5.716582
5.716582
5.716582
5.71581
5.71581
5.71581
5.71581
5.71581
5.716855
5.716855
5.716855
5.716855
5.716855
5.717148
5.717148
5.717148
5.717148
5.717148
5.716764
5.716764
5.716764
5.716764
5.716764
5.715825
5.715825
5.715825
5.715825
5.715825
5.716124
5.716124
5.716124
5.716124
5.716124
5.715157
5.715157
5.715157
5.715157
5.715157
5.716022
5.716022
5.716022
5.716022
5.716022
5.716619
5.716619
5.716619
5.716619
5.716619
5.716278
5.716278
5.716278
5.716278
5.716278
5.716006
5.716006
5.716006
5.716006
5.716006
5.716359
5.716359
5.716359
5.716359
5.716359
5.715303
5.715303
5.715303
5.715303
5.715303
5.715496
5.715496
5.715496
5.715496
5.715496
5.716319
5.716319
5.716319
5.716319
5.716319
5.716104
5.716104
5.716104
5.716104
5.716104
5.716097
5.716097
5.716097
5.716097
5.716097
5.716397
5.716397
5.716397
5.716397
5.716397
5.715445
5.715445
5.715445
5.715445
5.715445
5.715418
5.715418
5.715418
5.715418
5.715418
5.716294
5.716294
5.716294
5.716294
5.716294
5.716061
5.716061
5.716061
5.716061
5.716061
5.716061
5.716061
5.716061
5.716061
5.716061
5.716295
5.716295
5.716295
5.716295
5.716295
5.715421
5.715421
5.715421
5.715421
5.715421
5.715444
5.715444
5.715444
5.715444
5.715444
5.7164
5.7164
5.7164
5.7164
5.7164
5.716098
5.716098
5.716098
5.716098
5.716098
5.716106
5.716106
5.716106
5.716106
5.716106
5.716321
5.716321
5.716321
5.716321
5.716321
5.715497
5.715497
5.715497
5.715497
5.715497
5.715307
5.715307
5.715307
5.715307
5.715307
5.716361
5.716361
5.716361
5.716361
5.716361
5.716009
5.716009
5.716009
5.716009
5.716009
5.71628
5.71628
5.71628
5.71628
5.71628
5.716619
5.716619
5.716619
5.716619
5.716619
5.716021
5.716021
5.716021
5.716021
5.716021
5.715156
5.715156
5.715156
5.715156
5.715156
5.716129
5.716129
5.716129
5.716129
5.716129
5.715827
5.715827
5.715827
5.715827
5.715827
5.716766
5.716766
5.716766
5.716766
5.716766
5.717151
5.717151
5.717151
5.717151
5.717151
5.716858
5.716858
5.716858
5.716858
5.716858
5.715814
5.715814
5.715814
5.715814
5.715814
5.715068
5.715068
5.715068
5.715068
5.715068
5.716235
5.716235
5.716235
5.716235
5.716235
5.716484
5.716484
5.716484
5.716484
5.716484
5.716148
5.716148
5.716148
5.716148
5.716148
5.715274
5.715274
5.715274
5.715274
5.715274
5.715454
5.715454
5.715454
5.715454
5.715454
5.714518
5.714518
5.714518
5.714518
5.714518
5.715423
5.715423
5.715423
5.715423
5.715423
5.716022
5.716022
5.716022
5.716022
5.716022
5.715697
5.715697
5.715697
5.715697
5.715697
5.715423
5.715423
5.715423
5.715423
5.715423
5.715748
5.715748
5.715748
5.715748
5.715748
5.714635
5.714635
5.714635
5.714635
5.714635
5.714903
5.714903
5.714903
5.714903
5.714903
5.715738
5.715738
5.715738
5.715738
5.715738
5.715531
5.715531
5.715531
5.715531
5.715531
5.715515
5.715515
5.715515
5.715515
5.715515
5.715813
5.715813
5.715813
5.715813
5.715813
5.714803
5.714803
5.714803
5.714803
5.714803
5.714775
5.714775
5.714775
5.714775
5.714775
5.715686
5.715686
5.715686
5.715686
5.715686
5.715479
5.715479
5.715479
5.715479
5.715479
5.715479
5.715479
5.715479
5.715479
5.715479
5.715688
5.715688
5.715688
5.715688
5.715688
5.714778
5.714778
5.714778
5.714778
5.714778
5.714806
5.714806
5.714806
5.714806
5.714806
5.715817
5.715817
5.715817
5.715817
5.715817
5.715517
5.715517
5.715517
5.715517
5.715517
5.715534
5.715534
5.715534
5.715534
5.715534
5.715742
5.715742
5.715742
5.715742
5.715742
5.714904
5.714904
5.714904
5.714904
5.714904
5.714637
5.714637
5.714637
5.714637
5.714637
5.71575
5.71575
5.71575
5.71575
5.71575
5.715426
5.715426
5.715426
5.715426
5.715426
5.715699
5.715699
5.715699
5.715699
5.715699
5.716021
5.716021
5.716021
5.716021
5.716021
5.715419
5.715419
5.715419
5.715419
5.715419
5.714517
5.714517
5.714517
5.714517
5.714517
5.715463
5.715463
5.715463
5.715463
5.715463
5.715276
5.715276
5.715276
5.715276
5.715276
5.71615
5.71615
5.71615
5.71615
5.71615
5.716486
5.716486
5.716486
5.716486
5.716486
5.716238
5.716238
5.716238
5.716238
5.716238
5.715071
5.715071
5.715071
5.715071
5.715071
5.714312
5.714312
5.714312
5.714312
5.714312
5.715571
5.715571
5.715571
5.715571
5.715571
5.715819
5.715819
5.715819
5.715819
5.715819
5.715532
5.715532
5.715532
5.715532
5.715532
5.714752
5.714752
5.714752
5.714752
5.714752
5.714806
5.714806
5.714806
5.714806
5.714806
5.713945
5.713945
5.713945
5.713945
5.713945
5.714874
5.714874
5.714874
5.714874
5.714874
5.715548
5.715548
5.715548
5.715548
5.715548
5.715171
5.715171
5.715171
5.715171
5.715171
5.71491
5.71491
5.71491
5.71491
5.71491
5.715172
5.715172
5.715172
5.715172
5.715172
5.71404
5.71404
5.71404
5.71404
5.71404
5.714354
5.714354
5.714354
5.714354
5.714354
5.715185
5.715185
5.715185
5.715185
5.715185
5.714975
5.714975
5.714975
5.714975
5.714975
5.714956
5.714956
5.714956
5.714956
5.714956
5.715238
5.715238
5.715238
5.715238
5.715238
5.714197
5.714197
5.714197
5.714197
5.714197
5.714203
5.714203
5.714203
5.714203
5.714203
5.715129
5.715129
5.715129
5.715129
5.715129
5.714922
5.714922
5.714922
5.714922
5.714922
5.714923
5.714923
5.714923
5.714923
5.714923
5.715133
5.715133
5.715133
5.715133
5.715133
5.71421
5.71421
5.71421
5.71421
5.71421
5.714197
5.714197
5.714197
5.714197
5.714197
5.715237
5.715237
5.715237
5.715237
5.715237
5.714958
5.714958
5.714958
5.714958
5.714958
5.714976
5.714976
5.714976
5.714976
5.714976
5.715183
5.715183
5.715183
5.715183
5.715183
5.714355
5.714355
5.714355
5.714355
5.714355
5.714048
5.714048
5.714048
5.714048
5.714048
5.715179
5.715179
5.715179
5.715179
5.715179
5.714916
5.714916
5.714916
5.714916
5.714916
5.715175
5.715175
5.715175
5.715175
5.715175
5.715549
5.715549
5.715549
5.715549
5.715549
5.714871
5.714871
5.714871
5.714871
5.714871
5.713944
5.713944
5.713944
5.713944
5.713944
5.714813
5.714813
5.714813
5.714813
5.714813
5.714755
5.714755
5.714755
5.714755
5.714755
5.715534
5.715534
5.715534
5.715534
5.715534
5.71582
5.71582
5.71582
5.71582
5.71582
5.715572
5.715572
5.715572
5.715572
5.715572
5.714313
5.714313
5.714313
5.714313
5.714313
5.713598
5.713598
5.713598
5.713598
5.713598
5.71485
5.71485
5.71485
5.71485
5.71485
5.715165
5.715165
5.715165
5.715165
5.715165
5.71493
5.71493
5.71493
5.71493
5.71493
5.714248
5.714248
5.714248
5.714248
5.714248
5.714212
5.714212
5.714212
5.714212
5.714212
5.71339
5.71339
5.71339
5.71339
5.71339
5.714295
5.714295
5.714295
5.714295
5.714295
5.715113
5.715113
5.715113
5.715113
5.715113
5.714652
5.714652
5.714652
5.714652
5.714652
5.714404
5.714404
5.714404
5.714404
5.714404
5.714638
5.714638
5.714638
5.714638
5.714638
5.713519
5.713519
5.713519
5.713519
5.713519
5.713773
5.713773
5.713773
5.713773
5.713773
5.714606
5.714606
5.714606
5.714606
5.714606
5.714408
5.714408
5.714408
5.714408
5.714408
5.714406
5.714406
5.714406
5.714406
5.714406
5.71468
5.71468
5.71468
5.71468
5.71468
5.713599
5.713599
5.713599
5.713599
5.713599
5.713614
5.713614
5.713614
5.713614
5.713614
5.714562
5.714562
5.714562
5.714562
5.714562
5.714355
5.714355
5.714355
5.714355
5.714355
5.714357
5.714357
5.714357
5.714357
5.714357
5.714569
5.714569
5.714569
5.714569
5.714569
5.71362
5.71362
5.71362
5.71362
5.71362
5.713595
5.713595
5.713595
5.713595
5.713595
5.714675
5.714675
5.714675
5.714675
5.714675
5.714407
5.714407
5.714407
5.714407
5.714407
5.714408
5.714408
5.714408
5.714408
5.714408
5.714598
5.714598
5.714598
5.714598
5.714598
5.713771
5.713771
5.713771
5.713771
5.713771
5.713532
5.713532
5.713532
5.713532
5.713532
5.714647
5.714647
5.714647
5.714647
5.714647
5.714409
5.714409
5.714409
5.714409
5.714409
5.714655
5.714655
5.714655
5.714655
5.714655
5.715115
5.715115
5.715115
5.715115
5.715115
5.714297
5.714297
5.714297
5.714297
5.714297
5.71339
5.71339
5.71339
5.71339
5.71339
5.714218
5.714218
5.714218
5.714218
5.714218
5.714251
5.714251
5.714251
5.714251
5.714251
5.714934
5.714934
5.714934
5.714934
5.714934
5.715168
5.715168
5.715168
5.715168
5.715168
5.714853
5.714853
5.714853
5.714853
5.714853
5.713601
5.713601
5.713601
5.713601
5.713601
5.712942
5.712942
5.712942
5.712942
5.712942
5.714166
5.714166
5.714166
5.714166
5.714166
5.714575
5.714575
5.714575
5.714575
5.714575
5.714378
5.714378
5.714378
5.714378
5.714378
5.713784
5.713784
5.713784
5.713784
5.713784
5.713724
5.713724
5.713724
5.713724
5.713724
5.712927
5.712927
5.712927
5.712927
5.712927
5.713656
5.713656
5.713656
5.713656
5.713656
5.714549
5.714549
5.714549
5.714549
5.714549
5.714128
5.714128
5.714128
5.714128
5.714128
5.713886
5.713886
5.713886
5.713886
5.713886
5.714129
5.714129
5.714129
5.714129
5.714129
5.713045
5.713045
5.713045
5.713045
5.713045
5.713191
5.713191
5.713191
5.713191
5.713191
5.714018
5.714018
5.714018
5.714018
5.714018
5.713843
5.713843
5.713843
5.713843
5.713843
5.713851
5.713851
5.713851
5.713851
5.713851
5.714117
5.714117
5.714117
5.714117
5.714117
5.713016
5.713016
5.713016
5.713016
5.713016
5.71301
5.71301
5.71301
5.71301
5.71301
5.71401
5.71401
5.71401
5.71401
5.71401
5.713801
5.713801
5.713801
5.713801
5.713801
5.713805
5.713805
5.713805
5.713805
5.713805
5.714017
5.714017
5.714017
5.714017
5.714017
5.713017
5.713017
5.713017
5.713017
5.713017
5.713017
5.713017
5.713017
5.713017
5.713017
5.714117
5.714117
5.714117
5.714117
5.714117
5.713857
5.713857
5.713857
5.713857
5.713857
5.713846
5.713846
5.713846
5.713846
5.713846
5.714018
5.714018
5.714018
5.714018
5.714018
5.71319
5.71319
5.71319
5.71319
5.71319
5.713052
5.713052
5.713052
5.713052
5.713052
5.714131
5.714131
5.714131
5.714131
5.714131
5.713888
5.713888
5.713888
5.713888
5.713888
5.714128
5.714128
5.714128
5.714128
5.714128
5.714544
5.714544
5.714544
5.714544
5.714544
5.713654
5.713654
5.713654
5.713654
5.713654
5.712929
5.712929
5.712929
5.712929
5.712929
5.713734
5.713734
5.713734
5.713734
5.713734
5.713788
5.713788
5.713788
5.713788
5.713788
5.714381
5.714381
5.714381
5.714381
5.714381
5.714578
5.714578
5.714578
5.714578
5.714578
5.714168
5.714168
5.714168
5.714168
5.714168
5.712945
5.712945
5.712945
5.712945
5.712945
5.712343
5.712343
5.712343
5.712343
5.712343
5.713538
5.713538
5.713538
5.713538
5.713538
5.714034
5.714034
5.714034
5.714034
5.714034
5.71384
5.71384
5.71384
5.71384
5.71384
5.713322
5.713322
5.713322
5.713322
5.713322
5.713316
5.713316
5.713316
5.713316
5.713316
5.712534
5.712534
5.712534
5.712534
5.712534
5.712978
5.712978
5.712978
5.712978
5.712978
5.713792
5.713792
5.713792
5.713792
5.713792
5.713547
5.713547
5.713547
5.713547
5.713547
5.713333
5.713333
5.713333
5.713333
5.713333
5.713611
5.713611
5.713611
5.713611
5.713611
5.71256
5.71256
5.71256
5.71256
5.71256
5.712589
5.712589
5.712589
5.712589
5.712589
5.713377
5.713377
5.713377
5.713377
5.713377
5.713261
5.713261
5.713261
5.713261
5.713261
5.713266
5.713266
5.713266
5.713266
5.713266
5.713501
5.713501
5.713501
5.713501
5.713501
5.712429
5.712429
5.712429
5.712429
5.712429
5.712439
5.712439
5.712439
5.712439
5.712439
5.713476
5.713476
5.713476
5.713476
5.713476
5.713267
5.713267
5.713267
5.713267
5.713267
5.713269
5.713269
5.713269
5.713269
5.713269
5.713478
5.713478
5.713478
5.713478
5.713478
5.712444
5.712444
5.712444
5.712444
5.712444
5.712431
5.712431
5.712431
5.712431
5.712431
5.713505
5.713505
5.713505
5.713505
5.713505
5.713272
5.713272
5.713272
5.713272
5.713272
5.713267
5.713267
5.713267
5.713267
5.713267
5.713384
5.713384
5.713384
5.713384
5.713384
5.712591
5.712591
5.712591
5.712591
5.712591
5.712557
5.712557
5.712557
5.712557
5.712557
5.713605
5.713605
5.713605
5.713605
5.713605
5.713333
5.713333
5.713333
5.713333
5.713333
5.713546
5.713546
5.713546
5.713546
5.713546
5.713783
5.713783
5.713783
5.713783
5.713783
5.712976
5.712976
5.712976
5.712976
5.712976
5.712545
5.712545
5.712545
5.712545
5.712545
5.71333
5.71333
5.71333
5.71333
5.71333
5.713329
5.713329
5.713329
5.713329
5.713329
5.713843
5.713843
5.713843
5.713843
5.713843
5.714037
5.714037
5.714037
5.714037
5.714037
5.713541
5.713541
5.713541
5.713541
5.713541
5.712346
5.712346
5.712346
5.712346
5.712346
5.711755
5.711755
5.711755
5.711755
5.711755
5.712941
5.712941
5.712941
5.712941
5.712941
5.713498
5.713498
5.713498
5.713498
5.713498
5.713295
5.713295
5.713295
5.713295
5.713295
5.712877
5.712877
5.712877
5.712877
5.712877
5.712973
5.712973
5.712973
5.712973
5.712973
5.712232
5.712232
5.712232
5.712232
5.712232
5.712361
5.712361
5.712361
5.712361
5.712361
5.712902
5.712902
5.712902
5.712902
5.712902
5.712887
5.712887
5.712887
5.712887
5.712887
5.712761
5.712761
5.712761
5.712761
5.712761
5.713064
5.713064
5.713064
5.713064
5.713064
5.712024
5.712024
5.712024
5.712024
5.712024
5.711959
5.711959
5.711959
5.711959
5.711959
5.712652
5.712652
5.712652
5.712652
5.712652
5.712646
5.712646
5.712646
5.712646
5.712646
5.712665
5.712665
5.712665
5.712665
5.712665
5.712846
5.712846
5.712846
5.712846
5.712846
5.711824
5.711824
5.711824
5.711824
5.711824
5.711851
5.711851
5.711851
5.711851
5.711851
5.712901
5.712901
5.712901
5.712901
5.712901
5.712711
5.712711
5.712711
5.712711
5.712711
5.712711
5.712711
5.712711
5.712711
5.712711
5.712902
5.712902
5.712902
5.712902
5.712902
5.711856
5.711856
5.711856
5.711856
5.711856
5.711824
5.711824
5.711824
5.711824
5.711824
5.712841
5.712841
5.712841
5.712841
5.712841
5.712668
5.712668
5.712668
5.712668
5.712668
5.71265
5.71265
5.71265
5.71265
5.71265
5.712653
5.712653
5.712653
5.712653
5.712653
5.711962
5.711962
5.711962
5.711962
5.711962
5.712025
5.712025
5.712025
5.712025
5.712025
5.713064
5.713064
5.713064
5.713064
5.713064
5.712763
5.712763
5.712763
5.712763
5.712763
5.712888
5.712888
5.712888
5.712888
5.712888
5.712895
5.712895
5.712895
5.712895
5.712895
5.712363
5.712363
5.712363
5.712363
5.712363
5.712245
5.712245
5.712245
5.712245
5.712245
5.71299
5.71299
5.71299
5.71299
5.71299
5.712885
5.712885
5.712885
5.712885
5.712885
5.713298
5.713298
5.713298
5.713298
5.713298
5.713502
5.713502
5.713502
5.713502
5.713502
5.712945
5.712945
5.712945
5.712945
5.712945
5.711759
5.711759
5.711759
5.711759
5.711759
5.71114
5.71114
5.71114
5.71114
5.71114
5.712268
5.712268
5.712268
5.712268
5.712268
5.712842
5.712842
5.712842
5.712842
5.712842
5.712672
5.712672
5.712672
5.712672
5.712672
5.712391
5.712391
5.712391
5.712391
5.712391
5.712606
5.712606
5.712606
5.712606
5.712606
5.711832
5.711832
5.711832
5.711832
5.711832
5.711738
5.711738
5.711738
5.711738
5.711738
5.711997
5.711997
5.711997
5.711997
5.711997
5.712195
5.712195
5.712195
5.712195
5.712195
5.712191
5.712191
5.712191
5.712191
5.712191
5.712491
5.712491
5.712491
5.712491
5.712491
5.711436
5.711436
5.711436
5.711436
5.711436
5.711306
5.711306
5.711306
5.711306
5.711306
5.711918
5.711918
5.711918
5.711918
5.711918
5.712023
5.712023
5.712023
5.712023
5.712023
5.712083
5.712083
5.712083
5.712083
5.712083
5.712203
5.712203
5.712203
5.712203
5.712203
5.711218
5.711218
5.711218
5.711218
5.711218
5.711243
5.711243
5.711243
5.711243
5.711243
5.712298
5.712298
5.712298
5.712298
5.712298
5.712145
5.712145
5.712145
5.712145
5.712145
5.712146
5.712146
5.712146
5.712146
5.712146
5.712305
5.712305
5.712305
5.712305
5.712305
5.711247
5.711247
5.711247
5.711247
5.711247
5.711218
5.711218
5.711218
5.711218
5.711218
5.712193
5.712193
5.712193
5.712193
5.712193
5.712083
5.712083
5.712083
5.712083
5.712083
5.712021
5.712021
5.712021
5.712021
5.712021
5.711911
5.711911
5.711911
5.711911
5.711911
5.711314
5.711314
5.711314
5.711314
5.711314
5.711453
5.711453
5.711453
5.711453
5.711453
5.712507
5.712507
5.712507
5.712507
5.712507
5.7122
5.7122
5.7122
5.7122
5.7122
5.712199
5.712199
5.712199
5.712199
5.712199
5.711994
5.711994
5.711994
5.711994
5.711994
5.71174
5.71174
5.71174
5.71174
5.71174
5.711841
5.711841
5.711841
5.711841
5.711841
5.712617
5.712617
5.712617
5.712617
5.712617
5.712396
5.712396
5.712396
5.712396
5.712396
5.712673
5.712673
5.712673
5.712673
5.712673
5.712845
5.712845
5.712845
5.712845
5.712845
5.71227
5.71227
5.71227
5.71227
5.71227
5.711142
5.711142
5.711142
5.711142
5.711142
5.7105
5.7105
5.7105
5.7105
5.7105
5.711556
5.711556
5.711556
5.711556
5.711556
5.712109
5.712109
5.712109
5.712109
5.712109
5.712031
5.712031
5.712031
5.712031
5.712031
5.711894
5.711894
5.711894
5.711894
5.711894
5.712131
5.712131
5.712131
5.712131
5.712131
5.711334
5.711334
5.711334
5.711334
5.711334
5.711102
5.711102
5.711102
5.711102
5.711102
5.711263
5.711263
5.711263
5.711263
5.711263
5.711561
5.711561
5.711561
5.711561
5.711561
5.711657
5.711657
5.711657
5.711657
5.711657
5.711902
5.711902
5.711902
5.711902
5.711902
5.710839
5.710839
5.710839
5.710839
5.710839
5.710662
5.710662
5.710662
5.710662
5.710662
5.711303
5.711303
5.711303
5.711303
5.711303
5.71146
5.71146
5.71146
5.71146
5.71146
5.711553
5.711553
5.711553
5.711553
5.711553
5.711578
5.711578
5.711578
5.711578
5.711578
5.710644
5.710644
5.710644
5.710644
5.710644
5.710679
5.710679
5.710679
5.710679
5.710679
5.711766
5.711766
5.711766
5.711766
5.711766
5.711653
5.711653
5.711653
5.711653
5.711653
5.711655
5.711655
5.711655
5.711655
5.711655
5.711777
5.711777
5.711777
5.711777
5.711777
5.710687
5.710687
5.710687
5.710687
5.710687
5.710644
5.710644
5.710644
5.710644
5.710644
5.71157
5.71157
5.71157
5.71157
5.71157
5.711554
5.711554
5.711554
5.711554
5.711554
5.71146
5.71146
5.71146
5.71146
5.71146
5.711287
5.711287
5.711287
5.711287
5.711287
5.710672
5.710672
5.710672
5.710672
5.710672
5.710867
5.710867
5.710867
5.710867
5.710867
5.711932
5.711932
5.711932
5.711932
5.711932
5.711672
5.711672
5.711672
5.711672
5.711672
5.711569
5.711569
5.711569
5.711569
5.711569
5.711262
5.711262
5.711262
5.711262
5.711262
5.711105
5.711105
5.711105
5.711105
5.711105
5.711341
5.711341
5.711341
5.711341
5.711341
5.712137
5.712137
5.712137
5.712137
5.712137
5.711897
5.711897
5.711897
5.711897
5.711897
5.712032
5.712032
5.712032
5.712032
5.712032
5.712111
5.712111
5.712111
5.712111
5.712111
5.711557
5.711557
5.711557
5.711557
5.711557
5.710502
5.710502
5.710502
5.710502
5.710502
5.70987
5.70987
5.70987
5.70987
5.70987
5.710844
5.710844
5.710844
5.710844
5.710844
5.711374
5.711374
5.711374
5.711374
5.711374
5.711394
5.711394
5.711394
5.711394
5.711394
5.711319
5.711319
5.711319
5.711319
5.711319
5.711473
5.711473
5.711473
5.711473
5.711473
5.710737
5.710737
5.710737
5.710737
5.710737
5.710495
5.710495
5.710495
5.710495
5.710495
5.710663
5.710663
5.710663
5.710663
5.710663
5.710978
5.710978
5.710978
5.710978
5.710978
5.711095
5.711095
5.711095
5.711095
5.711095
5.711228
5.711228
5.711228
5.711228
5.711228
5.710244
5.710244
5.710244
5.710244
5.710244
5.71007
5.71007
5.71007
5.71007
5.71007
5.710773
5.710773
5.710773
5.710773
5.710773
5.710953
5.710953
5.710953
5.710953
5.710953
5.711014
5.711014
5.711014
5.711014
5.711014
5.710926
5.710926
5.710926
5.710926
5.710926
5.710102
5.710102
5.710102
5.710102
5.710102
5.710201
5.710201
5.710201
5.710201
5.710201
5.711332
5.711332
5.711332
5.711332
5.711332
5.71121
5.71121
5.71121
5.71121
5.71121
5.711213
5.711213
5.711213
5.711213
5.711213
5.711345
5.711345
5.711345
5.711345
5.711345
5.710212
5.710212
5.710212
5.710212
5.710212
5.710103
5.710103
5.710103
5.710103
5.710103
5.710918
5.710918
5.710918
5.710918
5.710918
5.711016
5.711016
5.711016
5.711016
5.711016
5.710951
5.710951
5.710951
5.710951
5.710951
5.710754
5.710754
5.710754
5.710754
5.710754
5.710075
5.710075
5.710075
5.710075
5.710075
5.710273
5.710273
5.710273
5.710273
5.710273
5.711268
5.711268
5.711268
5.711268
5.711268
5.711116
5.711116
5.711116
5.711116
5.711116
5.710987
5.710987
5.710987
5.710987
5.710987
5.710666
5.710666
5.710666
5.710666
5.710666
5.7105
5.7105
5.7105
5.7105
5.7105
5.710741
5.710741
5.710741
5.710741
5.710741
5.711474
5.711474
5.711474
5.711474
5.711474
5.711317
5.711317
5.711317
5.711317
5.711317
5.711392
5.711392
5.711392
5.711392
5.711392
5.711372
5.711372
5.711372
5.711372
5.711372
5.710842
5.710842
5.710842
5.710842
5.710842
5.709869
5.709869
5.709869
5.709869
5.709869
5.709213
5.709213
5.709213
5.709213
5.709213
5.710107
5.710107
5.710107
5.710107
5.710107
5.710667
5.710667
5.710667
5.710667
5.710667
5.710788
5.710788
5.710788
5.710788
5.710788
5.71072
5.71072
5.71072
5.71072
5.71072
5.71069
5.71069
5.71069
5.71069
5.71069
5.710091
5.710091
5.710091
5.710091
5.710091
5.709894
5.709894
5.709894
5.709894
5.709894
5.710147
5.710147
5.710147
5.710147
5.710147
5.710452
5.710452
5.710452
5.710452
5.710452
5.710529
5.710529
5.710529
5.710529
5.710529
5.71049
5.71049
5.71049
5.71049
5.71049
5.709657
5.709657
5.709657
5.709657
5.709657
5.70957
5.70957
5.70957
5.70957
5.70957
5.710328
5.710328
5.710328
5.710328
5.710328
5.71049
5.71049
5.71049
5.71049
5.71049
5.71051
5.71051
5.71051
5.71051
5.71051
5.710347
5.710347
5.710347
5.710347
5.710347
5.709551
5.709551
5.709551
5.709551
5.709551
5.709701
5.709701
5.709701
5.709701
5.709701
5.71088
5.71088
5.71088
5.71088
5.71088
5.710794
5.710794
5.710794
5.710794
5.710794
5.7108
5.7108
5.7108
5.7108
5.7108
5.710892
5.710892
5.710892
5.710892
5.710892
5.709712
5.709712
5.709712
5.709712
5.709712
5.709554
5.709554
5.709554
5.709554
5.709554
5.710338
5.710338
5.710338
5.710338
5.710338
5.710511
5.710511
5.710511
5.710511
5.710511
5.710487
5.710487
5.710487
5.710487
5.710487
5.71031
5.71031
5.71031
5.71031
5.71031
5.709567
5.709567
5.709567
5.709567
5.709567
5.709682
5.709682
5.709682
5.709682
5.709682
5.710529
5.710529
5.710529
5.710529
5.710529
5.710549
5.710549
5.710549
5.710549
5.710549
5.710459
5.710459
5.710459
5.710459
5.710459
5.710149
5.710149
5.710149
5.710149
5.710149
5.709897
5.709897
5.709897
5.709897
5.709897
5.710094
5.710094
5.710094
5.710094
5.710094
5.71069
5.71069
5.71069
5.71069
5.71069
5.710716
5.710716
5.710716
5.710716
5.710716
5.710784
5.710784
5.710784
5.710784
5.710784
5.710664
5.710664
5.710664
5.710664
5.710664
5.710104
5.710104
5.710104
5.710104
5.710104
5.70921
5.70921
5.70921
5.70921
5.70921
5.708649
5.708649
5.708649
5.708649
5.708649
5.709496
5.709496
5.709496
5.709496
5.709496
5.709965
5.709965
5.709965
5.709965
5.709965
5.71018
5.71018
5.71018
5.71018
5.71018
5.710129
5.710129
5.710129
5.710129
5.710129
5.709957
5.709957
5.709957
5.709957
5.709957
5.709588
5.709588
5.709588
5.709588
5.709588
5.70944
5.70944
5.70944
5.70944
5.70944
5.709677
5.709677
5.709677
5.709677
5.709677
5.70994
5.70994
5.70994
5.70994
5.70994
5.709971
5.709971
5.709971
5.709971
5.709971
5.709779
5.709779
5.709779
5.709779
5.709779
5.709273
5.709273
5.709273
5.709273
5.709273
5.709266
5.709266
5.709266
5.709266
5.709266
5.710028
5.710028
5.710028
5.710028
5.710028
5.710089
5.710089
5.710089
5.710089
5.710089
5.710039
5.710039
5.710039
5.710039
5.710039
5.709792
5.709792
5.709792
5.709792
5.709792
5.709148
5.709148
5.709148
5.709148
5.709148
5.709277
5.709277
5.709277
5.709277
5.709277
5.710329
5.710329
5.710329
5.710329
5.710329
5.710288
5.710288
5.710288
5.710288
5.710288
5.710292
5.710292
5.710292
5.710292
5.710292
5.710338
5.710338
5.710338
5.710338
5.710338
5.709285
5.709285
5.709285
5.709285
5.709285
5.70915
5.70915
5.70915
5.70915
5.70915
5.709782
5.709782
5.709782
5.709782
5.709782
5.710036
5.710036
5.710036
5.710036
5.710036
5.710082
5.710082
5.710082
5.710082
5.710082
5.709999
5.709999
5.709999
5.709999
5.709999
5.709257
5.709257
5.709257
5.709257
5.709257
5.709295
5.709295
5.709295
5.709295
5.709295
5.709816
5.709816
5.709816
5.709816
5.709816
5.709994
5.709994
5.709994
5.709994
5.709994
5.709949
5.709949
5.709949
5.709949
5.709949
5.709685
5.709685
5.709685
5.709685
5.709685
5.709442
5.709442
5.709442
5.709442
5.709442
5.709589
5.709589
5.709589
5.709589
5.709589
5.70995
5.70995
5.70995
5.70995
5.70995
5.710121
5.710121
5.710121
5.710121
5.710121
5.710172
5.710172
5.710172
5.710172
5.710172
5.70996
5.70996
5.70996
5.70996
5.70996
5.709491
5.709491
5.709491
5.709491
5.709491
5.708644
5.708644
5.708644
5.708644
5.708644
5.708001
5.708001
5.708001
5.708001
5.708001
5.708702
5.708702
5.708702
5.708702
5.708702
5.709122
5.709122
5.709122
5.709122
5.709122
5.709488
5.709488
5.709488
5.709488
5.709488
5.70941
5.70941
5.70941
5.70941
5.70941
5.709113
5.709113
5.709113
5.709113
5.709113
5.708987
5.708987
5.708987
5.708987
5.708987
5.708939
5.708939
5.708939
5.708939
5.708939
5.709074
5.709074
5.709074
5.709074
5.709074
5.709343
5.709343
5.709343
5.709343
5.709343
5.709251
5.709251
5.709251
5.709251
5.709251
5.708926
5.708926
5.708926
5.708926
5.708926
5.708713
5.708713
5.708713
5.708713
5.708713
5.708791
5.708791
5.708791
5.708791
5.708791
5.709464
5.709464
5.709464
5.709464
5.709464
5.709591
5.709591
5.709591
5.709591
5.709591
5.709444
5.709444
5.709444
5.709444
5.709444
5.709144
5.709144
5.709144
5.709144
5.709144
5.708624
5.708624
5.708624
5.708624
5.708624
5.708711
5.708711
5.708711
5.708711
5.708711
5.709487
5.709487
5.709487
5.709487
5.709487
5.709672
5.709672
5.709672
5.709672
5.709672
5.709678
5.709678
5.709678
5.709678
5.709678
5.709496
5.709496
5.709496
5.709496
5.709496
5.70872
5.70872
5.70872
5.70872
5.70872
5.708626
5.708626
5.708626
5.708626
5.708626
5.709134
5.709134
5.709134
5.709134
5.709134
5.709441
5.709441
5.709441
5.709441
5.709441
5.709579
5.709579
5.709579
5.709579
5.709579
5.709429
5.709429
5.709429
5.709429
5.709429
5.708781
5.708781
5.708781
5.708781
5.708781
5.70873
5.70873
5.70873
5.70873
5.70873
5.708967
5.708967
5.708967
5.708967
5.708967
5.709267
5.709267
5.709267
5.709267
5.709267
5.709356
5.709356
5.709356
5.709356
5.709356
5.709082
5.709082
5.709082
5.709082
5.709082
5.708942
5.708942
5.708942
5.708942
5.708942
5.708987
5.708987
5.708987
5.708987
5.708987
5.709105
5.709105
5.709105
5.709105
5.709105
5.709395
5.709395
5.709395
5.709395
5.709395
5.709478
5.709478
5.709478
5.709478
5.709478
5.709115
5.709115
5.709115
5.709115
5.709115
5.708697
5.708697
5.708697
5.708697
5.708697
5.707997
5.707997
5.707997
5.707997
5.707997
5.707541
5.707541
5.707541
5.707541
5.707541
5.708204
5.708204
5.708204
5.708204
5.708204
5.708481
5.708481
5.708481
5.708481
5.708481
5.708961
5.708961
5.708961
5.708961
5.708961
5.708934
5.708934
5.708934
5.708934
5.708934
5.708478
5.708478
5.708478
5.708478
5.708478
5.708784
5.708784
5.708784
5.708784
5.708784
5.708855
5.708855
5.708855
5.708855
5.708855
5.708856
5.708856
5.708856
5.708856
5.708856
5.708989
5.708989
5.708989
5.708989
5.708989
5.708861
5.708861
5.708861
5.708861
5.708861
5.708331
5.708331
5.708331
5.708331
5.708331
5.708634
5.708634
5.708634
5.708634
5.708634
5.708783
5.708783
5.708783
5.708783
5.708783
5.709219
5.709219
5.709219
5.709219
5.709219
5.709334
5.709334
5.709334
5.709334
5.709334
5.709174
5.709174
5.709174
5.709174
5.709174
5.708839
5.708839
5.708839
5.708839
5.708839
5.708574
5.708574
5.708574
5.708574
5.708574
5.708558
5.708558
5.708558
5.708558
5.708558
5.708766
5.708766
5.708766
5.708766
5.708766
5.709198
5.709198
5.709198
5.709198
5.709198
5.709195
5.709195
5.709195
5.709195
5.709195
5.708766
5.708766
5.708766
5.708766
5.708766
5.708562
5.708562
5.708562
5.708562
5.708562
5.708574
5.708574
5.708574
5.708574
5.708574
5.708834
5.708834
5.708834
5.708834
5.708834
5.709164
5.709164
5.709164
5.709164
5.709164
5.709314
5.709314
5.709314
5.709314
5.709314
5.709176
5.709176
5.709176
5.709176
5.709176
5.708766
5.708766
5.708766
5.708766
5.708766
5.708644
5.708644
5.708644
5.708644
5.708644
5.708363
5.708363
5.708363
5.708363
5.708363
5.708886
5.708886
5.708886
5.708886
5.708886
5.709008
5.709008
5.709008
5.709008
5.709008
5.708876
5.708876
5.708876
5.708876
5.708876
5.708862
5.708862
5.708862
5.708862
5.708862
5.708789
5.708789
5.708789
5.708789
5.708789
5.708477
5.708477
5.708477
5.708477
5.708477
5.708932
5.708932
5.708932
5.708932
5.708932
5.708959
5.708959
5.708959
5.708959
5.708959
5.70848
5.70848
5.70848
5.70848
5.70848
5.708203
5.708203
5.708203
5.708203
5.708203
5.707539
5.707539
5.707539
5.707539
5.707539
5.707006
5.707006
5.707006
5.707006
5.707006
5.707203
5.707203
5.707203
5.707203
5.707203
5.706404
5.706404
5.706404
5.706404
5.706404
5.707274
5.707274
5.707274
5.707274
5.707274
5.707183
5.707183
5.707183
5.707183
5.707183
5.707146
5.707146
5.707146
5.707146
5.707146
5.708503
5.708503
5.708503
5.708503
5.708503
5.708407
5.708407
5.708407
5.708407
5.708407
5.70742
5.70742
5.70742
5.70742
5.70742
5.707455
5.707455
5.707455
5.707455
5.707455
5.707165
5.707165
5.707165
5.707165
5.707165
5.70705
5.70705
5.70705
5.70705
5.70705
5.708349
5.708349
5.708349
5.708349
5.708349
5.708357
5.708357
5.708357
5.708357
5.708357
5.707482
5.707482
5.707482
5.707482
5.707482
5.707868
5.707868
5.707868
5.707868
5.707868
5.707624
5.707624
5.707624
5.707624
5.707624
5.707349
5.707349
5.707349
5.707349
5.707349
5.708154
5.708154
5.708154
5.708154
5.708154
5.708135
5.708135
5.708135
5.708135
5.708135
5.707065
5.707065
5.707065
5.707065
5.707065
5.707563
5.707563
5.707563
5.707563
5.707563
5.707557
5.707557
5.707557
5.707557
5.707557
5.70706
5.70706
5.70706
5.70706
5.70706
5.70814
5.70814
5.70814
5.70814
5.70814
5.708164
5.708164
5.708164
5.708164
5.708164
5.707358
5.707358
5.707358
5.707358
5.707358
5.707617
5.707617
5.707617
5.707617
5.707617
5.707853
5.707853
5.707853
5.707853
5.707853
5.707463
5.707463
5.707463
5.707463
5.707463
5.708345
5.708345
5.708345
5.708345
5.708345
5.708356
5.708356
5.708356
5.708356
5.708356
5.707069
5.707069
5.707069
5.707069
5.707069
5.707194
5.707194
5.707194
5.707194
5.707194
5.707483
5.707483
5.707483
5.707483
5.707483
5.707438
5.707438
5.707438
5.707438
5.707438
5.708418
5.708418
5.708418
5.708418
5.708418
5.708518
5.708518
5.708518
5.708518
5.708518
5.707161
5.707161
5.707161
5.707161
5.707161
5.707189
5.707189
5.707189
5.707189
5.707189
5.707279
5.707279
5.707279
5.707279
5.707279
5.706411
5.706411
5.706411
5.706411
5.706411
5.707207
5.707207
5.707207
5.707207
5.707207
5.707009
5.707009
5.707009
5.707009
5.707009
)
;

boundaryField
{
    electrolyteSides
    {
        type            zeroGradient;
    }
    electrolyte_to_fuel
    {
        type            zeroGradient;
    }
    electrolyte_to_air
    {
        type            zeroGradient;
    }
}


// ************************************************************************* //
