/*--------------------------------*- C++ -*----------------------------------*\
| =========                 |                                                 |
| \\      /  F ield         | OpenFOAM: The Open Source CFD Toolbox           |
|  \\    /   O peration     | Version:  4.0                                   |
|   \\  /    A nd           | Web:      www.OpenFOAM.org                      |
|    \\/     M anipulation  |                                                 |
\*---------------------------------------------------------------------------*/
FoamFile
{
    version     2.0;
    format      ascii;
    class       volScalarField;
    location    "60/electrolyte";
    object      concMe;
}
// * * * * * * * * * * * * * * * * * * * * * * * * * * * * * * * * * * * * * //

dimensions      [0 -3 0 0 1 0 0];

internalField   nonuniform List<scalar> 
4840
(
28.83128
28.83128
28.83128
28.83128
28.83128
28.83015
28.83015
28.83015
28.83015
28.83015
28.82922
28.82922
28.82922
28.82922
28.82922
28.82934
28.82934
28.82934
28.82934
28.82934
28.83007
28.83007
28.83007
28.83007
28.83007
28.82991
28.82991
28.82991
28.82991
28.82991
28.83115
28.83115
28.83115
28.83115
28.83115
28.83097
28.83097
28.83097
28.83097
28.83097
28.82998
28.82998
28.82998
28.82998
28.82998
28.83139
28.83139
28.83139
28.83139
28.83139
28.83154
28.83154
28.83154
28.83154
28.83154
28.83052
28.83052
28.83052
28.83052
28.83052
28.83162
28.83162
28.83162
28.83162
28.83162
28.83149
28.83149
28.83149
28.83149
28.83149
28.83042
28.83042
28.83042
28.83042
28.83042
28.83179
28.83179
28.83179
28.83179
28.83179
28.83173
28.83173
28.83173
28.83173
28.83173
28.83056
28.83056
28.83056
28.83056
28.83056
28.83166
28.83166
28.83166
28.83166
28.83166
28.8316
28.8316
28.8316
28.8316
28.8316
28.83052
28.83052
28.83052
28.83052
28.83052
28.83175
28.83175
28.83175
28.83175
28.83175
28.83175
28.83175
28.83175
28.83175
28.83175
28.83052
28.83052
28.83052
28.83052
28.83052
28.8316
28.8316
28.8316
28.8316
28.8316
28.83167
28.83167
28.83167
28.83167
28.83167
28.83057
28.83057
28.83057
28.83057
28.83057
28.83174
28.83174
28.83174
28.83174
28.83174
28.83179
28.83179
28.83179
28.83179
28.83179
28.83042
28.83042
28.83042
28.83042
28.83042
28.8315
28.8315
28.8315
28.8315
28.8315
28.83161
28.83161
28.83161
28.83161
28.83161
28.83052
28.83052
28.83052
28.83052
28.83052
28.83154
28.83154
28.83154
28.83154
28.83154
28.8314
28.8314
28.8314
28.8314
28.8314
28.82998
28.82998
28.82998
28.82998
28.82998
28.83098
28.83098
28.83098
28.83098
28.83098
28.83116
28.83116
28.83116
28.83116
28.83116
28.82992
28.82992
28.82992
28.82992
28.82992
28.83008
28.83008
28.83008
28.83008
28.83008
28.82934
28.82934
28.82934
28.82934
28.82934
28.82924
28.82924
28.82924
28.82924
28.82924
28.83016
28.83016
28.83016
28.83016
28.83016
28.83128
28.83128
28.83128
28.83128
28.83128
28.83254
28.83254
28.83254
28.83254
28.83254
28.83274
28.83274
28.83274
28.83274
28.83274
28.83681
28.83681
28.83681
28.83681
28.83681
28.83841
28.83841
28.83841
28.83841
28.83841
28.83896
28.83896
28.83896
28.83896
28.83896
28.83879
28.83879
28.83879
28.83879
28.83879
28.83631
28.83631
28.83631
28.83631
28.83631
28.83648
28.83648
28.83648
28.83648
28.83648
28.83942
28.83942
28.83942
28.83942
28.83942
28.84058
28.84058
28.84058
28.84058
28.84058
28.8407
28.8407
28.8407
28.8407
28.8407
28.83982
28.83982
28.83982
28.83982
28.83982
28.83727
28.83727
28.83727
28.83727
28.83727
28.83715
28.83715
28.83715
28.83715
28.83715
28.83985
28.83985
28.83985
28.83985
28.83985
28.8409
28.8409
28.8409
28.8409
28.8409
28.84091
28.84091
28.84091
28.84091
28.84091
28.83993
28.83993
28.83993
28.83993
28.83993
28.83739
28.83739
28.83739
28.83739
28.83739
28.83726
28.83726
28.83726
28.83726
28.83726
28.8399
28.8399
28.8399
28.8399
28.8399
28.84095
28.84095
28.84095
28.84095
28.84095
28.84094
28.84094
28.84094
28.84094
28.84094
28.8399
28.8399
28.8399
28.8399
28.8399
28.83727
28.83727
28.83727
28.83727
28.83727
28.83739
28.83739
28.83739
28.83739
28.83739
28.83994
28.83994
28.83994
28.83994
28.83994
28.84091
28.84091
28.84091
28.84091
28.84091
28.8409
28.8409
28.8409
28.8409
28.8409
28.83985
28.83985
28.83985
28.83985
28.83985
28.83715
28.83715
28.83715
28.83715
28.83715
28.83727
28.83727
28.83727
28.83727
28.83727
28.83982
28.83982
28.83982
28.83982
28.83982
28.8407
28.8407
28.8407
28.8407
28.8407
28.84058
28.84058
28.84058
28.84058
28.84058
28.83942
28.83942
28.83942
28.83942
28.83942
28.83648
28.83648
28.83648
28.83648
28.83648
28.83632
28.83632
28.83632
28.83632
28.83632
28.8388
28.8388
28.8388
28.8388
28.8388
28.83897
28.83897
28.83897
28.83897
28.83897
28.83841
28.83841
28.83841
28.83841
28.83841
28.83681
28.83681
28.83681
28.83681
28.83681
28.83275
28.83275
28.83275
28.83275
28.83275
28.83255
28.83255
28.83255
28.83255
28.83255
28.83753
28.83753
28.83753
28.83753
28.83753
28.83763
28.83763
28.83763
28.83763
28.83763
28.84077
28.84077
28.84077
28.84077
28.84077
28.84013
28.84013
28.84013
28.84013
28.84013
28.83967
28.83967
28.83967
28.83967
28.83967
28.84011
28.84011
28.84011
28.84011
28.84011
28.83883
28.83883
28.83883
28.83883
28.83883
28.83928
28.83928
28.83928
28.83928
28.83928
28.84119
28.84119
28.84119
28.84119
28.84119
28.84066
28.84066
28.84066
28.84066
28.84066
28.84065
28.84065
28.84065
28.84065
28.84065
28.84122
28.84122
28.84122
28.84122
28.84122
28.83969
28.83969
28.83969
28.83969
28.83969
28.83951
28.83951
28.83951
28.83951
28.83951
28.84125
28.84125
28.84125
28.84125
28.84125
28.84075
28.84075
28.84075
28.84075
28.84075
28.84074
28.84074
28.84074
28.84074
28.84074
28.84136
28.84136
28.84136
28.84136
28.84136
28.83975
28.83975
28.83975
28.83975
28.83975
28.83964
28.83964
28.83964
28.83964
28.83964
28.84131
28.84131
28.84131
28.84131
28.84131
28.84077
28.84077
28.84077
28.84077
28.84077
28.84077
28.84077
28.84077
28.84077
28.84077
28.84131
28.84131
28.84131
28.84131
28.84131
28.83964
28.83964
28.83964
28.83964
28.83964
28.83975
28.83975
28.83975
28.83975
28.83975
28.84136
28.84136
28.84136
28.84136
28.84136
28.84075
28.84075
28.84075
28.84075
28.84075
28.84076
28.84076
28.84076
28.84076
28.84076
28.84125
28.84125
28.84125
28.84125
28.84125
28.83951
28.83951
28.83951
28.83951
28.83951
28.83969
28.83969
28.83969
28.83969
28.83969
28.84122
28.84122
28.84122
28.84122
28.84122
28.84065
28.84065
28.84065
28.84065
28.84065
28.84066
28.84066
28.84066
28.84066
28.84066
28.8412
28.8412
28.8412
28.8412
28.8412
28.83927
28.83927
28.83927
28.83927
28.83927
28.83884
28.83884
28.83884
28.83884
28.83884
28.84012
28.84012
28.84012
28.84012
28.84012
28.83967
28.83967
28.83967
28.83967
28.83967
28.84014
28.84014
28.84014
28.84014
28.84014
28.84078
28.84078
28.84078
28.84078
28.84078
28.83763
28.83763
28.83763
28.83763
28.83763
28.83753
28.83753
28.83753
28.83753
28.83753
28.83879
28.83879
28.83879
28.83879
28.83879
28.83926
28.83926
28.83926
28.83926
28.83926
28.84051
28.84051
28.84051
28.84051
28.84051
28.83966
28.83966
28.83966
28.83966
28.83966
28.83866
28.83866
28.83866
28.83866
28.83866
28.83911
28.83911
28.83911
28.83911
28.83911
28.83777
28.83777
28.83777
28.83777
28.83777
28.83841
28.83841
28.83841
28.83841
28.83841
28.83982
28.83982
28.83982
28.83982
28.83982
28.8393
28.8393
28.8393
28.8393
28.8393
28.83921
28.83921
28.83921
28.83921
28.83921
28.83974
28.83974
28.83974
28.83974
28.83974
28.83833
28.83833
28.83833
28.83833
28.83833
28.8385
28.8385
28.8385
28.8385
28.8385
28.83981
28.83981
28.83981
28.83981
28.83981
28.83932
28.83932
28.83932
28.83932
28.83932
28.83928
28.83928
28.83928
28.83928
28.83928
28.83985
28.83985
28.83985
28.83985
28.83985
28.83846
28.83846
28.83846
28.83846
28.83846
28.83849
28.83849
28.83849
28.83849
28.83849
28.83981
28.83981
28.83981
28.83981
28.83981
28.83931
28.83931
28.83931
28.83931
28.83931
28.83931
28.83931
28.83931
28.83931
28.83931
28.83981
28.83981
28.83981
28.83981
28.83981
28.83848
28.83848
28.83848
28.83848
28.83848
28.83847
28.83847
28.83847
28.83847
28.83847
28.83986
28.83986
28.83986
28.83986
28.83986
28.83928
28.83928
28.83928
28.83928
28.83928
28.83932
28.83932
28.83932
28.83932
28.83932
28.83981
28.83981
28.83981
28.83981
28.83981
28.8385
28.8385
28.8385
28.8385
28.8385
28.83833
28.83833
28.83833
28.83833
28.83833
28.83974
28.83974
28.83974
28.83974
28.83974
28.83922
28.83922
28.83922
28.83922
28.83922
28.8393
28.8393
28.8393
28.8393
28.8393
28.83983
28.83983
28.83983
28.83983
28.83983
28.83841
28.83841
28.83841
28.83841
28.83841
28.83778
28.83778
28.83778
28.83778
28.83778
28.83912
28.83912
28.83912
28.83912
28.83912
28.83866
28.83866
28.83866
28.83866
28.83866
28.83967
28.83967
28.83967
28.83967
28.83967
28.84052
28.84052
28.84052
28.84052
28.84052
28.83927
28.83927
28.83927
28.83927
28.83927
28.83879
28.83879
28.83879
28.83879
28.83879
28.83802
28.83802
28.83802
28.83802
28.83802
28.83891
28.83891
28.83891
28.83891
28.83891
28.83965
28.83965
28.83965
28.83965
28.83965
28.83892
28.83892
28.83892
28.83892
28.83892
28.8378
28.8378
28.8378
28.8378
28.8378
28.83827
28.83827
28.83827
28.83827
28.83827
28.83716
28.83716
28.83716
28.83716
28.83716
28.83782
28.83782
28.83782
28.83782
28.83782
28.83884
28.83884
28.83884
28.83884
28.83884
28.83833
28.83833
28.83833
28.83833
28.83833
28.83822
28.83822
28.83822
28.83822
28.83822
28.83865
28.83865
28.83865
28.83865
28.83865
28.83761
28.83761
28.83761
28.83761
28.83761
28.83787
28.83787
28.83787
28.83787
28.83787
28.83882
28.83882
28.83882
28.83882
28.83882
28.83831
28.83831
28.83831
28.83831
28.83831
28.83827
28.83827
28.83827
28.83827
28.83827
28.83875
28.83875
28.83875
28.83875
28.83875
28.83771
28.83771
28.83771
28.83771
28.83771
28.83782
28.83782
28.83782
28.83782
28.83782
28.83879
28.83879
28.83879
28.83879
28.83879
28.83828
28.83828
28.83828
28.83828
28.83828
28.83828
28.83828
28.83828
28.83828
28.83828
28.83879
28.83879
28.83879
28.83879
28.83879
28.83782
28.83782
28.83782
28.83782
28.83782
28.83772
28.83772
28.83772
28.83772
28.83772
28.83876
28.83876
28.83876
28.83876
28.83876
28.83828
28.83828
28.83828
28.83828
28.83828
28.83831
28.83831
28.83831
28.83831
28.83831
28.83882
28.83882
28.83882
28.83882
28.83882
28.83787
28.83787
28.83787
28.83787
28.83787
28.83762
28.83762
28.83762
28.83762
28.83762
28.83865
28.83865
28.83865
28.83865
28.83865
28.83822
28.83822
28.83822
28.83822
28.83822
28.83834
28.83834
28.83834
28.83834
28.83834
28.83885
28.83885
28.83885
28.83885
28.83885
28.83783
28.83783
28.83783
28.83783
28.83783
28.83717
28.83717
28.83717
28.83717
28.83717
28.83828
28.83828
28.83828
28.83828
28.83828
28.83781
28.83781
28.83781
28.83781
28.83781
28.83892
28.83892
28.83892
28.83892
28.83892
28.83966
28.83966
28.83966
28.83966
28.83966
28.83891
28.83891
28.83891
28.83891
28.83891
28.83802
28.83802
28.83802
28.83802
28.83802
28.83701
28.83701
28.83701
28.83701
28.83701
28.8381
28.8381
28.8381
28.8381
28.8381
28.83862
28.83862
28.83862
28.83862
28.83862
28.83801
28.83801
28.83801
28.83801
28.83801
28.8368
28.8368
28.8368
28.8368
28.8368
28.83728
28.83728
28.83728
28.83728
28.83728
28.83584
28.83584
28.83584
28.83584
28.83584
28.83672
28.83672
28.83672
28.83672
28.83672
28.8377
28.8377
28.8377
28.8377
28.8377
28.83728
28.83728
28.83728
28.83728
28.83728
28.83711
28.83711
28.83711
28.83711
28.83711
28.83744
28.83744
28.83744
28.83744
28.83744
28.83627
28.83627
28.83627
28.83627
28.83627
28.83662
28.83662
28.83662
28.83662
28.83662
28.83764
28.83764
28.83764
28.83764
28.83764
28.83718
28.83718
28.83718
28.83718
28.83718
28.83713
28.83713
28.83713
28.83713
28.83713
28.83751
28.83751
28.83751
28.83751
28.83751
28.83637
28.83637
28.83637
28.83637
28.83637
28.83651
28.83651
28.83651
28.83651
28.83651
28.83762
28.83762
28.83762
28.83762
28.83762
28.83715
28.83715
28.83715
28.83715
28.83715
28.83715
28.83715
28.83715
28.83715
28.83715
28.83761
28.83761
28.83761
28.83761
28.83761
28.83651
28.83651
28.83651
28.83651
28.83651
28.83638
28.83638
28.83638
28.83638
28.83638
28.83751
28.83751
28.83751
28.83751
28.83751
28.83714
28.83714
28.83714
28.83714
28.83714
28.83718
28.83718
28.83718
28.83718
28.83718
28.83764
28.83764
28.83764
28.83764
28.83764
28.83662
28.83662
28.83662
28.83662
28.83662
28.83628
28.83628
28.83628
28.83628
28.83628
28.83744
28.83744
28.83744
28.83744
28.83744
28.83711
28.83711
28.83711
28.83711
28.83711
28.83729
28.83729
28.83729
28.83729
28.83729
28.83771
28.83771
28.83771
28.83771
28.83771
28.83673
28.83673
28.83673
28.83673
28.83673
28.83585
28.83585
28.83585
28.83585
28.83585
28.83728
28.83728
28.83728
28.83728
28.83728
28.83681
28.83681
28.83681
28.83681
28.83681
28.83802
28.83802
28.83802
28.83802
28.83802
28.83863
28.83863
28.83863
28.83863
28.83863
28.83811
28.83811
28.83811
28.83811
28.83811
28.83702
28.83702
28.83702
28.83702
28.83702
28.83579
28.83579
28.83579
28.83579
28.83579
28.83702
28.83702
28.83702
28.83702
28.83702
28.83754
28.83754
28.83754
28.83754
28.83754
28.83706
28.83706
28.83706
28.83706
28.83706
28.83584
28.83584
28.83584
28.83584
28.83584
28.83628
28.83628
28.83628
28.83628
28.83628
28.83488
28.83488
28.83488
28.83488
28.83488
28.83589
28.83589
28.83589
28.83589
28.83589
28.8367
28.8367
28.8367
28.8367
28.8367
28.83634
28.83634
28.83634
28.83634
28.83634
28.8361
28.8361
28.8361
28.8361
28.8361
28.83642
28.83642
28.83642
28.83642
28.83642
28.83524
28.83524
28.83524
28.83524
28.83524
28.83559
28.83559
28.83559
28.83559
28.83559
28.8366
28.8366
28.8366
28.8366
28.8366
28.83617
28.83617
28.83617
28.83617
28.83617
28.83612
28.83612
28.83612
28.83612
28.83612
28.83649
28.83649
28.83649
28.83649
28.83649
28.83536
28.83536
28.83536
28.83536
28.83536
28.83545
28.83545
28.83545
28.83545
28.83545
28.83655
28.83655
28.83655
28.83655
28.83655
28.83612
28.83612
28.83612
28.83612
28.83612
28.83612
28.83612
28.83612
28.83612
28.83612
28.83655
28.83655
28.83655
28.83655
28.83655
28.83546
28.83546
28.83546
28.83546
28.83546
28.83536
28.83536
28.83536
28.83536
28.83536
28.83649
28.83649
28.83649
28.83649
28.83649
28.83612
28.83612
28.83612
28.83612
28.83612
28.83617
28.83617
28.83617
28.83617
28.83617
28.8366
28.8366
28.8366
28.8366
28.8366
28.83559
28.83559
28.83559
28.83559
28.83559
28.83525
28.83525
28.83525
28.83525
28.83525
28.83643
28.83643
28.83643
28.83643
28.83643
28.83611
28.83611
28.83611
28.83611
28.83611
28.83634
28.83634
28.83634
28.83634
28.83634
28.83671
28.83671
28.83671
28.83671
28.83671
28.8359
28.8359
28.8359
28.8359
28.8359
28.8349
28.8349
28.8349
28.8349
28.8349
28.83628
28.83628
28.83628
28.83628
28.83628
28.83584
28.83584
28.83584
28.83584
28.83584
28.83706
28.83706
28.83706
28.83706
28.83706
28.83755
28.83755
28.83755
28.83755
28.83755
28.83702
28.83702
28.83702
28.83702
28.83702
28.8358
28.8358
28.8358
28.8358
28.8358
28.83471
28.83471
28.83471
28.83471
28.83471
28.83608
28.83608
28.83608
28.83608
28.83608
28.83653
28.83653
28.83653
28.83653
28.83653
28.83612
28.83612
28.83612
28.83612
28.83612
28.83494
28.83494
28.83494
28.83494
28.83494
28.8353
28.8353
28.8353
28.8353
28.8353
28.83386
28.83386
28.83386
28.83386
28.83386
28.83497
28.83497
28.83497
28.83497
28.83497
28.83572
28.83572
28.83572
28.83572
28.83572
28.83539
28.83539
28.83539
28.83539
28.83539
28.83512
28.83512
28.83512
28.83512
28.83512
28.83547
28.83547
28.83547
28.83547
28.83547
28.83421
28.83421
28.83421
28.83421
28.83421
28.83453
28.83453
28.83453
28.83453
28.83453
28.83558
28.83558
28.83558
28.83558
28.83558
28.83519
28.83519
28.83519
28.83519
28.83519
28.83514
28.83514
28.83514
28.83514
28.83514
28.83555
28.83555
28.83555
28.83555
28.83555
28.83438
28.83438
28.83438
28.83438
28.83438
28.83436
28.83436
28.83436
28.83436
28.83436
28.83544
28.83544
28.83544
28.83544
28.83544
28.83509
28.83509
28.83509
28.83509
28.83509
28.83509
28.83509
28.83509
28.83509
28.83509
28.83544
28.83544
28.83544
28.83544
28.83544
28.83436
28.83436
28.83436
28.83436
28.83436
28.83438
28.83438
28.83438
28.83438
28.83438
28.83555
28.83555
28.83555
28.83555
28.83555
28.83514
28.83514
28.83514
28.83514
28.83514
28.83519
28.83519
28.83519
28.83519
28.83519
28.83558
28.83558
28.83558
28.83558
28.83558
28.83453
28.83453
28.83453
28.83453
28.83453
28.83422
28.83422
28.83422
28.83422
28.83422
28.83548
28.83548
28.83548
28.83548
28.83548
28.83512
28.83512
28.83512
28.83512
28.83512
28.8354
28.8354
28.8354
28.8354
28.8354
28.83574
28.83574
28.83574
28.83574
28.83574
28.83498
28.83498
28.83498
28.83498
28.83498
28.83387
28.83387
28.83387
28.83387
28.83387
28.8353
28.8353
28.8353
28.8353
28.8353
28.83494
28.83494
28.83494
28.83494
28.83494
28.83613
28.83613
28.83613
28.83613
28.83613
28.83653
28.83653
28.83653
28.83653
28.83653
28.83609
28.83609
28.83609
28.83609
28.83609
28.83472
28.83472
28.83472
28.83472
28.83472
28.83361
28.83361
28.83361
28.83361
28.83361
28.83511
28.83511
28.83511
28.83511
28.83511
28.83551
28.83551
28.83551
28.83551
28.83551
28.83515
28.83515
28.83515
28.83515
28.83515
28.83405
28.83405
28.83405
28.83405
28.83405
28.83438
28.83438
28.83438
28.83438
28.83438
28.83294
28.83294
28.83294
28.83294
28.83294
28.83404
28.83404
28.83404
28.83404
28.83404
28.83478
28.83478
28.83478
28.83478
28.83478
28.83448
28.83448
28.83448
28.83448
28.83448
28.83421
28.83421
28.83421
28.83421
28.83421
28.83463
28.83463
28.83463
28.83463
28.83463
28.83331
28.83331
28.83331
28.83331
28.83331
28.83357
28.83357
28.83357
28.83357
28.83357
28.83463
28.83463
28.83463
28.83463
28.83463
28.83429
28.83429
28.83429
28.83429
28.83429
28.83423
28.83423
28.83423
28.83423
28.83423
28.83471
28.83471
28.83471
28.83471
28.83471
28.83347
28.83347
28.83347
28.83347
28.83347
28.83337
28.83337
28.83337
28.83337
28.83337
28.83449
28.83449
28.83449
28.83449
28.83449
28.83418
28.83418
28.83418
28.83418
28.83418
28.83418
28.83418
28.83418
28.83418
28.83418
28.83448
28.83448
28.83448
28.83448
28.83448
28.83338
28.83338
28.83338
28.83338
28.83338
28.83347
28.83347
28.83347
28.83347
28.83347
28.83472
28.83472
28.83472
28.83472
28.83472
28.83424
28.83424
28.83424
28.83424
28.83424
28.83429
28.83429
28.83429
28.83429
28.83429
28.83464
28.83464
28.83464
28.83464
28.83464
28.83357
28.83357
28.83357
28.83357
28.83357
28.83332
28.83332
28.83332
28.83332
28.83332
28.83463
28.83463
28.83463
28.83463
28.83463
28.83421
28.83421
28.83421
28.83421
28.83421
28.83449
28.83449
28.83449
28.83449
28.83449
28.83479
28.83479
28.83479
28.83479
28.83479
28.83404
28.83404
28.83404
28.83404
28.83404
28.83296
28.83296
28.83296
28.83296
28.83296
28.83439
28.83439
28.83439
28.83439
28.83439
28.83406
28.83406
28.83406
28.83406
28.83406
28.83516
28.83516
28.83516
28.83516
28.83516
28.83552
28.83552
28.83552
28.83552
28.83552
28.83512
28.83512
28.83512
28.83512
28.83512
28.83362
28.83362
28.83362
28.83362
28.83362
28.83256
28.83256
28.83256
28.83256
28.83256
28.83416
28.83416
28.83416
28.83416
28.83416
28.83451
28.83451
28.83451
28.83451
28.83451
28.8342
28.8342
28.8342
28.8342
28.8342
28.8332
28.8332
28.8332
28.8332
28.8332
28.83346
28.83346
28.83346
28.83346
28.83346
28.83207
28.83207
28.83207
28.83207
28.83207
28.83318
28.83318
28.83318
28.83318
28.83318
28.83393
28.83393
28.83393
28.83393
28.83393
28.83361
28.83361
28.83361
28.83361
28.83361
28.83337
28.83337
28.83337
28.83337
28.83337
28.83383
28.83383
28.83383
28.83383
28.83383
28.83249
28.83249
28.83249
28.83249
28.83249
28.83269
28.83269
28.83269
28.83269
28.83269
28.83376
28.83376
28.83376
28.83376
28.83376
28.83344
28.83344
28.83344
28.83344
28.83344
28.83339
28.83339
28.83339
28.83339
28.83339
28.83391
28.83391
28.83391
28.83391
28.83391
28.83259
28.83259
28.83259
28.83259
28.83259
28.83252
28.83252
28.83252
28.83252
28.83252
28.83366
28.83366
28.83366
28.83366
28.83366
28.83334
28.83334
28.83334
28.83334
28.83334
28.83334
28.83334
28.83334
28.83334
28.83334
28.83366
28.83366
28.83366
28.83366
28.83366
28.83253
28.83253
28.83253
28.83253
28.83253
28.83259
28.83259
28.83259
28.83259
28.83259
28.83392
28.83392
28.83392
28.83392
28.83392
28.8334
28.8334
28.8334
28.8334
28.8334
28.83344
28.83344
28.83344
28.83344
28.83344
28.83376
28.83376
28.83376
28.83376
28.83376
28.8327
28.8327
28.8327
28.8327
28.8327
28.83249
28.83249
28.83249
28.83249
28.83249
28.83383
28.83383
28.83383
28.83383
28.83383
28.83337
28.83337
28.83337
28.83337
28.83337
28.83362
28.83362
28.83362
28.83362
28.83362
28.83394
28.83394
28.83394
28.83394
28.83394
28.83318
28.83318
28.83318
28.83318
28.83318
28.83209
28.83209
28.83209
28.83209
28.83209
28.83347
28.83347
28.83347
28.83347
28.83347
28.8332
28.8332
28.8332
28.8332
28.8332
28.8342
28.8342
28.8342
28.8342
28.8342
28.83452
28.83452
28.83452
28.83452
28.83452
28.83417
28.83417
28.83417
28.83417
28.83417
28.83257
28.83257
28.83257
28.83257
28.83257
28.83156
28.83156
28.83156
28.83156
28.83156
28.83315
28.83315
28.83315
28.83315
28.83315
28.83353
28.83353
28.83353
28.83353
28.83353
28.83326
28.83326
28.83326
28.83326
28.83326
28.83238
28.83238
28.83238
28.83238
28.83238
28.83255
28.83255
28.83255
28.83255
28.83255
28.83126
28.83126
28.83126
28.83126
28.83126
28.83232
28.83232
28.83232
28.83232
28.83232
28.83319
28.83319
28.83319
28.83319
28.83319
28.83276
28.83276
28.83276
28.83276
28.83276
28.83255
28.83255
28.83255
28.83255
28.83255
28.833
28.833
28.833
28.833
28.833
28.83165
28.83165
28.83165
28.83165
28.83165
28.83188
28.83188
28.83188
28.83188
28.83188
28.83298
28.83298
28.83298
28.83298
28.83298
28.83262
28.83262
28.83262
28.83262
28.83262
28.83259
28.83259
28.83259
28.83259
28.83259
28.83312
28.83312
28.83312
28.83312
28.83312
28.83176
28.83176
28.83176
28.83176
28.83176
28.8317
28.8317
28.8317
28.8317
28.8317
28.83285
28.83285
28.83285
28.83285
28.83285
28.83251
28.83251
28.83251
28.83251
28.83251
28.83251
28.83251
28.83251
28.83251
28.83251
28.83285
28.83285
28.83285
28.83285
28.83285
28.83171
28.83171
28.83171
28.83171
28.83171
28.83176
28.83176
28.83176
28.83176
28.83176
28.83312
28.83312
28.83312
28.83312
28.83312
28.8326
28.8326
28.8326
28.8326
28.8326
28.83262
28.83262
28.83262
28.83262
28.83262
28.83298
28.83298
28.83298
28.83298
28.83298
28.83188
28.83188
28.83188
28.83188
28.83188
28.83166
28.83166
28.83166
28.83166
28.83166
28.83301
28.83301
28.83301
28.83301
28.83301
28.83256
28.83256
28.83256
28.83256
28.83256
28.83277
28.83277
28.83277
28.83277
28.83277
28.83321
28.83321
28.83321
28.83321
28.83321
28.83233
28.83233
28.83233
28.83233
28.83233
28.83127
28.83127
28.83127
28.83127
28.83127
28.83256
28.83256
28.83256
28.83256
28.83256
28.83238
28.83238
28.83238
28.83238
28.83238
28.83327
28.83327
28.83327
28.83327
28.83327
28.83354
28.83354
28.83354
28.83354
28.83354
28.83316
28.83316
28.83316
28.83316
28.83316
28.83157
28.83157
28.83157
28.83157
28.83157
28.83062
28.83062
28.83062
28.83062
28.83062
28.83216
28.83216
28.83216
28.83216
28.83216
28.83262
28.83262
28.83262
28.83262
28.83262
28.83237
28.83237
28.83237
28.83237
28.83237
28.8316
28.8316
28.8316
28.8316
28.8316
28.83172
28.83172
28.83172
28.83172
28.83172
28.8305
28.8305
28.8305
28.8305
28.8305
28.83145
28.83145
28.83145
28.83145
28.83145
28.83244
28.83244
28.83244
28.83244
28.83244
28.83194
28.83194
28.83194
28.83194
28.83194
28.83173
28.83173
28.83173
28.83173
28.83173
28.83213
28.83213
28.83213
28.83213
28.83213
28.83083
28.83083
28.83083
28.83083
28.83083
28.83107
28.83107
28.83107
28.83107
28.83107
28.83223
28.83223
28.83223
28.83223
28.83223
28.83177
28.83177
28.83177
28.83177
28.83177
28.83174
28.83174
28.83174
28.83174
28.83174
28.83223
28.83223
28.83223
28.83223
28.83223
28.83093
28.83093
28.83093
28.83093
28.83093
28.8309
28.8309
28.8309
28.8309
28.8309
28.83206
28.83206
28.83206
28.83206
28.83206
28.83168
28.83168
28.83168
28.83168
28.83168
28.83168
28.83168
28.83168
28.83168
28.83168
28.83206
28.83206
28.83206
28.83206
28.83206
28.8309
28.8309
28.8309
28.8309
28.8309
28.83093
28.83093
28.83093
28.83093
28.83093
28.83224
28.83224
28.83224
28.83224
28.83224
28.83175
28.83175
28.83175
28.83175
28.83175
28.83177
28.83177
28.83177
28.83177
28.83177
28.83222
28.83222
28.83222
28.83222
28.83222
28.83107
28.83107
28.83107
28.83107
28.83107
28.83084
28.83084
28.83084
28.83084
28.83084
28.83214
28.83214
28.83214
28.83214
28.83214
28.83174
28.83174
28.83174
28.83174
28.83174
28.83195
28.83195
28.83195
28.83195
28.83195
28.83247
28.83247
28.83247
28.83247
28.83247
28.83147
28.83147
28.83147
28.83147
28.83147
28.8305
28.8305
28.8305
28.8305
28.8305
28.83172
28.83172
28.83172
28.83172
28.83172
28.8316
28.8316
28.8316
28.8316
28.8316
28.83238
28.83238
28.83238
28.83238
28.83238
28.83263
28.83263
28.83263
28.83263
28.83263
28.83217
28.83217
28.83217
28.83217
28.83217
28.83063
28.83063
28.83063
28.83063
28.83063
28.82975
28.82975
28.82975
28.82975
28.82975
28.83124
28.83124
28.83124
28.83124
28.83124
28.83178
28.83178
28.83178
28.83178
28.83178
28.83152
28.83152
28.83152
28.83152
28.83152
28.83084
28.83084
28.83084
28.83084
28.83084
28.831
28.831
28.831
28.831
28.831
28.82981
28.82981
28.82981
28.82981
28.82981
28.83051
28.83051
28.83051
28.83051
28.83051
28.83148
28.83148
28.83148
28.83148
28.83148
28.83106
28.83106
28.83106
28.83106
28.83106
28.83087
28.83087
28.83087
28.83087
28.83087
28.83123
28.83123
28.83123
28.83123
28.83123
28.82997
28.82997
28.82997
28.82997
28.82997
28.83016
28.83016
28.83016
28.83016
28.83016
28.83127
28.83127
28.83127
28.83127
28.83127
28.83081
28.83081
28.83081
28.83081
28.83081
28.83075
28.83075
28.83075
28.83075
28.83075
28.83113
28.83113
28.83113
28.83113
28.83113
28.83003
28.83003
28.83003
28.83003
28.83003
28.83007
28.83007
28.83007
28.83007
28.83007
28.83123
28.83123
28.83123
28.83123
28.83123
28.83081
28.83081
28.83081
28.83081
28.83081
28.83081
28.83081
28.83081
28.83081
28.83081
28.83123
28.83123
28.83123
28.83123
28.83123
28.83007
28.83007
28.83007
28.83007
28.83007
28.83003
28.83003
28.83003
28.83003
28.83003
28.83114
28.83114
28.83114
28.83114
28.83114
28.83076
28.83076
28.83076
28.83076
28.83076
28.83082
28.83082
28.83082
28.83082
28.83082
28.83127
28.83127
28.83127
28.83127
28.83127
28.83016
28.83016
28.83016
28.83016
28.83016
28.82997
28.82997
28.82997
28.82997
28.82997
28.83124
28.83124
28.83124
28.83124
28.83124
28.83087
28.83087
28.83087
28.83087
28.83087
28.83107
28.83107
28.83107
28.83107
28.83107
28.8315
28.8315
28.8315
28.8315
28.8315
28.83052
28.83052
28.83052
28.83052
28.83052
28.82981
28.82981
28.82981
28.82981
28.82981
28.83099
28.83099
28.83099
28.83099
28.83099
28.83084
28.83084
28.83084
28.83084
28.83084
28.83153
28.83153
28.83153
28.83153
28.83153
28.83178
28.83178
28.83178
28.83178
28.83178
28.83124
28.83124
28.83124
28.83124
28.83124
28.82976
28.82976
28.82976
28.82976
28.82976
28.82895
28.82895
28.82895
28.82895
28.82895
28.8304
28.8304
28.8304
28.8304
28.8304
28.83099
28.83099
28.83099
28.83099
28.83099
28.8307
28.8307
28.8307
28.8307
28.8307
28.83013
28.83013
28.83013
28.83013
28.83013
28.83045
28.83045
28.83045
28.83045
28.83045
28.82931
28.82931
28.82931
28.82931
28.82931
28.82961
28.82961
28.82961
28.82961
28.82961
28.83033
28.83033
28.83033
28.83033
28.83033
28.83014
28.83014
28.83014
28.83014
28.83014
28.83006
28.83006
28.83006
28.83006
28.83006
28.83051
28.83051
28.83051
28.83051
28.83051
28.82929
28.82929
28.82929
28.82929
28.82929
28.82925
28.82925
28.82925
28.82925
28.82925
28.82998
28.82998
28.82998
28.82998
28.82998
28.82975
28.82975
28.82975
28.82975
28.82975
28.8297
28.8297
28.8297
28.8297
28.8297
28.82997
28.82997
28.82997
28.82997
28.82997
28.8291
28.8291
28.8291
28.8291
28.8291
28.82926
28.82926
28.82926
28.82926
28.82926
28.83042
28.83042
28.83042
28.83042
28.83042
28.82996
28.82996
28.82996
28.82996
28.82996
28.82995
28.82995
28.82995
28.82995
28.82995
28.83041
28.83041
28.83041
28.83041
28.83041
28.82926
28.82926
28.82926
28.82926
28.82926
28.8291
28.8291
28.8291
28.8291
28.8291
28.82998
28.82998
28.82998
28.82998
28.82998
28.82971
28.82971
28.82971
28.82971
28.82971
28.82976
28.82976
28.82976
28.82976
28.82976
28.83
28.83
28.83
28.83
28.83
28.82925
28.82925
28.82925
28.82925
28.82925
28.82928
28.82928
28.82928
28.82928
28.82928
28.8305
28.8305
28.8305
28.8305
28.8305
28.83006
28.83006
28.83006
28.83006
28.83006
28.83015
28.83015
28.83015
28.83015
28.83015
28.83034
28.83034
28.83034
28.83034
28.83034
28.82962
28.82962
28.82962
28.82962
28.82962
28.82931
28.82931
28.82931
28.82931
28.82931
28.83045
28.83045
28.83045
28.83045
28.83045
28.83013
28.83013
28.83013
28.83013
28.83013
28.8307
28.8307
28.8307
28.8307
28.8307
28.831
28.831
28.831
28.831
28.831
28.83041
28.83041
28.83041
28.83041
28.83041
28.82895
28.82895
28.82895
28.82895
28.82895
28.82807
28.82807
28.82807
28.82807
28.82807
28.82948
28.82948
28.82948
28.82948
28.82948
28.83006
28.83006
28.83006
28.83006
28.83006
28.82974
28.82974
28.82974
28.82974
28.82974
28.82933
28.82933
28.82933
28.82933
28.82933
28.82979
28.82979
28.82979
28.82979
28.82979
28.82871
28.82871
28.82871
28.82871
28.82871
28.82872
28.82872
28.82872
28.82872
28.82872
28.82914
28.82914
28.82914
28.82914
28.82914
28.82917
28.82917
28.82917
28.82917
28.82917
28.82932
28.82932
28.82932
28.82932
28.82932
28.83001
28.83001
28.83001
28.83001
28.83001
28.82876
28.82876
28.82876
28.82876
28.82876
28.82837
28.82837
28.82837
28.82837
28.82837
28.82866
28.82866
28.82866
28.82866
28.82866
28.82871
28.82871
28.82871
28.82871
28.82871
28.82871
28.82871
28.82871
28.82871
28.82871
28.8289
28.8289
28.8289
28.8289
28.8289
28.82816
28.82816
28.82816
28.82816
28.82816
28.82843
28.82843
28.82843
28.82843
28.82843
28.82959
28.82959
28.82959
28.82959
28.82959
28.82911
28.82911
28.82911
28.82911
28.82911
28.8291
28.8291
28.8291
28.8291
28.8291
28.82958
28.82958
28.82958
28.82958
28.82958
28.82842
28.82842
28.82842
28.82842
28.82842
28.82817
28.82817
28.82817
28.82817
28.82817
28.8289
28.8289
28.8289
28.8289
28.8289
28.82872
28.82872
28.82872
28.82872
28.82872
28.82871
28.82871
28.82871
28.82871
28.82871
28.82868
28.82868
28.82868
28.82868
28.82868
28.82837
28.82837
28.82837
28.82837
28.82837
28.82875
28.82875
28.82875
28.82875
28.82875
28.83
28.83
28.83
28.83
28.83
28.82932
28.82932
28.82932
28.82932
28.82932
28.82918
28.82918
28.82918
28.82918
28.82918
28.82916
28.82916
28.82916
28.82916
28.82916
28.82873
28.82873
28.82873
28.82873
28.82873
28.82871
28.82871
28.82871
28.82871
28.82871
28.82979
28.82979
28.82979
28.82979
28.82979
28.82934
28.82934
28.82934
28.82934
28.82934
28.82975
28.82975
28.82975
28.82975
28.82975
28.83006
28.83006
28.83006
28.83006
28.83006
28.82948
28.82948
28.82948
28.82948
28.82948
28.82807
28.82807
28.82807
28.82807
28.82807
28.82712
28.82712
28.82712
28.82712
28.82712
28.82844
28.82844
28.82844
28.82844
28.82844
28.82894
28.82894
28.82894
28.82894
28.82894
28.82872
28.82872
28.82872
28.82872
28.82872
28.82845
28.82845
28.82845
28.82845
28.82845
28.82888
28.82888
28.82888
28.82888
28.82888
28.82786
28.82786
28.82786
28.82786
28.82786
28.82778
28.82778
28.82778
28.82778
28.82778
28.8281
28.8281
28.8281
28.8281
28.8281
28.82826
28.82826
28.82826
28.82826
28.82826
28.82865
28.82865
28.82865
28.82865
28.82865
28.82948
28.82948
28.82948
28.82948
28.82948
28.82816
28.82816
28.82816
28.82816
28.82816
28.82747
28.82747
28.82747
28.82747
28.82747
28.82759
28.82759
28.82759
28.82759
28.82759
28.82779
28.82779
28.82779
28.82779
28.82779
28.82789
28.82789
28.82789
28.82789
28.82789
28.82801
28.82801
28.82801
28.82801
28.82801
28.8273
28.8273
28.8273
28.8273
28.8273
28.82761
28.82761
28.82761
28.82761
28.82761
28.82876
28.82876
28.82876
28.82876
28.82876
28.82832
28.82832
28.82832
28.82832
28.82832
28.82831
28.82831
28.82831
28.82831
28.82831
28.82875
28.82875
28.82875
28.82875
28.82875
28.8276
28.8276
28.8276
28.8276
28.8276
28.8273
28.8273
28.8273
28.8273
28.8273
28.82802
28.82802
28.82802
28.82802
28.82802
28.82789
28.82789
28.82789
28.82789
28.82789
28.82779
28.82779
28.82779
28.82779
28.82779
28.8276
28.8276
28.8276
28.8276
28.8276
28.82747
28.82747
28.82747
28.82747
28.82747
28.82813
28.82813
28.82813
28.82813
28.82813
28.82947
28.82947
28.82947
28.82947
28.82947
28.82864
28.82864
28.82864
28.82864
28.82864
28.82826
28.82826
28.82826
28.82826
28.82826
28.82811
28.82811
28.82811
28.82811
28.82811
28.82779
28.82779
28.82779
28.82779
28.82779
28.82786
28.82786
28.82786
28.82786
28.82786
28.82888
28.82888
28.82888
28.82888
28.82888
28.82845
28.82845
28.82845
28.82845
28.82845
28.82872
28.82872
28.82872
28.82872
28.82872
28.82895
28.82895
28.82895
28.82895
28.82895
28.82845
28.82845
28.82845
28.82845
28.82845
28.82713
28.82713
28.82713
28.82713
28.82713
28.82623
28.82623
28.82623
28.82623
28.82623
28.8274
28.8274
28.8274
28.8274
28.8274
28.8278
28.8278
28.8278
28.8278
28.8278
28.82769
28.82769
28.82769
28.82769
28.82769
28.82748
28.82748
28.82748
28.82748
28.82748
28.82781
28.82781
28.82781
28.82781
28.82781
28.82695
28.82695
28.82695
28.82695
28.82695
28.82686
28.82686
28.82686
28.82686
28.82686
28.82709
28.82709
28.82709
28.82709
28.82709
28.82726
28.82726
28.82726
28.82726
28.82726
28.82777
28.82777
28.82777
28.82777
28.82777
28.82849
28.82849
28.82849
28.82849
28.82849
28.82725
28.82725
28.82725
28.82725
28.82725
28.82655
28.82655
28.82655
28.82655
28.82655
28.82675
28.82675
28.82675
28.82675
28.82675
28.82699
28.82699
28.82699
28.82699
28.82699
28.82709
28.82709
28.82709
28.82709
28.82709
28.82725
28.82725
28.82725
28.82725
28.82725
28.82656
28.82656
28.82656
28.82656
28.82656
28.82681
28.82681
28.82681
28.82681
28.82681
28.82788
28.82788
28.82788
28.82788
28.82788
28.82752
28.82752
28.82752
28.82752
28.82752
28.82751
28.82751
28.82751
28.82751
28.82751
28.82787
28.82787
28.82787
28.82787
28.82787
28.8268
28.8268
28.8268
28.8268
28.8268
28.82655
28.82655
28.82655
28.82655
28.82655
28.82725
28.82725
28.82725
28.82725
28.82725
28.82708
28.82708
28.82708
28.82708
28.82708
28.82699
28.82699
28.82699
28.82699
28.82699
28.82676
28.82676
28.82676
28.82676
28.82676
28.82654
28.82654
28.82654
28.82654
28.82654
28.82723
28.82723
28.82723
28.82723
28.82723
28.82848
28.82848
28.82848
28.82848
28.82848
28.82776
28.82776
28.82776
28.82776
28.82776
28.82727
28.82727
28.82727
28.82727
28.82727
28.8271
28.8271
28.8271
28.8271
28.8271
28.82687
28.82687
28.82687
28.82687
28.82687
28.82695
28.82695
28.82695
28.82695
28.82695
28.82781
28.82781
28.82781
28.82781
28.82781
28.82748
28.82748
28.82748
28.82748
28.82748
28.82769
28.82769
28.82769
28.82769
28.82769
28.82781
28.82781
28.82781
28.82781
28.82781
28.82741
28.82741
28.82741
28.82741
28.82741
28.82624
28.82624
28.82624
28.82624
28.82624
28.8253
28.8253
28.8253
28.8253
28.8253
28.82635
28.82635
28.82635
28.82635
28.82635
28.82672
28.82672
28.82672
28.82672
28.82672
28.82672
28.82672
28.82672
28.82672
28.82672
28.82653
28.82653
28.82653
28.82653
28.82653
28.82668
28.82668
28.82668
28.82668
28.82668
28.82599
28.82599
28.82599
28.82599
28.82599
28.82592
28.82592
28.82592
28.82592
28.82592
28.82612
28.82612
28.82612
28.82612
28.82612
28.82631
28.82631
28.82631
28.82631
28.82631
28.82675
28.82675
28.82675
28.82675
28.82675
28.82711
28.82711
28.82711
28.82711
28.82711
28.82624
28.82624
28.82624
28.82624
28.82624
28.82577
28.82577
28.82577
28.82577
28.82577
28.82606
28.82606
28.82606
28.82606
28.82606
28.82622
28.82622
28.82622
28.82622
28.82622
28.8263
28.8263
28.8263
28.8263
28.8263
28.82642
28.82642
28.82642
28.82642
28.82642
28.82578
28.82578
28.82578
28.82578
28.82578
28.82595
28.82595
28.82595
28.82595
28.82595
28.82695
28.82695
28.82695
28.82695
28.82695
28.82671
28.82671
28.82671
28.82671
28.82671
28.8267
28.8267
28.8267
28.8267
28.8267
28.82695
28.82695
28.82695
28.82695
28.82695
28.82595
28.82595
28.82595
28.82595
28.82595
28.82577
28.82577
28.82577
28.82577
28.82577
28.82641
28.82641
28.82641
28.82641
28.82641
28.8263
28.8263
28.8263
28.8263
28.8263
28.82621
28.82621
28.82621
28.82621
28.82621
28.82606
28.82606
28.82606
28.82606
28.82606
28.82576
28.82576
28.82576
28.82576
28.82576
28.82622
28.82622
28.82622
28.82622
28.82622
28.8271
28.8271
28.8271
28.8271
28.8271
28.82675
28.82675
28.82675
28.82675
28.82675
28.82632
28.82632
28.82632
28.82632
28.82632
28.82613
28.82613
28.82613
28.82613
28.82613
28.82593
28.82593
28.82593
28.82593
28.82593
28.82599
28.82599
28.82599
28.82599
28.82599
28.82668
28.82668
28.82668
28.82668
28.82668
28.82653
28.82653
28.82653
28.82653
28.82653
28.82673
28.82673
28.82673
28.82673
28.82673
28.82674
28.82674
28.82674
28.82674
28.82674
28.82636
28.82636
28.82636
28.82636
28.82636
28.82531
28.82531
28.82531
28.82531
28.82531
28.82459
28.82459
28.82459
28.82459
28.82459
28.82561
28.82561
28.82561
28.82561
28.82561
28.82573
28.82573
28.82573
28.82573
28.82573
28.82584
28.82584
28.82584
28.82584
28.82584
28.82566
28.82566
28.82566
28.82566
28.82566
28.82575
28.82575
28.82575
28.82575
28.82575
28.82529
28.82529
28.82529
28.82529
28.82529
28.82519
28.82519
28.82519
28.82519
28.82519
28.82521
28.82521
28.82521
28.82521
28.82521
28.82539
28.82539
28.82539
28.82539
28.82539
28.82575
28.82575
28.82575
28.82575
28.82575
28.82583
28.82583
28.82583
28.82583
28.82583
28.82557
28.82557
28.82557
28.82557
28.82557
28.82536
28.82536
28.82536
28.82536
28.82536
28.82557
28.82557
28.82557
28.82557
28.82557
28.82553
28.82553
28.82553
28.82553
28.82553
28.82551
28.82551
28.82551
28.82551
28.82551
28.82559
28.82559
28.82559
28.82559
28.82559
28.82521
28.82521
28.82521
28.82521
28.82521
28.82535
28.82535
28.82535
28.82535
28.82535
28.82595
28.82595
28.82595
28.82595
28.82595
28.82583
28.82583
28.82583
28.82583
28.82583
28.82583
28.82583
28.82583
28.82583
28.82583
28.82595
28.82595
28.82595
28.82595
28.82595
28.82534
28.82534
28.82534
28.82534
28.82534
28.82521
28.82521
28.82521
28.82521
28.82521
28.82559
28.82559
28.82559
28.82559
28.82559
28.82551
28.82551
28.82551
28.82551
28.82551
28.82553
28.82553
28.82553
28.82553
28.82553
28.82558
28.82558
28.82558
28.82558
28.82558
28.82535
28.82535
28.82535
28.82535
28.82535
28.82555
28.82555
28.82555
28.82555
28.82555
28.82581
28.82581
28.82581
28.82581
28.82581
28.82574
28.82574
28.82574
28.82574
28.82574
28.82538
28.82538
28.82538
28.82538
28.82538
28.82521
28.82521
28.82521
28.82521
28.82521
28.82518
28.82518
28.82518
28.82518
28.82518
28.82528
28.82528
28.82528
28.82528
28.82528
28.82573
28.82573
28.82573
28.82573
28.82573
28.82565
28.82565
28.82565
28.82565
28.82565
28.82584
28.82584
28.82584
28.82584
28.82584
28.82574
28.82574
28.82574
28.82574
28.82574
28.82561
28.82561
28.82561
28.82561
28.82561
28.8246
28.8246
28.8246
28.8246
28.8246
28.82377
28.82377
28.82377
28.82377
28.82377
28.82459
28.82459
28.82459
28.82459
28.82459
28.8246
28.8246
28.8246
28.8246
28.8246
28.82483
28.82483
28.82483
28.82483
28.82483
28.82465
28.82465
28.82465
28.82465
28.82465
28.82462
28.82462
28.82462
28.82462
28.82462
28.82438
28.82438
28.82438
28.82438
28.82438
28.82436
28.82436
28.82436
28.82436
28.82436
28.82415
28.82415
28.82415
28.82415
28.82415
28.82437
28.82437
28.82437
28.82437
28.82437
28.82454
28.82454
28.82454
28.82454
28.82454
28.82446
28.82446
28.82446
28.82446
28.82446
28.82468
28.82468
28.82468
28.82468
28.82468
28.82464
28.82464
28.82464
28.82464
28.82464
28.82468
28.82468
28.82468
28.82468
28.82468
28.82469
28.82469
28.82469
28.82469
28.82469
28.8246
28.8246
28.8246
28.8246
28.8246
28.82462
28.82462
28.82462
28.82462
28.82462
28.82441
28.82441
28.82441
28.82441
28.82441
28.82445
28.82445
28.82445
28.82445
28.82445
28.82465
28.82465
28.82465
28.82465
28.82465
28.82474
28.82474
28.82474
28.82474
28.82474
28.82474
28.82474
28.82474
28.82474
28.82474
28.82465
28.82465
28.82465
28.82465
28.82465
28.82445
28.82445
28.82445
28.82445
28.82445
28.8244
28.8244
28.8244
28.8244
28.8244
28.82461
28.82461
28.82461
28.82461
28.82461
28.82459
28.82459
28.82459
28.82459
28.82459
28.8247
28.8247
28.8247
28.8247
28.8247
28.82469
28.82469
28.82469
28.82469
28.82469
28.82464
28.82464
28.82464
28.82464
28.82464
28.82466
28.82466
28.82466
28.82466
28.82466
28.82445
28.82445
28.82445
28.82445
28.82445
28.82451
28.82451
28.82451
28.82451
28.82451
28.82438
28.82438
28.82438
28.82438
28.82438
28.82416
28.82416
28.82416
28.82416
28.82416
28.82435
28.82435
28.82435
28.82435
28.82435
28.82437
28.82437
28.82437
28.82437
28.82437
28.82459
28.82459
28.82459
28.82459
28.82459
28.82464
28.82464
28.82464
28.82464
28.82464
28.82482
28.82482
28.82482
28.82482
28.82482
28.8246
28.8246
28.8246
28.8246
28.8246
28.82459
28.82459
28.82459
28.82459
28.82459
28.82377
28.82377
28.82377
28.82377
28.82377
28.82338
28.82338
28.82338
28.82338
28.82338
28.82415
28.82415
28.82415
28.82415
28.82415
28.8238
28.8238
28.8238
28.8238
28.8238
28.82411
28.82411
28.82411
28.82411
28.82411
28.82404
28.82404
28.82404
28.82404
28.82404
28.82377
28.82377
28.82377
28.82377
28.82377
28.82426
28.82426
28.82426
28.82426
28.82426
28.82433
28.82433
28.82433
28.82433
28.82433
28.8238
28.8238
28.8238
28.8238
28.8238
28.82386
28.82386
28.82386
28.82386
28.82386
28.82389
28.82389
28.82389
28.82389
28.82389
28.82358
28.82358
28.82358
28.82358
28.82358
28.82462
28.82462
28.82462
28.82462
28.82462
28.82469
28.82469
28.82469
28.82469
28.82469
28.82435
28.82435
28.82435
28.82435
28.82435
28.82431
28.82431
28.82431
28.82431
28.82431
28.82421
28.82421
28.82421
28.82421
28.82421
28.82428
28.82428
28.82428
28.82428
28.82428
28.82446
28.82446
28.82446
28.82446
28.82446
28.82432
28.82432
28.82432
28.82432
28.82432
28.82372
28.82372
28.82372
28.82372
28.82372
28.82397
28.82397
28.82397
28.82397
28.82397
28.82398
28.82398
28.82398
28.82398
28.82398
28.82373
28.82373
28.82373
28.82373
28.82373
28.82431
28.82431
28.82431
28.82431
28.82431
28.82444
28.82444
28.82444
28.82444
28.82444
28.82426
28.82426
28.82426
28.82426
28.82426
28.82422
28.82422
28.82422
28.82422
28.82422
28.82431
28.82431
28.82431
28.82431
28.82431
28.82438
28.82438
28.82438
28.82438
28.82438
28.82469
28.82469
28.82469
28.82469
28.82469
28.8246
28.8246
28.8246
28.8246
28.8246
28.82357
28.82357
28.82357
28.82357
28.82357
28.82389
28.82389
28.82389
28.82389
28.82389
28.82388
28.82388
28.82388
28.82388
28.82388
28.82382
28.82382
28.82382
28.82382
28.82382
28.82432
28.82432
28.82432
28.82432
28.82432
28.82424
28.82424
28.82424
28.82424
28.82424
28.82374
28.82374
28.82374
28.82374
28.82374
28.82403
28.82403
28.82403
28.82403
28.82403
28.8241
28.8241
28.8241
28.8241
28.8241
28.82378
28.82378
28.82378
28.82378
28.82378
28.82415
28.82415
28.82415
28.82415
28.82415
28.82338
28.82338
28.82338
28.82338
28.82338
28.82291
28.82291
28.82291
28.82291
28.82291
28.82302
28.82302
28.82302
28.82302
28.82302
28.82129
28.82129
28.82129
28.82129
28.82129
28.82182
28.82182
28.82182
28.82182
28.82182
28.8217
28.8217
28.8217
28.8217
28.8217
28.82198
28.82198
28.82198
28.82198
28.82198
28.82401
28.82401
28.82401
28.82401
28.82401
28.82391
28.82391
28.82391
28.82391
28.82391
28.82211
28.82211
28.82211
28.82211
28.82211
28.82179
28.82179
28.82179
28.82179
28.82179
28.82154
28.82154
28.82154
28.82154
28.82154
28.82198
28.82198
28.82198
28.82198
28.82198
28.82434
28.82434
28.82434
28.82434
28.82434
28.82426
28.82426
28.82426
28.82426
28.82426
28.82251
28.82251
28.82251
28.82251
28.82251
28.82232
28.82232
28.82232
28.82232
28.82232
28.82217
28.82217
28.82217
28.82217
28.82217
28.82239
28.82239
28.82239
28.82239
28.82239
28.82411
28.82411
28.82411
28.82411
28.82411
28.82397
28.82397
28.82397
28.82397
28.82397
28.82185
28.82185
28.82185
28.82185
28.82185
28.8217
28.8217
28.8217
28.8217
28.8217
28.82172
28.82172
28.82172
28.82172
28.82172
28.82186
28.82186
28.82186
28.82186
28.82186
28.82395
28.82395
28.82395
28.82395
28.82395
28.82409
28.82409
28.82409
28.82409
28.82409
28.82238
28.82238
28.82238
28.82238
28.82238
28.82217
28.82217
28.82217
28.82217
28.82217
28.82234
28.82234
28.82234
28.82234
28.82234
28.82254
28.82254
28.82254
28.82254
28.82254
28.82428
28.82428
28.82428
28.82428
28.82428
28.82434
28.82434
28.82434
28.82434
28.82434
28.82199
28.82199
28.82199
28.82199
28.82199
28.82157
28.82157
28.82157
28.82157
28.82157
28.82184
28.82184
28.82184
28.82184
28.82184
28.82214
28.82214
28.82214
28.82214
28.82214
28.8239
28.8239
28.8239
28.8239
28.8239
28.82399
28.82399
28.82399
28.82399
28.82399
28.82195
28.82195
28.82195
28.82195
28.82195
28.82168
28.82168
28.82168
28.82168
28.82168
28.82179
28.82179
28.82179
28.82179
28.82179
28.82126
28.82126
28.82126
28.82126
28.82126
28.823
28.823
28.823
28.823
28.823
28.8229
28.8229
28.8229
28.8229
28.8229
)
;

boundaryField
{
    electrolyteSides
    {
        type            zeroGradient;
    }
    electrolyte_to_fuel
    {
        type            zeroGradient;
    }
    electrolyte_to_air
    {
        type            zeroGradient;
    }
}


// ************************************************************************* //
