/*--------------------------------*- C++ -*----------------------------------*\
| =========                 |                                                 |
| \\      /  F ield         | OpenFOAM: The Open Source CFD Toolbox           |
|  \\    /   O peration     | Version:  4.0                                   |
|   \\  /    A nd           | Web:      www.OpenFOAM.org                      |
|    \\/     M anipulation  |                                                 |
\*---------------------------------------------------------------------------*/
FoamFile
{
    version     2.0;
    format      ascii;
    class       volScalarField;
    location    "60/electrolyte";
    object      etaActA;
}
// * * * * * * * * * * * * * * * * * * * * * * * * * * * * * * * * * * * * * //

dimensions      [1 2 -3 0 0 -1 0];

internalField   nonuniform List<scalar> 
4840
(
0.3472354
0.3472354
0.3472354
0.3472354
0.3472354
0.3483633
0.3483633
0.3483633
0.3483633
0.3483633
0.3495326
0.3495326
0.3495326
0.3495326
0.3495326
0.349639
0.349639
0.349639
0.349639
0.349639
0.3495903
0.3495903
0.3495903
0.3495903
0.3495903
0.3493233
0.3493233
0.3493233
0.3493233
0.3493233
0.3481453
0.3481453
0.3481453
0.3481453
0.3481453
0.3482173
0.3482173
0.3482173
0.3482173
0.3482173
0.3493374
0.3493374
0.3493374
0.3493374
0.3493374
0.3494329
0.3494329
0.3494329
0.3494329
0.3494329
0.3492724
0.3492724
0.3492724
0.3492724
0.3492724
0.3491709
0.3491709
0.3491709
0.3491709
0.3491709
0.3480245
0.3480245
0.3480245
0.3480245
0.3480245
0.3480475
0.3480475
0.3480475
0.3480475
0.3480475
0.3491791
0.3491791
0.3491791
0.3491791
0.3491791
0.3492374
0.3492374
0.3492374
0.3492374
0.3492374
0.3492348
0.3492348
0.3492348
0.3492348
0.3492348
0.3491359
0.3491359
0.3491359
0.3491359
0.3491359
0.3479966
0.3479966
0.3479966
0.3479966
0.3479966
0.3480057
0.3480057
0.3480057
0.3480057
0.3480057
0.3491408
0.3491408
0.3491408
0.3491408
0.3491408
0.3492355
0.3492355
0.3492355
0.3492355
0.3492355
0.3492348
0.3492348
0.3492348
0.3492348
0.3492348
0.3491376
0.3491376
0.3491376
0.3491376
0.3491376
0.3480032
0.3480032
0.3480032
0.3480032
0.3480032
0.3480301
0.3480301
0.3480301
0.3480301
0.3480301
0.3491698
0.3491698
0.3491698
0.3491698
0.3491698
0.3492661
0.3492661
0.3492661
0.3492661
0.3492661
0.3492674
0.3492674
0.3492674
0.3492674
0.3492674
0.3491692
0.3491692
0.3491692
0.3491692
0.3491692
0.3481628
0.3481628
0.3481628
0.3481628
0.3481628
0.3481442
0.3481442
0.3481442
0.3481442
0.3481442
0.349291
0.349291
0.349291
0.349291
0.349291
0.3493902
0.3493902
0.3493902
0.3493902
0.3493902
0.3493943
0.3493943
0.3493943
0.3493943
0.3493943
0.3492915
0.3492915
0.3492915
0.3492915
0.3492915
0.3481715
0.3481715
0.3481715
0.3481715
0.3481715
0.3481039
0.3481039
0.3481039
0.3481039
0.3481039
0.3492816
0.3492816
0.3492816
0.3492816
0.3492816
0.349393
0.349393
0.349393
0.349393
0.349393
0.349315
0.349315
0.349315
0.349315
0.349315
0.3491939
0.3491939
0.3491939
0.3491939
0.3491939
0.3480057
0.3480057
0.3480057
0.3480057
0.3480057
0.3468585
0.3468585
0.3468585
0.3468585
0.3468585
0.3468124
0.3468124
0.3468124
0.3468124
0.3468124
0.3477091
0.3477091
0.3477091
0.3477091
0.3477091
0.3487297
0.3487297
0.3487297
0.3487297
0.3487297
0.3488639
0.3488639
0.3488639
0.3488639
0.3488639
0.3488181
0.3488181
0.3488181
0.3488181
0.3488181
0.3486451
0.3486451
0.3486451
0.3486451
0.3486451
0.3476101
0.3476101
0.3476101
0.3476101
0.3476101
0.3476954
0.3476954
0.3476954
0.3476954
0.3476954
0.3486782
0.3486782
0.3486782
0.3486782
0.3486782
0.3488212
0.3488212
0.3488212
0.3488212
0.3488212
0.3488138
0.3488138
0.3488138
0.3488138
0.3488138
0.3486865
0.3486865
0.3486865
0.3486865
0.3486865
0.3476751
0.3476751
0.3476751
0.3476751
0.3476751
0.3477107
0.3477107
0.3477107
0.3477107
0.3477107
0.3487038
0.3487038
0.3487038
0.3487038
0.3487038
0.3488504
0.3488504
0.3488504
0.3488504
0.3488504
0.3489685
0.3489685
0.3489685
0.3489685
0.3489685
0.3488143
0.3488143
0.3488143
0.3488143
0.3488143
0.3478122
0.3478122
0.3478122
0.3478122
0.3478122
0.3478246
0.3478246
0.3478246
0.3478246
0.3478246
0.3488233
0.3488233
0.3488233
0.3488233
0.3488233
0.3489697
0.3489697
0.3489697
0.3489697
0.3489697
0.3489676
0.3489676
0.3489676
0.3489676
0.3489676
0.3488158
0.3488158
0.3488158
0.3488158
0.3488158
0.3478192
0.3478192
0.3478192
0.3478192
0.3478192
0.3478152
0.3478152
0.3478152
0.3478152
0.3478152
0.348697
0.348697
0.348697
0.348697
0.348697
0.3488472
0.3488472
0.3488472
0.3488472
0.3488472
0.3488476
0.3488476
0.3488476
0.3488476
0.3488476
0.3486968
0.3486968
0.3486968
0.3486968
0.3486968
0.3477049
0.3477049
0.3477049
0.3477049
0.3477049
0.3476464
0.3476464
0.3476464
0.3476464
0.3476464
0.3486604
0.3486604
0.3486604
0.3486604
0.3486604
0.3488145
0.3488145
0.3488145
0.3488145
0.3488145
0.3488189
0.3488189
0.3488189
0.3488189
0.3488189
0.3486719
0.3486719
0.3486719
0.3486719
0.3486719
0.3476909
0.3476909
0.3476909
0.3476909
0.3476909
0.347614
0.347614
0.347614
0.347614
0.347614
0.3486504
0.3486504
0.3486504
0.3486504
0.3486504
0.3488185
0.3488185
0.3488185
0.3488185
0.3488185
0.3488585
0.3488585
0.3488585
0.3488585
0.3488585
0.3487459
0.3487459
0.3487459
0.3487459
0.3487459
0.3477234
0.3477234
0.3477234
0.3477234
0.3477234
0.3468092
0.3468092
0.3468092
0.3468092
0.3468092
0.3465487
0.3465487
0.3465487
0.3465487
0.3465487
0.3473515
0.3473515
0.3473515
0.3473515
0.3473515
0.3484953
0.3484953
0.3484953
0.3484953
0.3484953
0.3486773
0.3486773
0.3486773
0.3486773
0.3486773
0.3486292
0.3486292
0.3486292
0.3486292
0.3486292
0.3484028
0.3484028
0.3484028
0.3484028
0.3484028
0.3474384
0.3474384
0.3474384
0.3474384
0.3474384
0.3475274
0.3475274
0.3475274
0.3475274
0.3475274
0.3484505
0.3484505
0.3484505
0.3484505
0.3484505
0.3486389
0.3486389
0.3486389
0.3486389
0.3486389
0.3486271
0.3486271
0.3486271
0.3486271
0.3486271
0.348417
0.348417
0.348417
0.348417
0.348417
0.3473449
0.3473449
0.3473449
0.3473449
0.3473449
0.3473867
0.3473867
0.3473867
0.3473867
0.3473867
0.3483194
0.3483194
0.3483194
0.3483194
0.3483194
0.3485136
0.3485136
0.3485136
0.3485136
0.3485136
0.3485061
0.3485061
0.3485061
0.3485061
0.3485061
0.3482697
0.3482697
0.3482697
0.3482697
0.3482697
0.3473286
0.3473286
0.3473286
0.3473286
0.3473286
0.3473434
0.3473434
0.3473434
0.3473434
0.3473434
0.3482828
0.3482828
0.3482828
0.3482828
0.3482828
0.3484801
0.3484801
0.3484801
0.3484801
0.3484801
0.3484768
0.3484768
0.3484768
0.3484768
0.3484768
0.3482738
0.3482738
0.3482738
0.3482738
0.3482738
0.3473376
0.3473376
0.3473376
0.3473376
0.3473376
0.3473344
0.3473344
0.3473344
0.3473344
0.3473344
0.3482794
0.3482794
0.3482794
0.3482794
0.3482794
0.3485102
0.3485102
0.3485102
0.3485102
0.3485102
0.3485102
0.3485102
0.3485102
0.3485102
0.3485102
0.3483102
0.3483102
0.3483102
0.3483102
0.3483102
0.3473802
0.3473802
0.3473802
0.3473802
0.3473802
0.3473501
0.3473501
0.3473501
0.3473501
0.3473501
0.3484258
0.3484258
0.3484258
0.3484258
0.3484258
0.3486301
0.3486301
0.3486301
0.3486301
0.3486301
0.3486358
0.3486358
0.3486358
0.3486358
0.3486358
0.3484418
0.3484418
0.3484418
0.3484418
0.3484418
0.3475218
0.3475218
0.3475218
0.3475218
0.3475218
0.3474439
0.3474439
0.3474439
0.3474439
0.3474439
0.348411
0.348411
0.348411
0.348411
0.348411
0.3486303
0.3486303
0.3486303
0.3486303
0.3486303
0.3486687
0.3486687
0.3486687
0.3486687
0.3486687
0.3484751
0.3484751
0.3484751
0.3484751
0.3484751
0.347331
0.347331
0.347331
0.347331
0.347331
0.3465456
0.3465456
0.3465456
0.3465456
0.3465456
0.3462435
0.3462435
0.3462435
0.3462435
0.3462435
0.3469164
0.3469164
0.3469164
0.3469164
0.3469164
0.3479931
0.3479931
0.3479931
0.3479931
0.3479931
0.3482268
0.3482268
0.3482268
0.3482268
0.3482268
0.3481839
0.3481839
0.3481839
0.3481839
0.3481839
0.347883
0.347883
0.347883
0.347883
0.347883
0.3469835
0.3469835
0.3469835
0.3469835
0.3469835
0.3470453
0.3470453
0.3470453
0.3470453
0.3470453
0.3479541
0.3479541
0.3479541
0.3479541
0.3479541
0.3481991
0.3481991
0.3481991
0.3481991
0.3481991
0.3481823
0.3481823
0.3481823
0.3481823
0.3481823
0.3479016
0.3479016
0.3479016
0.3479016
0.3479016
0.3470055
0.3470055
0.3470055
0.3470055
0.3470055
0.3470675
0.3470675
0.3470675
0.3470675
0.3470675
0.3479724
0.3479724
0.3479724
0.3479724
0.3479724
0.3482271
0.3482271
0.3482271
0.3482271
0.3482271
0.3482173
0.3482173
0.3482173
0.3482173
0.3482173
0.3479439
0.3479439
0.3479439
0.3479439
0.3479439
0.3471718
0.3471718
0.3471718
0.3471718
0.3471718
0.3471847
0.3471847
0.3471847
0.3471847
0.3471847
0.3480872
0.3480872
0.3480872
0.3480872
0.3480872
0.3483477
0.3483477
0.3483477
0.3483477
0.3483477
0.3483433
0.3483433
0.3483433
0.3483433
0.3483433
0.3480771
0.3480771
0.3480771
0.3480771
0.3480771
0.3471789
0.3471789
0.3471789
0.3471789
0.3471789
0.3471798
0.3471798
0.3471798
0.3471798
0.3471798
0.3480802
0.3480802
0.3480802
0.3480802
0.3480802
0.3483465
0.3483465
0.3483465
0.3483465
0.3483465
0.3482235
0.3482235
0.3482235
0.3482235
0.3482235
0.3479618
0.3479618
0.3479618
0.3479618
0.3479618
0.347061
0.347061
0.347061
0.347061
0.347061
0.3470441
0.3470441
0.3470441
0.3470441
0.3470441
0.3479446
0.3479446
0.3479446
0.3479446
0.3479446
0.3481873
0.3481873
0.3481873
0.3481873
0.3481873
0.3481957
0.3481957
0.3481957
0.3481957
0.3481957
0.3479436
0.3479436
0.3479436
0.3479436
0.3479436
0.347039
0.347039
0.347039
0.347039
0.347039
0.3469903
0.3469903
0.3469903
0.3469903
0.3469903
0.3478931
0.3478931
0.3478931
0.3478931
0.3478931
0.3481849
0.3481849
0.3481849
0.3481849
0.3481849
0.3482149
0.3482149
0.3482149
0.3482149
0.3482149
0.3479368
0.3479368
0.3479368
0.3479368
0.3479368
0.3468607
0.3468607
0.3468607
0.3468607
0.3468607
0.3462399
0.3462399
0.3462399
0.3462399
0.3462399
0.3459711
0.3459711
0.3459711
0.3459711
0.3459711
0.3465583
0.3465583
0.3465583
0.3465583
0.3465583
0.3476843
0.3476843
0.3476843
0.3476843
0.3476843
0.3480202
0.3480202
0.3480202
0.3480202
0.3480202
0.3481063
0.3481063
0.3481063
0.3481063
0.3481063
0.347761
0.347761
0.347761
0.347761
0.347761
0.3468755
0.3468755
0.3468755
0.3468755
0.3468755
0.3469207
0.3469207
0.3469207
0.3469207
0.3469207
0.3478453
0.3478453
0.3478453
0.3478453
0.3478453
0.3481328
0.3481328
0.3481328
0.3481328
0.3481328
0.3481112
0.3481112
0.3481112
0.3481112
0.3481112
0.3477854
0.3477854
0.3477854
0.3477854
0.3477854
0.3468958
0.3468958
0.3468958
0.3468958
0.3468958
0.3469204
0.3469204
0.3469204
0.3469204
0.3469204
0.3477112
0.3477112
0.3477112
0.3477112
0.3477112
0.348004
0.348004
0.348004
0.348004
0.348004
0.3479926
0.3479926
0.3479926
0.3479926
0.3479926
0.3476793
0.3476793
0.3476793
0.3476793
0.3476793
0.3467773
0.3467773
0.3467773
0.3467773
0.3467773
0.3467563
0.3467563
0.3467563
0.3467563
0.3467563
0.347662
0.347662
0.347662
0.347662
0.347662
0.3479656
0.3479656
0.3479656
0.3479656
0.3479656
0.3479605
0.3479605
0.3479605
0.3479605
0.3479605
0.3476491
0.3476491
0.3476491
0.3476491
0.3476491
0.3467482
0.3467482
0.3467482
0.3467482
0.3467482
0.3467524
0.3467524
0.3467524
0.3467524
0.3467524
0.3476595
0.3476595
0.3476595
0.3476595
0.3476595
0.3479651
0.3479651
0.3479651
0.3479651
0.3479651
0.3479667
0.3479667
0.3479667
0.3479667
0.3479667
0.3477039
0.3477039
0.3477039
0.3477039
0.3477039
0.3467915
0.3467915
0.3467915
0.3467915
0.3467915
0.3467822
0.3467822
0.3467822
0.3467822
0.3467822
0.3476779
0.3476779
0.3476779
0.3476779
0.3476779
0.3479963
0.3479963
0.3479963
0.3479963
0.3479963
0.3481652
0.3481652
0.3481652
0.3481652
0.3481652
0.3478748
0.3478748
0.3478748
0.3478748
0.3478748
0.3469552
0.3469552
0.3469552
0.3469552
0.3469552
0.3469245
0.3469245
0.3469245
0.3469245
0.3469245
0.3478134
0.3478134
0.3478134
0.3478134
0.3478134
0.348299
0.348299
0.348299
0.348299
0.348299
0.3483203
0.3483203
0.3483203
0.3483203
0.3483203
0.3479702
0.3479702
0.3479702
0.3479702
0.3479702
0.3468477
0.3468477
0.3468477
0.3468477
0.3468477
0.346284
0.346284
0.346284
0.346284
0.346284
0.3460809
0.3460809
0.3460809
0.3460809
0.3460809
0.3466136
0.3466136
0.3466136
0.3466136
0.3466136
0.3477675
0.3477675
0.3477675
0.3477675
0.3477675
0.3481722
0.3481722
0.3481722
0.3481722
0.3481722
0.348145
0.348145
0.348145
0.348145
0.348145
0.3476256
0.3476256
0.3476256
0.3476256
0.3476256
0.3467393
0.3467393
0.3467393
0.3467393
0.3467393
0.3467772
0.3467772
0.3467772
0.3467772
0.3467772
0.3477345
0.3477345
0.3477345
0.3477345
0.3477345
0.3480415
0.3480415
0.3480415
0.3480415
0.3480415
0.3478586
0.3478586
0.3478586
0.3478586
0.3478586
0.3475016
0.3475016
0.3475016
0.3475016
0.3475016
0.3465934
0.3465934
0.3465934
0.3465934
0.3465934
0.3466144
0.3466144
0.3466144
0.3466144
0.3466144
0.3475532
0.3475532
0.3475532
0.3475532
0.3475532
0.3478382
0.3478382
0.3478382
0.3478382
0.3478382
0.3478267
0.3478267
0.3478267
0.3478267
0.3478267
0.3474825
0.3474825
0.3474825
0.3474825
0.3474825
0.3465606
0.3465606
0.3465606
0.3465606
0.3465606
0.3465705
0.3465705
0.3465705
0.3465705
0.3465705
0.3474931
0.3474931
0.3474931
0.3474931
0.3474931
0.3478297
0.3478297
0.3478297
0.3478297
0.3478297
0.3478241
0.3478241
0.3478241
0.3478241
0.3478241
0.347479
0.347479
0.347479
0.347479
0.347479
0.3465623
0.3465623
0.3465623
0.3465623
0.3465623
0.3466029
0.3466029
0.3466029
0.3466029
0.3466029
0.3475303
0.3475303
0.3475303
0.3475303
0.3475303
0.347866
0.347866
0.347866
0.347866
0.347866
0.3478664
0.3478664
0.3478664
0.3478664
0.3478664
0.3475322
0.3475322
0.3475322
0.3475322
0.3475322
0.3467208
0.3467208
0.3467208
0.3467208
0.3467208
0.3467163
0.3467163
0.3467163
0.3467163
0.3467163
0.34763
0.34763
0.34763
0.34763
0.34763
0.3479785
0.3479785
0.3479785
0.3479785
0.3479785
0.3479923
0.3479923
0.3479923
0.3479923
0.3479923
0.347671
0.347671
0.347671
0.347671
0.347671
0.3467185
0.3467185
0.3467185
0.3467185
0.3467185
0.3466962
0.3466962
0.3466962
0.3466962
0.3466962
0.3475866
0.3475866
0.3475866
0.3475866
0.3475866
0.347955
0.347955
0.347955
0.347955
0.347955
0.3478468
0.3478468
0.3478468
0.3478468
0.3478468
0.347425
0.347425
0.347425
0.347425
0.347425
0.3462713
0.3462713
0.3462713
0.3462713
0.3462713
0.3457619
0.3457619
0.3457619
0.3457619
0.3457619
0.3455434
0.3455434
0.3455434
0.3455434
0.3455434
0.34602
0.34602
0.34602
0.34602
0.34602
0.3472199
0.3472199
0.3472199
0.3472199
0.3472199
0.3476712
0.3476712
0.3476712
0.3476712
0.3476712
0.3476518
0.3476518
0.3476518
0.3476518
0.3476518
0.3472483
0.3472483
0.3472483
0.3472483
0.3472483
0.3463422
0.3463422
0.3463422
0.3463422
0.3463422
0.3463843
0.3463843
0.3463843
0.3463843
0.3463843
0.3473693
0.3473693
0.3473693
0.3473693
0.3473693
0.3476992
0.3476992
0.3476992
0.3476992
0.3476992
0.3476726
0.3476726
0.3476726
0.3476726
0.3476726
0.3473291
0.3473291
0.3473291
0.3473291
0.3473291
0.3463868
0.3463868
0.3463868
0.3463868
0.3463868
0.3464048
0.3464048
0.3464048
0.3464048
0.3464048
0.3473718
0.3473718
0.3473718
0.3473718
0.3473718
0.3477226
0.3477226
0.3477226
0.3477226
0.3477226
0.3478311
0.3478311
0.3478311
0.3478311
0.3478311
0.3474642
0.3474642
0.3474642
0.3474642
0.3474642
0.3465133
0.3465133
0.3465133
0.3465133
0.3465133
0.3465227
0.3465227
0.3465227
0.3465227
0.3465227
0.3474774
0.3474774
0.3474774
0.3474774
0.3474774
0.3478328
0.3478328
0.3478328
0.3478328
0.3478328
0.3478269
0.3478269
0.3478269
0.3478269
0.3478269
0.3474611
0.3474611
0.3474611
0.3474611
0.3474611
0.3465126
0.3465126
0.3465126
0.3465126
0.3465126
0.3465205
0.3465205
0.3465205
0.3465205
0.3465205
0.3473586
0.3473586
0.3473586
0.3473586
0.3473586
0.347717
0.347717
0.347717
0.347717
0.347717
0.3477158
0.3477158
0.3477158
0.3477158
0.3477158
0.347356
0.347356
0.347356
0.347356
0.347356
0.3463952
0.3463952
0.3463952
0.3463952
0.3463952
0.346361
0.346361
0.346361
0.346361
0.346361
0.3473099
0.3473099
0.3473099
0.3473099
0.3473099
0.3476779
0.3476779
0.3476779
0.3476779
0.3476779
0.3476928
0.3476928
0.3476928
0.3476928
0.3476928
0.3473541
0.3473541
0.3473541
0.3473541
0.3473541
0.3463747
0.3463747
0.3463747
0.3463747
0.3463747
0.3463486
0.3463486
0.3463486
0.3463486
0.3463486
0.3472588
0.3472588
0.3472588
0.3472588
0.3472588
0.3476501
0.3476501
0.3476501
0.3476501
0.3476501
0.3476514
0.3476514
0.3476514
0.3476514
0.3476514
0.3472161
0.3472161
0.3472161
0.3472161
0.3472161
0.3460181
0.3460181
0.3460181
0.3460181
0.3460181
0.3455333
0.3455333
0.3455333
0.3455333
0.3455333
0.345339
0.345339
0.345339
0.345339
0.345339
0.3458434
0.3458434
0.3458434
0.3458434
0.3458434
0.3472093
0.3472093
0.3472093
0.3472093
0.3472093
0.3476939
0.3476939
0.3476939
0.3476939
0.3476939
0.3476837
0.3476837
0.3476837
0.3476837
0.3476837
0.3472703
0.3472703
0.3472703
0.3472703
0.3472703
0.346329
0.346329
0.346329
0.346329
0.346329
0.3463646
0.3463646
0.3463646
0.3463646
0.3463646
0.347376
0.347376
0.347376
0.347376
0.347376
0.347729
0.347729
0.347729
0.347729
0.347729
0.347704
0.347704
0.347704
0.347704
0.347704
0.347309
0.347309
0.347309
0.347309
0.347309
0.3462189
0.3462189
0.3462189
0.3462189
0.3462189
0.3462351
0.3462351
0.3462351
0.3462351
0.3462351
0.3472307
0.3472307
0.3472307
0.3472307
0.3472307
0.3476008
0.3476008
0.3476008
0.3476008
0.3476008
0.3475903
0.3475903
0.3475903
0.3475903
0.3475903
0.34717
0.34717
0.34717
0.34717
0.34717
0.3461906
0.3461906
0.3461906
0.3461906
0.3461906
0.3462001
0.3462001
0.3462001
0.3462001
0.3462001
0.3471882
0.3471882
0.3471882
0.3471882
0.3471882
0.3475622
0.3475622
0.3475622
0.3475622
0.3475622
0.3475559
0.3475559
0.3475559
0.3475559
0.3475559
0.3471728
0.3471728
0.3471728
0.3471728
0.3471728
0.3461912
0.3461912
0.3461912
0.3461912
0.3461912
0.3461995
0.3461995
0.3461995
0.3461995
0.3461995
0.3471857
0.3471857
0.3471857
0.3471857
0.3471857
0.3475969
0.3475969
0.3475969
0.3475969
0.3475969
0.3475946
0.3475946
0.3475946
0.3475946
0.3475946
0.347215
0.347215
0.347215
0.347215
0.347215
0.3462261
0.3462261
0.3462261
0.3462261
0.3462261
0.3462278
0.3462278
0.3462278
0.3462278
0.3462278
0.3473246
0.3473246
0.3473246
0.3473246
0.3473246
0.3477102
0.3477102
0.3477102
0.3477102
0.3477102
0.3477228
0.3477228
0.3477228
0.3477228
0.3477228
0.3473606
0.3473606
0.3473606
0.3473606
0.3473606
0.3463547
0.3463547
0.3463547
0.3463547
0.3463547
0.3463357
0.3463357
0.3463357
0.3463357
0.3463357
0.3472807
0.3472807
0.3472807
0.3472807
0.3472807
0.3476813
0.3476813
0.3476813
0.3476813
0.3476813
0.3476723
0.3476723
0.3476723
0.3476723
0.3476723
0.3471696
0.3471696
0.3471696
0.3471696
0.3471696
0.3458056
0.3458056
0.3458056
0.3458056
0.3458056
0.3453273
0.3453273
0.3453273
0.3453273
0.3453273
0.3451565
0.3451565
0.3451565
0.3451565
0.3451565
0.3456645
0.3456645
0.3456645
0.3456645
0.3456645
0.3469536
0.3469536
0.3469536
0.3469536
0.3469536
0.3474317
0.3474317
0.3474317
0.3474317
0.3474317
0.3474302
0.3474302
0.3474302
0.3474302
0.3474302
0.347009
0.347009
0.347009
0.347009
0.347009
0.3460339
0.3460339
0.3460339
0.3460339
0.3460339
0.3460641
0.3460641
0.3460641
0.3460641
0.3460641
0.3470963
0.3470963
0.3470963
0.3470963
0.3470963
0.3474705
0.3474705
0.3474705
0.3474705
0.3474705
0.3474495
0.3474495
0.3474495
0.3474495
0.3474495
0.347045
0.347045
0.347045
0.347045
0.347045
0.3460444
0.3460444
0.3460444
0.3460444
0.3460444
0.346091
0.346091
0.346091
0.346091
0.346091
0.3471046
0.3471046
0.3471046
0.3471046
0.3471046
0.3474949
0.3474949
0.3474949
0.3474949
0.3474949
0.3474854
0.3474854
0.3474854
0.3474854
0.3474854
0.3470778
0.3470778
0.3470778
0.3470778
0.3470778
0.346201
0.346201
0.346201
0.346201
0.346201
0.3462151
0.3462151
0.3462151
0.3462151
0.3462151
0.3472288
0.3472288
0.3472288
0.3472288
0.3472288
0.3476144
0.3476144
0.3476144
0.3476144
0.3476144
0.347608
0.347608
0.347608
0.347608
0.347608
0.3472144
0.3472144
0.3472144
0.3472144
0.3472144
0.3462072
0.3462072
0.3462072
0.3462072
0.3462072
0.3462115
0.3462115
0.3462115
0.3462115
0.3462115
0.3472145
0.3472145
0.3472145
0.3472145
0.3472145
0.3476122
0.3476122
0.3476122
0.3476122
0.3476122
0.3474891
0.3474891
0.3474891
0.3474891
0.3474891
0.3470892
0.3470892
0.3470892
0.3470892
0.3470892
0.3460825
0.3460825
0.3460825
0.3460825
0.3460825
0.3460877
0.3460877
0.3460877
0.3460877
0.3460877
0.3470952
0.3470952
0.3470952
0.3470952
0.3470952
0.3474566
0.3474566
0.3474566
0.3474566
0.3474566
0.347465
0.347465
0.347465
0.347465
0.347465
0.3470816
0.3470816
0.3470816
0.3470816
0.3470816
0.3460546
0.3460546
0.3460546
0.3460546
0.3460546
0.346041
0.346041
0.346041
0.346041
0.346041
0.3470191
0.3470191
0.3470191
0.3470191
0.3470191
0.3474274
0.3474274
0.3474274
0.3474274
0.3474274
0.3474088
0.3474088
0.3474088
0.3474088
0.3474088
0.346879
0.346879
0.346879
0.346879
0.346879
0.3455918
0.3455918
0.3455918
0.3455918
0.3455918
0.345144
0.345144
0.345144
0.345144
0.345144
0.3449948
0.3449948
0.3449948
0.3449948
0.3449948
0.3455099
0.3455099
0.3455099
0.3455099
0.3455099
0.3468357
0.3468357
0.3468357
0.3468357
0.3468357
0.34737
0.34737
0.34737
0.34737
0.34737
0.3474946
0.3474946
0.3474946
0.3474946
0.3474946
0.347069
0.347069
0.347069
0.347069
0.347069
0.3460663
0.3460663
0.3460663
0.3460663
0.3460663
0.3460915
0.3460915
0.3460915
0.3460915
0.3460915
0.3471377
0.3471377
0.3471377
0.3471377
0.3471377
0.3475352
0.3475352
0.3475352
0.3475352
0.3475352
0.3475199
0.3475199
0.3475199
0.3475199
0.3475199
0.3471096
0.3471096
0.3471096
0.3471096
0.3471096
0.346095
0.346095
0.346095
0.346095
0.346095
0.3460935
0.3460935
0.3460935
0.3460935
0.3460935
0.3469855
0.3469855
0.3469855
0.3469855
0.3469855
0.3474003
0.3474003
0.3474003
0.3474003
0.3474003
0.3473945
0.3473945
0.3473945
0.3473945
0.3473945
0.3469712
0.3469712
0.3469712
0.3469712
0.3469712
0.3459625
0.3459625
0.3459625
0.3459625
0.3459625
0.3459462
0.3459462
0.3459462
0.3459462
0.3459462
0.3469772
0.3469772
0.3469772
0.3469772
0.3469772
0.3473754
0.3473754
0.3473754
0.3473754
0.3473754
0.3473689
0.3473689
0.3473689
0.3473689
0.3473689
0.3469613
0.3469613
0.3469613
0.3469613
0.3469613
0.3459366
0.3459366
0.3459366
0.3459366
0.3459366
0.3459375
0.3459375
0.3459375
0.3459375
0.3459375
0.3469529
0.3469529
0.3469529
0.3469529
0.3469529
0.3473667
0.3473667
0.3473667
0.3473667
0.3473667
0.3473596
0.3473596
0.3473596
0.3473596
0.3473596
0.3469757
0.3469757
0.3469757
0.3469757
0.3469757
0.3459692
0.3459692
0.3459692
0.3459692
0.3459692
0.3459897
0.3459897
0.3459897
0.3459897
0.3459897
0.3470114
0.3470114
0.3470114
0.3470114
0.3470114
0.3474122
0.3474122
0.3474122
0.3474122
0.3474122
0.3475721
0.3475721
0.3475721
0.3475721
0.3475721
0.347171
0.347171
0.347171
0.347171
0.347171
0.3461302
0.3461302
0.3461302
0.3461302
0.3461302
0.3461219
0.3461219
0.3461219
0.3461219
0.3461219
0.3471277
0.3471277
0.3471277
0.3471277
0.3471277
0.3476784
0.3476784
0.3476784
0.3476784
0.3476784
0.3476514
0.3476514
0.3476514
0.3476514
0.3476514
0.347099
0.347099
0.347099
0.347099
0.347099
0.3457772
0.3457772
0.3457772
0.3457772
0.3457772
0.3452901
0.3452901
0.3452901
0.3452901
0.3452901
0.3452239
0.3452239
0.3452239
0.3452239
0.3452239
0.345746
0.345746
0.345746
0.345746
0.345746
0.3470983
0.3470983
0.3470983
0.3470983
0.3470983
0.347653
0.347653
0.347653
0.347653
0.347653
0.3476667
0.3476667
0.3476667
0.3476667
0.3476667
0.3471035
0.3471035
0.3471035
0.3471035
0.3471035
0.346081
0.346081
0.346081
0.346081
0.346081
0.346101
0.346101
0.346101
0.346101
0.346101
0.3471539
0.3471539
0.3471539
0.3471539
0.3471539
0.3475639
0.3475639
0.3475639
0.3475639
0.3475639
0.3473791
0.3473791
0.3473791
0.3473791
0.3473791
0.3469639
0.3469639
0.3469639
0.3469639
0.3469639
0.3459431
0.3459431
0.3459431
0.3459431
0.3459431
0.3459253
0.3459253
0.3459253
0.3459253
0.3459253
0.346931
0.346931
0.346931
0.346931
0.346931
0.3473204
0.3473204
0.3473204
0.3473204
0.3473204
0.3473209
0.3473209
0.3473209
0.3473209
0.3473209
0.3468911
0.3468911
0.3468911
0.3468911
0.3468911
0.3458675
0.3458675
0.3458675
0.3458675
0.3458675
0.3458827
0.3458827
0.3458827
0.3458827
0.3458827
0.3469198
0.3469198
0.3469198
0.3469198
0.3469198
0.3473337
0.3473337
0.3473337
0.3473337
0.3473337
0.3473271
0.3473271
0.3473271
0.3473271
0.3473271
0.3469037
0.3469037
0.3469037
0.3469037
0.3469037
0.3458729
0.3458729
0.3458729
0.3458729
0.3458729
0.3459142
0.3459142
0.3459142
0.3459142
0.3459142
0.3469443
0.3469443
0.3469443
0.3469443
0.3469443
0.3473644
0.3473644
0.3473644
0.3473644
0.3473644
0.3473507
0.3473507
0.3473507
0.3473507
0.3473507
0.3469039
0.3469039
0.3469039
0.3469039
0.3469039
0.3460303
0.3460303
0.3460303
0.3460303
0.3460303
0.3460672
0.3460672
0.3460672
0.3460672
0.3460672
0.3470943
0.3470943
0.3470943
0.3470943
0.3470943
0.3474995
0.3474995
0.3474995
0.3474995
0.3474995
0.3474955
0.3474955
0.3474955
0.3474955
0.3474955
0.3470691
0.3470691
0.3470691
0.3470691
0.3470691
0.3460219
0.3460219
0.3460219
0.3460219
0.3460219
0.3460194
0.3460194
0.3460194
0.3460194
0.3460194
0.3470455
0.3470455
0.3470455
0.3470455
0.3470455
0.3474602
0.3474602
0.3474602
0.3474602
0.3474602
0.3473032
0.3473032
0.3473032
0.3473032
0.3473032
0.346728
0.346728
0.346728
0.346728
0.346728
0.3453767
0.3453767
0.3453767
0.3453767
0.3453767
0.3448821
0.3448821
0.3448821
0.3448821
0.3448821
0.3447677
0.3447677
0.3447677
0.3447677
0.3447677
0.3452598
0.3452598
0.3452598
0.3452598
0.3452598
0.3466345
0.3466345
0.3466345
0.3466345
0.3466345
0.347212
0.347212
0.347212
0.347212
0.347212
0.3472344
0.3472344
0.3472344
0.3472344
0.3472344
0.3468001
0.3468001
0.3468001
0.3468001
0.3468001
0.3457645
0.3457645
0.3457645
0.3457645
0.3457645
0.3457801
0.3457801
0.3457801
0.3457801
0.3457801
0.3468375
0.3468375
0.3468375
0.3468375
0.3468375
0.347264
0.347264
0.347264
0.347264
0.347264
0.3472599
0.3472599
0.3472599
0.3472599
0.3472599
0.3468782
0.3468782
0.3468782
0.3468782
0.3468782
0.345857
0.345857
0.345857
0.345857
0.345857
0.3458228
0.3458228
0.3458228
0.3458228
0.3458228
0.3468189
0.3468189
0.3468189
0.3468189
0.3468189
0.3472726
0.3472726
0.3472726
0.3472726
0.3472726
0.3474041
0.3474041
0.3474041
0.3474041
0.3474041
0.3469723
0.3469723
0.3469723
0.3469723
0.3469723
0.3459392
0.3459392
0.3459392
0.3459392
0.3459392
0.3459453
0.3459453
0.3459453
0.3459453
0.3459453
0.3469778
0.3469778
0.3469778
0.3469778
0.3469778
0.3474074
0.3474074
0.3474074
0.3474074
0.3474074
0.3474007
0.3474007
0.3474007
0.3474007
0.3474007
0.3469597
0.3469597
0.3469597
0.3469597
0.3469597
0.345934
0.345934
0.345934
0.345934
0.345934
0.345947
0.345947
0.345947
0.345947
0.345947
0.3468644
0.3468644
0.3468644
0.3468644
0.3468644
0.3472866
0.3472866
0.3472866
0.3472866
0.3472866
0.3472645
0.3472645
0.3472645
0.3472645
0.3472645
0.3468011
0.3468011
0.3468011
0.3468011
0.3468011
0.3458122
0.3458122
0.3458122
0.3458122
0.3458122
0.3458287
0.3458287
0.3458287
0.3458287
0.3458287
0.3468566
0.3468566
0.3468566
0.3468566
0.3468566
0.3472654
0.3472654
0.3472654
0.3472654
0.3472654
0.3472562
0.3472562
0.3472562
0.3472562
0.3472562
0.34682
0.34682
0.34682
0.34682
0.34682
0.3457686
0.3457686
0.3457686
0.3457686
0.3457686
0.3457703
0.3457703
0.3457703
0.3457703
0.3457703
0.3468096
0.3468096
0.3468096
0.3468096
0.3468096
0.3472294
0.3472294
0.3472294
0.3472294
0.3472294
0.3471859
0.3471859
0.3471859
0.3471859
0.3471859
0.3466253
0.3466253
0.3466253
0.3466253
0.3466253
0.3452531
0.3452531
0.3452531
0.3452531
0.3452531
0.3447526
0.3447526
0.3447526
0.3447526
0.3447526
0.3446518
0.3446518
0.3446518
0.3446518
0.3446518
0.3451868
0.3451868
0.3451868
0.3451868
0.3451868
0.3467024
0.3467024
0.3467024
0.3467024
0.3467024
0.3472987
0.3472987
0.3472987
0.3472987
0.3472987
0.3473287
0.3473287
0.3473287
0.3473287
0.3473287
0.3468931
0.3468931
0.3468931
0.3468931
0.3468931
0.3458551
0.3458551
0.3458551
0.3458551
0.3458551
0.3458587
0.3458587
0.3458587
0.3458587
0.3458587
0.3469094
0.3469094
0.3469094
0.3469094
0.3469094
0.3473521
0.3473521
0.3473521
0.3473521
0.3473521
0.3473542
0.3473542
0.3473542
0.3473542
0.3473542
0.3469326
0.3469326
0.3469326
0.3469326
0.3469326
0.345788
0.345788
0.345788
0.345788
0.345788
0.3457446
0.3457446
0.3457446
0.3457446
0.3457446
0.3467366
0.3467366
0.3467366
0.3467366
0.3467366
0.3471996
0.3471996
0.3471996
0.3471996
0.3471996
0.3472143
0.3472143
0.3472143
0.3472143
0.3472143
0.3467443
0.3467443
0.3467443
0.3467443
0.3467443
0.3457086
0.3457086
0.3457086
0.3457086
0.3457086
0.3457017
0.3457017
0.3457017
0.3457017
0.3457017
0.3467294
0.3467294
0.3467294
0.3467294
0.3467294
0.3471749
0.3471749
0.3471749
0.3471749
0.3471749
0.3471682
0.3471682
0.3471682
0.3471682
0.3471682
0.3467129
0.3467129
0.3467129
0.3467129
0.3467129
0.3456921
0.3456921
0.3456921
0.3456921
0.3456921
0.3457182
0.3457182
0.3457182
0.3457182
0.3457182
0.3467609
0.3467609
0.3467609
0.3467609
0.3467609
0.3472212
0.3472212
0.3472212
0.3472212
0.3472212
0.3471926
0.3471926
0.3471926
0.3471926
0.3471926
0.3467199
0.3467199
0.3467199
0.3467199
0.3467199
0.3457353
0.3457353
0.3457353
0.3457353
0.3457353
0.345798
0.345798
0.345798
0.345798
0.345798
0.3469492
0.3469492
0.3469492
0.3469492
0.3469492
0.3473608
0.3473608
0.3473608
0.3473608
0.3473608
0.3473451
0.3473451
0.3473451
0.3473451
0.3473451
0.3468925
0.3468925
0.3468925
0.3468925
0.3468925
0.3458479
0.3458479
0.3458479
0.3458479
0.3458479
0.3458617
0.3458617
0.3458617
0.3458617
0.3458617
0.346903
0.346903
0.346903
0.346903
0.346903
0.3473238
0.3473238
0.3473238
0.3473238
0.3473238
0.3472724
0.3472724
0.3472724
0.3472724
0.3472724
0.346656
0.346656
0.346656
0.346656
0.346656
0.3451428
0.3451428
0.3451428
0.3451428
0.3451428
0.3446365
0.3446365
0.3446365
0.3446365
0.3446365
0.3445474
0.3445474
0.3445474
0.3445474
0.3445474
0.3450869
0.3450869
0.3450869
0.3450869
0.3450869
0.3464921
0.3464921
0.3464921
0.3464921
0.3464921
0.3470706
0.3470706
0.3470706
0.3470706
0.3470706
0.3471099
0.3471099
0.3471099
0.3471099
0.3471099
0.3466756
0.3466756
0.3466756
0.3466756
0.3466756
0.3456415
0.3456415
0.3456415
0.3456415
0.3456415
0.3456291
0.3456291
0.3456291
0.3456291
0.3456291
0.3466621
0.3466621
0.3466621
0.3466621
0.3466621
0.3471237
0.3471237
0.3471237
0.3471237
0.3471237
0.3471336
0.3471336
0.3471336
0.3471336
0.3471336
0.346708
0.346708
0.346708
0.346708
0.346708
0.345682
0.345682
0.345682
0.345682
0.345682
0.345676
0.345676
0.345676
0.345676
0.345676
0.3466671
0.3466671
0.3466671
0.3466671
0.3466671
0.3471354
0.3471354
0.3471354
0.3471354
0.3471354
0.3471543
0.3471543
0.3471543
0.3471543
0.3471543
0.3467197
0.3467197
0.3467197
0.3467197
0.3467197
0.3458086
0.3458086
0.3458086
0.3458086
0.3458086
0.3457912
0.3457912
0.3457912
0.3457912
0.3457912
0.3468105
0.3468105
0.3468105
0.3468105
0.3468105
0.347267
0.347267
0.347267
0.347267
0.347267
0.3472602
0.3472602
0.3472602
0.3472602
0.3472602
0.3467957
0.3467957
0.3467957
0.3467957
0.3467957
0.3457834
0.3457834
0.3457834
0.3457834
0.3457834
0.34582
0.34582
0.34582
0.34582
0.34582
0.3468607
0.3468607
0.3468607
0.3468607
0.3468607
0.3472853
0.3472853
0.3472853
0.3472853
0.3472853
0.3471296
0.3471296
0.3471296
0.3471296
0.3471296
0.3466516
0.3466516
0.3466516
0.3466516
0.3466516
0.345668
0.345668
0.345668
0.345668
0.345668
0.3457303
0.3457303
0.3457303
0.3457303
0.3457303
0.3467627
0.3467627
0.3467627
0.3467627
0.3467627
0.3471412
0.3471412
0.3471412
0.3471412
0.3471412
0.3471177
0.3471177
0.3471177
0.3471177
0.3471177
0.3466465
0.3466465
0.3466465
0.3466465
0.3466465
0.345619
0.345619
0.345619
0.345619
0.345619
0.3456482
0.3456482
0.3456482
0.3456482
0.3456482
0.3466857
0.3466857
0.3466857
0.3466857
0.3466857
0.3471049
0.3471049
0.3471049
0.3471049
0.3471049
0.347044
0.347044
0.347044
0.347044
0.347044
0.3464086
0.3464086
0.3464086
0.3464086
0.3464086
0.3450058
0.3450058
0.3450058
0.3450058
0.3450058
0.344532
0.344532
0.344532
0.344532
0.344532
0.3444533
0.3444533
0.3444533
0.3444533
0.3444533
0.3449984
0.3449984
0.3449984
0.3449984
0.3449984
0.3464196
0.3464196
0.3464196
0.3464196
0.3464196
0.3470459
0.3470459
0.3470459
0.3470459
0.3470459
0.3472157
0.3472157
0.3472157
0.3472157
0.3472157
0.3467863
0.3467863
0.3467863
0.3467863
0.3467863
0.3457628
0.3457628
0.3457628
0.3457628
0.3457628
0.3457299
0.3457299
0.3457299
0.3457299
0.3457299
0.3467421
0.3467421
0.3467421
0.3467421
0.3467421
0.3472217
0.3472217
0.3472217
0.3472217
0.3472217
0.3472398
0.3472398
0.3472398
0.3472398
0.3472398
0.3468121
0.3468121
0.3468121
0.3468121
0.3468121
0.3457814
0.3457814
0.3457814
0.3457814
0.3457814
0.345743
0.345743
0.345743
0.345743
0.345743
0.3466136
0.3466136
0.3466136
0.3466136
0.3466136
0.3470824
0.3470824
0.3470824
0.3470824
0.3470824
0.3471029
0.3471029
0.3471029
0.3471029
0.3471029
0.3466679
0.3466679
0.3466679
0.3466679
0.3466679
0.3456368
0.3456368
0.3456368
0.3456368
0.3456368
0.3455729
0.3455729
0.3455729
0.3455729
0.3455729
0.3465849
0.3465849
0.3465849
0.3465849
0.3465849
0.3470479
0.3470479
0.3470479
0.3470479
0.3470479
0.3470411
0.3470411
0.3470411
0.3470411
0.3470411
0.3465683
0.3465683
0.3465683
0.3465683
0.3465683
0.3455637
0.3455637
0.3455637
0.3455637
0.3455637
0.3456092
0.3456092
0.3456092
0.3456092
0.3456092
0.3466471
0.3466471
0.3466471
0.3466471
0.3466471
0.3470722
0.3470722
0.3470722
0.3470722
0.3470722
0.3470383
0.3470383
0.3470383
0.3470383
0.3470383
0.3466071
0.3466071
0.3466071
0.3466071
0.3466071
0.3456191
0.3456191
0.3456191
0.3456191
0.3456191
0.3456771
0.3456771
0.3456771
0.3456771
0.3456771
0.3467147
0.3467147
0.3467147
0.3467147
0.3467147
0.3471326
0.3471326
0.3471326
0.3471326
0.3471326
0.3472758
0.3472758
0.3472758
0.3472758
0.3472758
0.3467929
0.3467929
0.3467929
0.3467929
0.3467929
0.3457864
0.3457864
0.3457864
0.3457864
0.3457864
0.3458361
0.3458361
0.3458361
0.3458361
0.3458361
0.3468629
0.3468629
0.3468629
0.3468629
0.3468629
0.3474109
0.3474109
0.3474109
0.3474109
0.3474109
0.3473412
0.3473412
0.3473412
0.3473412
0.3473412
0.3466956
0.3466956
0.3466956
0.3466956
0.3466956
0.3452787
0.3452787
0.3452787
0.3452787
0.3452787
0.3447633
0.3447633
0.3447633
0.3447633
0.3447633
0.3447677
0.3447677
0.3447677
0.3447677
0.3447677
0.3453151
0.3453151
0.3453151
0.3453151
0.3453151
0.3467396
0.3467396
0.3467396
0.3467396
0.3467396
0.3473816
0.3473816
0.3473816
0.3473816
0.3473816
0.3474385
0.3474385
0.3474385
0.3474385
0.3474385
0.3468865
0.3468865
0.3468865
0.3468865
0.3468865
0.3458762
0.3458762
0.3458762
0.3458762
0.3458762
0.3458241
0.3458241
0.3458241
0.3458241
0.3458241
0.3468077
0.3468077
0.3468077
0.3468077
0.3468077
0.3472931
0.3472931
0.3472931
0.3472931
0.3472931
0.347117
0.347117
0.347117
0.347117
0.347117
0.3466881
0.3466881
0.3466881
0.3466881
0.3466881
0.3456525
0.3456525
0.3456525
0.3456525
0.3456525
0.345621
0.345621
0.345621
0.345621
0.345621
0.3466158
0.3466158
0.3466158
0.3466158
0.3466158
0.3470272
0.3470272
0.3470272
0.3470272
0.3470272
0.3470489
0.3470489
0.3470489
0.3470489
0.3470489
0.3466139
0.3466139
0.3466139
0.3466139
0.3466139
0.3455845
0.3455845
0.3455845
0.3455845
0.3455845
0.3455561
0.3455561
0.3455561
0.3455561
0.3455561
0.3465544
0.3465544
0.3465544
0.3465544
0.3465544
0.3470226
0.3470226
0.3470226
0.3470226
0.3470226
0.3470157
0.3470157
0.3470157
0.3470157
0.3470157
0.3465377
0.3465377
0.3465377
0.3465377
0.3465377
0.3455449
0.3455449
0.3455449
0.3455449
0.3455449
0.345636
0.345636
0.345636
0.345636
0.345636
0.3466719
0.3466719
0.3466719
0.3466719
0.3466719
0.347097
0.347097
0.347097
0.347097
0.347097
0.3470616
0.3470616
0.3470616
0.3470616
0.3470616
0.3465817
0.3465817
0.3465817
0.3465817
0.3465817
0.3457237
0.3457237
0.3457237
0.3457237
0.3457237
0.3457749
0.3457749
0.3457749
0.3457749
0.3457749
0.3468167
0.3468167
0.3468167
0.3468167
0.3468167
0.3472355
0.3472355
0.3472355
0.3472355
0.3472355
0.3471948
0.3471948
0.3471948
0.3471948
0.3471948
0.3466954
0.3466954
0.3466954
0.3466954
0.3466954
0.3457172
0.3457172
0.3457172
0.3457172
0.3457172
0.3457864
0.3457864
0.3457864
0.3457864
0.3457864
0.3468004
0.3468004
0.3468004
0.3468004
0.3468004
0.3472068
0.3472068
0.3472068
0.3472068
0.3472068
0.3469971
0.3469971
0.3469971
0.3469971
0.3469971
0.346334
0.346334
0.346334
0.346334
0.346334
0.3449108
0.3449108
0.3449108
0.3449108
0.3449108
0.3443925
0.3443925
0.3443925
0.3443925
0.3443925
0.3443293
0.3443293
0.3443293
0.3443293
0.3443293
0.3448354
0.3448354
0.3448354
0.3448354
0.3448354
0.346261
0.346261
0.346261
0.346261
0.346261
0.3469234
0.3469234
0.3469234
0.3469234
0.3469234
0.3469923
0.3469923
0.3469923
0.3469923
0.3469923
0.3465782
0.3465782
0.3465782
0.3465782
0.3465782
0.3455782
0.3455782
0.3455782
0.3455782
0.3455782
0.3455112
0.3455112
0.3455112
0.3455112
0.3455112
0.3464684
0.3464684
0.3464684
0.3464684
0.3464684
0.346965
0.346965
0.346965
0.346965
0.346965
0.347
0.347
0.347
0.347
0.347
0.346613
0.346613
0.346613
0.346613
0.346613
0.3455785
0.3455785
0.3455785
0.3455785
0.3455785
0.3455473
0.3455473
0.3455473
0.3455473
0.3455473
0.3465355
0.3465355
0.3465355
0.3465355
0.3465355
0.3470097
0.3470097
0.3470097
0.3470097
0.3470097
0.3471627
0.3471627
0.3471627
0.3471627
0.3471627
0.3467255
0.3467255
0.3467255
0.3467255
0.3467255
0.3456927
0.3456927
0.3456927
0.3456927
0.3456927
0.3456705
0.3456705
0.3456705
0.3456705
0.3456705
0.3466686
0.3466686
0.3466686
0.3466686
0.3466686
0.3471346
0.3471346
0.3471346
0.3471346
0.3471346
0.3471277
0.3471277
0.3471277
0.3471277
0.3471277
0.3466508
0.3466508
0.3466508
0.3466508
0.3466508
0.3456598
0.3456598
0.3456598
0.3456598
0.3456598
0.3457017
0.3457017
0.3457017
0.3457017
0.3457017
0.3466116
0.3466116
0.3466116
0.3466116
0.3466116
0.3470391
0.3470391
0.3470391
0.3470391
0.3470391
0.3470013
0.3470013
0.3470013
0.3470013
0.3470013
0.3465174
0.3465174
0.3465174
0.3465174
0.3465174
0.3455365
0.3455365
0.3455365
0.3455365
0.3455365
0.3455449
0.3455449
0.3455449
0.3455449
0.3455449
0.3465862
0.3465862
0.3465862
0.3465862
0.3465862
0.3470058
0.3470058
0.3470058
0.3470058
0.3470058
0.3469571
0.3469571
0.3469571
0.3469571
0.3469571
0.3464505
0.3464505
0.3464505
0.3464505
0.3464505
0.3454992
0.3454992
0.3454992
0.3454992
0.3454992
0.3455835
0.3455835
0.3455835
0.3455835
0.3455835
0.3465872
0.3465872
0.3465872
0.3465872
0.3465872
0.3469861
0.3469861
0.3469861
0.3469861
0.3469861
0.346895
0.346895
0.346895
0.346895
0.346895
0.3462548
0.3462548
0.3462548
0.3462548
0.3462548
0.3448321
0.3448321
0.3448321
0.3448321
0.3448321
0.344314
0.344314
0.344314
0.344314
0.344314
0.3442549
0.3442549
0.3442549
0.3442549
0.3442549
0.3447965
0.3447965
0.3447965
0.3447965
0.3447965
0.346332
0.346332
0.346332
0.346332
0.346332
0.3470258
0.3470258
0.3470258
0.3470258
0.3470258
0.3471132
0.3471132
0.3471132
0.3471132
0.3471132
0.346706
0.346706
0.346706
0.346706
0.346706
0.3457146
0.3457146
0.3457146
0.3457146
0.3457146
0.3456399
0.3456399
0.3456399
0.3456399
0.3456399
0.3465631
0.3465631
0.3465631
0.3465631
0.3465631
0.3470722
0.3470722
0.3470722
0.3470722
0.3470722
0.347117
0.347117
0.347117
0.347117
0.347117
0.3466855
0.3466855
0.3466855
0.3466855
0.3466855
0.3455229
0.3455229
0.3455229
0.3455229
0.3455229
0.3454954
0.3454954
0.3454954
0.3454954
0.3454954
0.3464683
0.3464683
0.3464683
0.3464683
0.3464683
0.346951
0.346951
0.346951
0.346951
0.346951
0.3469765
0.3469765
0.3469765
0.3469765
0.3469765
0.3464884
0.3464884
0.3464884
0.3464884
0.3464884
0.3454603
0.3454603
0.3454603
0.3454603
0.3454603
0.3454461
0.3454461
0.3454461
0.3454461
0.3454461
0.3464403
0.3464403
0.3464403
0.3464403
0.3464403
0.3469096
0.3469096
0.3469096
0.3469096
0.3469096
0.3469026
0.3469026
0.3469026
0.3469026
0.3469026
0.3464234
0.3464234
0.3464234
0.3464234
0.3464234
0.3454364
0.3454364
0.3454364
0.3454364
0.3454364
0.3454703
0.3454703
0.3454703
0.3454703
0.3454703
0.3465056
0.3465056
0.3465056
0.3465056
0.3465056
0.3469836
0.3469836
0.3469836
0.3469836
0.3469836
0.346944
0.346944
0.346944
0.346944
0.346944
0.3464516
0.3464516
0.3464516
0.3464516
0.3464516
0.3454858
0.3454858
0.3454858
0.3454858
0.3454858
0.3455328
0.3455328
0.3455328
0.3455328
0.3455328
0.3467022
0.3467022
0.3467022
0.3467022
0.3467022
0.3471235
0.3471235
0.3471235
0.3471235
0.3471235
0.3470648
0.3470648
0.3470648
0.3470648
0.3470648
0.3465456
0.3465456
0.3465456
0.3465456
0.3465456
0.3456284
0.3456284
0.3456284
0.3456284
0.3456284
0.3457206
0.3457206
0.3457206
0.3457206
0.3457206
0.3467151
0.3467151
0.3467151
0.3467151
0.3467151
0.3471066
0.3471066
0.3471066
0.3471066
0.3471066
0.3469967
0.3469967
0.3469967
0.3469967
0.3469967
0.3462827
0.3462827
0.3462827
0.3462827
0.3462827
0.3447507
0.3447507
0.3447507
0.3447507
0.3447507
0.344239
0.344239
0.344239
0.344239
0.344239
0.3441781
0.3441781
0.3441781
0.3441781
0.3441781
0.3446976
0.3446976
0.3446976
0.3446976
0.3446976
0.3460412
0.3460412
0.3460412
0.3460412
0.3460412
0.3467586
0.3467586
0.3467586
0.3467586
0.3467586
0.3468811
0.3468811
0.3468811
0.3468811
0.3468811
0.346477
0.346477
0.346477
0.346477
0.346477
0.3454781
0.3454781
0.3454781
0.3454781
0.3454781
0.3454172
0.3454172
0.3454172
0.3454172
0.3454172
0.3463018
0.3463018
0.3463018
0.3463018
0.3463018
0.3468289
0.3468289
0.3468289
0.3468289
0.3468289
0.346882
0.346882
0.346882
0.346882
0.346882
0.3464332
0.3464332
0.3464332
0.3464332
0.3464332
0.3454208
0.3454208
0.3454208
0.3454208
0.3454208
0.3454421
0.3454421
0.3454421
0.3454421
0.3454421
0.3463863
0.3463863
0.3463863
0.3463863
0.3463863
0.3468865
0.3468865
0.3468865
0.3468865
0.3468865
0.3469124
0.3469124
0.3469124
0.3469124
0.3469124
0.3464445
0.3464445
0.3464445
0.3464445
0.3464445
0.3455752
0.3455752
0.3455752
0.3455752
0.3455752
0.3455665
0.3455665
0.3455665
0.3455665
0.3455665
0.3465351
0.3465351
0.3465351
0.3465351
0.3465351
0.3470196
0.3470196
0.3470196
0.3470196
0.3470196
0.3470125
0.3470125
0.3470125
0.3470125
0.3470125
0.3465192
0.3465192
0.3465192
0.3465192
0.3465192
0.3455579
0.3455579
0.3455579
0.3455579
0.3455579
0.3455863
0.3455863
0.3455863
0.3455863
0.3455863
0.3465926
0.3465926
0.3465926
0.3465926
0.3465926
0.3470502
0.3470502
0.3470502
0.3470502
0.3470502
0.3468809
0.3468809
0.3468809
0.3468809
0.3468809
0.3463711
0.3463711
0.3463711
0.3463711
0.3463711
0.3454339
0.3454339
0.3454339
0.3454339
0.3454339
0.3454744
0.3454744
0.3454744
0.3454744
0.3454744
0.3464935
0.3464935
0.3464935
0.3464935
0.3464935
0.3468894
0.3468894
0.3468894
0.3468894
0.3468894
0.3468221
0.3468221
0.3468221
0.3468221
0.3468221
0.3462847
0.3462847
0.3462847
0.3462847
0.3462847
0.345406
0.345406
0.345406
0.345406
0.345406
0.3454845
0.3454845
0.3454845
0.3454845
0.3454845
0.3464857
0.3464857
0.3464857
0.3464857
0.3464857
0.3468738
0.3468738
0.3468738
0.3468738
0.3468738
0.3467286
0.3467286
0.3467286
0.3467286
0.3467286
0.3459485
0.3459485
0.3459485
0.3459485
0.3459485
0.3446085
0.3446085
0.3446085
0.3446085
0.3446085
0.3441612
0.3441612
0.3441612
0.3441612
0.3441612
0.3440926
0.3440926
0.3440926
0.3440926
0.3440926
0.34459
0.34459
0.34459
0.34459
0.34459
0.3458846
0.3458846
0.3458846
0.3458846
0.3458846
0.3467021
0.3467021
0.3467021
0.3467021
0.3467021
0.3469883
0.3469883
0.3469883
0.3469883
0.3469883
0.3465847
0.3465847
0.3465847
0.3465847
0.3465847
0.3455927
0.3455927
0.3455927
0.3455927
0.3455927
0.3455339
0.3455339
0.3455339
0.3455339
0.3455339
0.3463837
0.3463837
0.3463837
0.3463837
0.3463837
0.3469334
0.3469334
0.3469334
0.3469334
0.3469334
0.3469935
0.3469935
0.3469935
0.3469935
0.3469935
0.3465259
0.3465259
0.3465259
0.3465259
0.3465259
0.3455359
0.3455359
0.3455359
0.3455359
0.3455359
0.345519
0.345519
0.345519
0.345519
0.345519
0.3463079
0.3463079
0.3463079
0.3463079
0.3463079
0.346827
0.346827
0.346827
0.346827
0.346827
0.3468517
0.3468517
0.3468517
0.3468517
0.3468517
0.3463603
0.3463603
0.3463603
0.3463603
0.3463603
0.3453898
0.3453898
0.3453898
0.3453898
0.3453898
0.345342
0.345342
0.345342
0.345342
0.345342
0.346288
0.346288
0.346288
0.346288
0.346288
0.3467894
0.3467894
0.3467894
0.3467894
0.3467894
0.3467822
0.3467822
0.3467822
0.3467822
0.3467822
0.3462708
0.3462708
0.3462708
0.3462708
0.3462708
0.3453338
0.3453338
0.3453338
0.3453338
0.3453338
0.3453581
0.3453581
0.3453581
0.3453581
0.3453581
0.3463359
0.3463359
0.3463359
0.3463359
0.3463359
0.3468173
0.3468173
0.3468173
0.3468173
0.3468173
0.3467783
0.3467783
0.3467783
0.3467783
0.3467783
0.3463081
0.3463081
0.3463081
0.3463081
0.3463081
0.3453968
0.3453968
0.3453968
0.3453968
0.3453968
0.3454333
0.3454333
0.3454333
0.3454333
0.3454333
0.3464304
0.3464304
0.3464304
0.3464304
0.3464304
0.346888
0.346888
0.346888
0.346888
0.346888
0.3470158
0.3470158
0.3470158
0.3470158
0.3470158
0.3464599
0.3464599
0.3464599
0.3464599
0.3464599
0.3456168
0.3456168
0.3456168
0.3456168
0.3456168
0.3456934
0.3456934
0.3456934
0.3456934
0.3456934
0.3466879
0.3466879
0.3466879
0.3466879
0.3466879
0.3472048
0.3472048
0.3472048
0.3472048
0.3472048
0.3470259
0.3470259
0.3470259
0.3470259
0.3470259
0.3461899
0.3461899
0.3461899
0.3461899
0.3461899
0.3449011
0.3449011
0.3449011
0.3449011
0.3449011
0.3444353
0.3444353
0.3444353
0.3444353
0.3444353
0.3444031
0.3444031
0.3444031
0.3444031
0.3444031
0.3448097
0.3448097
0.3448097
0.3448097
0.3448097
0.3458528
0.3458528
0.3458528
0.3458528
0.3458528
0.3468722
0.3468722
0.3468722
0.3468722
0.3468722
0.3471144
0.3471144
0.3471144
0.3471144
0.3471144
0.3464872
0.3464872
0.3464872
0.3464872
0.3464872
0.3456505
0.3456505
0.3456505
0.3456505
0.3456505
0.3456004
0.3456004
0.3456004
0.3456004
0.3456004
0.3462858
0.3462858
0.3462858
0.3462858
0.3462858
0.3469349
0.3469349
0.3469349
0.3469349
0.3469349
0.3467686
0.3467686
0.3467686
0.3467686
0.3467686
0.3461805
0.3461805
0.3461805
0.3461805
0.3461805
0.3453712
0.3453712
0.3453712
0.3453712
0.3453712
0.3453574
0.3453574
0.3453574
0.3453574
0.3453574
0.3461105
0.3461105
0.3461105
0.3461105
0.3461105
0.3466675
0.3466675
0.3466675
0.3466675
0.3466675
0.3466876
0.3466876
0.3466876
0.3466876
0.3466876
0.3460767
0.3460767
0.3460767
0.3460767
0.3460767
0.3452867
0.3452867
0.3452867
0.3452867
0.3452867
0.3452856
0.3452856
0.3452856
0.3452856
0.3452856
0.3460601
0.3460601
0.3460601
0.3460601
0.3460601
0.3466707
0.3466707
0.3466707
0.3466707
0.3466707
0.3466631
0.3466631
0.3466631
0.3466631
0.3466631
0.3460428
0.3460428
0.3460428
0.3460428
0.3460428
0.3452729
0.3452729
0.3452729
0.3452729
0.3452729
0.3453407
0.3453407
0.3453407
0.3453407
0.3453407
0.3461382
0.3461382
0.3461382
0.3461382
0.3461382
0.3467392
0.3467392
0.3467392
0.3467392
0.3467392
0.3467042
0.3467042
0.3467042
0.3467042
0.3467042
0.3460686
0.3460686
0.3460686
0.3460686
0.3460686
0.3454591
0.3454591
0.3454591
0.3454591
0.3454591
0.3454918
0.3454918
0.3454918
0.3454918
0.3454918
0.3463081
0.3463081
0.3463081
0.3463081
0.3463081
0.3468862
0.3468862
0.3468862
0.3468862
0.3468862
0.3468118
0.3468118
0.3468118
0.3468118
0.3468118
0.3461493
0.3461493
0.3461493
0.3461493
0.3461493
0.3454704
0.3454704
0.3454704
0.3454704
0.3454704
0.3455374
0.3455374
0.3455374
0.3455374
0.3455374
0.346377
0.346377
0.346377
0.346377
0.346377
0.3468531
0.3468531
0.3468531
0.3468531
0.3468531
0.3464471
0.3464471
0.3464471
0.3464471
0.3464471
0.3454092
0.3454092
0.3454092
0.3454092
0.3454092
0.3443731
0.3443731
0.3443731
0.3443731
0.3443731
0.3439988
0.3439988
0.3439988
0.3439988
0.3439988
0.3438222
0.3438222
0.3438222
0.3438222
0.3438222
0.3440495
0.3440495
0.3440495
0.3440495
0.3440495
0.3447535
0.3447535
0.3447535
0.3447535
0.3447535
0.3458148
0.3458148
0.3458148
0.3458148
0.3458148
0.3462366
0.3462366
0.3462366
0.3462366
0.3462366
0.3457089
0.3457089
0.3457089
0.3457089
0.3457089
0.3451465
0.3451465
0.3451465
0.3451465
0.3451465
0.345107
0.345107
0.345107
0.345107
0.345107
0.3455687
0.3455687
0.3455687
0.3455687
0.3455687
0.346222
0.346222
0.346222
0.346222
0.346222
0.3462769
0.3462769
0.3462769
0.3462769
0.3462769
0.3456919
0.3456919
0.3456919
0.3456919
0.3456919
0.3451495
0.3451495
0.3451495
0.3451495
0.3451495
0.3451402
0.3451402
0.3451402
0.3451402
0.3451402
0.3456517
0.3456517
0.3456517
0.3456517
0.3456517
0.3462998
0.3462998
0.3462998
0.3462998
0.3462998
0.3464499
0.3464499
0.3464499
0.3464499
0.3464499
0.3458015
0.3458015
0.3458015
0.3458015
0.3458015
0.3452726
0.3452726
0.3452726
0.3452726
0.3452726
0.3452752
0.3452752
0.3452752
0.3452752
0.3452752
0.3458036
0.3458036
0.3458036
0.3458036
0.3458036
0.3464448
0.3464448
0.3464448
0.3464448
0.3464448
0.3464372
0.3464372
0.3464372
0.3464372
0.3464372
0.345786
0.345786
0.345786
0.345786
0.345786
0.3452653
0.3452653
0.3452653
0.3452653
0.3452653
0.345281
0.345281
0.345281
0.345281
0.345281
0.3456795
0.3456795
0.3456795
0.3456795
0.3456795
0.3463191
0.3463191
0.3463191
0.3463191
0.3463191
0.3462905
0.3462905
0.3462905
0.3462905
0.3462905
0.3456333
0.3456333
0.3456333
0.3456333
0.3456333
0.3451292
0.3451292
0.3451292
0.3451292
0.3451292
0.3451099
0.3451099
0.3451099
0.3451099
0.3451099
0.3456595
0.3456595
0.3456595
0.3456595
0.3456595
0.3462823
0.3462823
0.3462823
0.3462823
0.3462823
0.346212
0.346212
0.346212
0.346212
0.346212
0.345549
0.345549
0.345549
0.345549
0.345549
0.3450937
0.3450937
0.3450937
0.3450937
0.3450937
0.3451485
0.3451485
0.3451485
0.3451485
0.3451485
0.3457136
0.3457136
0.3457136
0.3457136
0.3457136
0.3462236
0.3462236
0.3462236
0.3462236
0.3462236
0.3457773
0.3457773
0.3457773
0.3457773
0.3457773
0.3447485
0.3447485
0.3447485
0.3447485
0.3447485
0.3440553
0.3440553
0.3440553
0.3440553
0.3440553
0.343815
0.343815
0.343815
0.343815
0.343815
)
;

boundaryField
{
    electrolyteSides
    {
        type            zeroGradient;
    }
    electrolyte_to_fuel
    {
        type            zeroGradient;
    }
    electrolyte_to_air
    {
        type            zeroGradient;
    }
}


// ************************************************************************* //
