/*--------------------------------*- C++ -*----------------------------------*\
| =========                 |                                                 |
| \\      /  F ield         | OpenFOAM: The Open Source CFD Toolbox           |
|  \\    /   O peration     | Version:  4.0                                   |
|   \\  /    A nd           | Web:      www.OpenFOAM.org                      |
|    \\/     M anipulation  |                                                 |
\*---------------------------------------------------------------------------*/
FoamFile
{
    version     2.0;
    format      ascii;
    class       volScalarField;
    location    "60/electrolyte";
    object      etaActC;
}
// * * * * * * * * * * * * * * * * * * * * * * * * * * * * * * * * * * * * * //

dimensions      [1 2 -3 0 0 -1 0];

internalField   nonuniform List<scalar> 
4840
(
0.5758702
0.5758702
0.5758702
0.5758702
0.5758702
0.5757247
0.5757247
0.5757247
0.5757247
0.5757247
0.575517
0.575517
0.575517
0.575517
0.575517
0.5754553
0.5754553
0.5754553
0.5754553
0.5754553
0.5755579
0.5755579
0.5755579
0.5755579
0.5755579
0.5756192
0.5756192
0.5756192
0.5756192
0.5756192
0.575869
0.575869
0.575869
0.575869
0.575869
0.5758849
0.5758849
0.5758849
0.5758849
0.5758849
0.5756763
0.5756763
0.5756763
0.5756763
0.5756763
0.5759373
0.5759373
0.5759373
0.5759373
0.5759373
0.5759499
0.5759499
0.5759499
0.5759499
0.5759499
0.5758195
0.5758195
0.5758195
0.5758195
0.5758195
0.5760157
0.5760157
0.5760157
0.5760157
0.5760157
0.5759831
0.5759831
0.5759831
0.5759831
0.5759831
0.5757675
0.5757675
0.5757675
0.5757675
0.5757675
0.5760097
0.5760097
0.5760097
0.5760097
0.5760097
0.5759868
0.5759868
0.5759868
0.5759868
0.5759868
0.5758142
0.5758142
0.5758142
0.5758142
0.5758142
0.576019
0.576019
0.576019
0.576019
0.576019
0.5759978
0.5759978
0.5759978
0.5759978
0.5759978
0.5757911
0.5757911
0.5757911
0.5757911
0.5757911
0.5759973
0.5759973
0.5759973
0.5759973
0.5759973
0.5759971
0.5759971
0.5759971
0.5759971
0.5759971
0.5757909
0.5757909
0.5757909
0.5757909
0.5757909
0.5760015
0.5760015
0.5760015
0.5760015
0.5760015
0.5760208
0.5760208
0.5760208
0.5760208
0.5760208
0.5758161
0.5758161
0.5758161
0.5758161
0.5758161
0.5759886
0.5759886
0.5759886
0.5759886
0.5759886
0.5760109
0.5760109
0.5760109
0.5760109
0.5760109
0.5757688
0.5757688
0.5757688
0.5757688
0.5757688
0.57599
0.57599
0.57599
0.57599
0.57599
0.5760204
0.5760204
0.5760204
0.5760204
0.5760204
0.5758241
0.5758241
0.5758241
0.5758241
0.5758241
0.575955
0.575955
0.575955
0.575955
0.575955
0.5759375
0.5759375
0.5759375
0.5759375
0.5759375
0.5756759
0.5756759
0.5756759
0.5756759
0.5756759
0.5758853
0.5758853
0.5758853
0.5758853
0.5758853
0.5758697
0.5758697
0.5758697
0.5758697
0.5758697
0.5756196
0.5756196
0.5756196
0.5756196
0.5756196
0.5755548
0.5755548
0.5755548
0.5755548
0.5755548
0.5754479
0.5754479
0.5754479
0.5754479
0.5754479
0.5755112
0.5755112
0.5755112
0.5755112
0.5755112
0.5757183
0.5757183
0.5757183
0.5757183
0.5757183
0.5758627
0.5758627
0.5758627
0.5758627
0.5758627
0.5760971
0.5760971
0.5760971
0.5760971
0.5760971
0.576594
0.576594
0.576594
0.576594
0.576594
0.5770499
0.5770499
0.5770499
0.5770499
0.5770499
0.5771523
0.5771523
0.5771523
0.5771523
0.5771523
0.5770604
0.5770604
0.5770604
0.5770604
0.5770604
0.5770955
0.5770955
0.5770955
0.5770955
0.5770955
0.5764492
0.5764492
0.5764492
0.5764492
0.5764492
0.5766977
0.5766977
0.5766977
0.5766977
0.5766977
0.5772721
0.5772721
0.5772721
0.5772721
0.5772721
0.5773714
0.5773714
0.5773714
0.5773714
0.5773714
0.5773869
0.5773869
0.5773869
0.5773869
0.5773869
0.5773126
0.5773126
0.5773126
0.5773126
0.5773126
0.5766827
0.5766827
0.5766827
0.5766827
0.5766827
0.5766988
0.5766988
0.5766988
0.5766988
0.5766988
0.5773055
0.5773055
0.5773055
0.5773055
0.5773055
0.5773948
0.5773948
0.5773948
0.5773948
0.5773948
0.5773994
0.5773994
0.5773994
0.5773994
0.5773994
0.5773272
0.5773272
0.5773272
0.5773272
0.5773272
0.5767129
0.5767129
0.5767129
0.5767129
0.5767129
0.5766954
0.5766954
0.5766954
0.5766954
0.5766954
0.5773101
0.5773101
0.5773101
0.5773101
0.5773101
0.5774004
0.5774004
0.5774004
0.5774004
0.5774004
0.5773998
0.5773998
0.5773998
0.5773998
0.5773998
0.577309
0.577309
0.577309
0.577309
0.577309
0.5766945
0.5766945
0.5766945
0.5766945
0.5766945
0.5767126
0.5767126
0.5767126
0.5767126
0.5767126
0.5773239
0.5773239
0.5773239
0.5773239
0.5773239
0.5773967
0.5773967
0.5773967
0.5773967
0.5773967
0.577396
0.577396
0.577396
0.577396
0.577396
0.5773058
0.5773058
0.5773058
0.5773058
0.5773058
0.5766988
0.5766988
0.5766988
0.5766988
0.5766988
0.5766873
0.5766873
0.5766873
0.5766873
0.5766873
0.5773165
0.5773165
0.5773165
0.5773165
0.5773165
0.577385
0.577385
0.577385
0.577385
0.577385
0.5773714
0.5773714
0.5773714
0.5773714
0.5773714
0.5772725
0.5772725
0.5772725
0.5772725
0.5772725
0.5766976
0.5766976
0.5766976
0.5766976
0.5766976
0.5764511
0.5764511
0.5764511
0.5764511
0.5764511
0.577099
0.577099
0.577099
0.577099
0.577099
0.5770632
0.5770632
0.5770632
0.5770632
0.5770632
0.5771543
0.5771543
0.5771543
0.5771543
0.5771543
0.5770469
0.5770469
0.5770469
0.5770469
0.5770469
0.5765909
0.5765909
0.5765909
0.5765909
0.5765909
0.576099
0.576099
0.576099
0.576099
0.576099
0.5763345
0.5763345
0.5763345
0.5763345
0.5763345
0.5767736
0.5767736
0.5767736
0.5767736
0.5767736
0.5771921
0.5771921
0.5771921
0.5771921
0.5771921
0.5770532
0.5770532
0.5770532
0.5770532
0.5770532
0.576798
0.576798
0.576798
0.576798
0.576798
0.5769291
0.5769291
0.5769291
0.5769291
0.5769291
0.5764438
0.5764438
0.5764438
0.5764438
0.5764438
0.5766914
0.5766914
0.5766914
0.5766914
0.5766914
0.5771582
0.5771582
0.5771582
0.5771582
0.5771582
0.5770768
0.5770768
0.5770768
0.5770768
0.5770768
0.5770484
0.5770484
0.5770484
0.5770484
0.5770484
0.5771584
0.5771584
0.5771584
0.5771584
0.5771584
0.5766378
0.5766378
0.5766378
0.5766378
0.5766378
0.5766374
0.5766374
0.5766374
0.5766374
0.5766374
0.5771481
0.5771481
0.5771481
0.5771481
0.5771481
0.5770724
0.5770724
0.5770724
0.5770724
0.5770724
0.5770596
0.5770596
0.5770596
0.5770596
0.5770596
0.5771745
0.5771745
0.5771745
0.5771745
0.5771745
0.5766618
0.5766618
0.5766618
0.5766618
0.5766618
0.5766423
0.5766423
0.5766423
0.5766423
0.5766423
0.5771548
0.5771548
0.5771548
0.5771548
0.5771548
0.5770715
0.5770715
0.5770715
0.5770715
0.5770715
0.5770713
0.5770713
0.5770713
0.5770713
0.5770713
0.5771548
0.5771548
0.5771548
0.5771548
0.5771548
0.5766423
0.5766423
0.5766423
0.5766423
0.5766423
0.5766621
0.5766621
0.5766621
0.5766621
0.5766621
0.5771753
0.5771753
0.5771753
0.5771753
0.5771753
0.5770607
0.5770607
0.5770607
0.5770607
0.5770607
0.5770727
0.5770727
0.5770727
0.5770727
0.5770727
0.5771467
0.5771467
0.5771467
0.5771467
0.5771467
0.5766358
0.5766358
0.5766358
0.5766358
0.5766358
0.5766387
0.5766387
0.5766387
0.5766387
0.5766387
0.5771573
0.5771573
0.5771573
0.5771573
0.5771573
0.5770479
0.5770479
0.5770479
0.5770479
0.5770479
0.5770763
0.5770763
0.5770763
0.5770763
0.5770763
0.5771588
0.5771588
0.5771588
0.5771588
0.5771588
0.5766907
0.5766907
0.5766907
0.5766907
0.5766907
0.5764444
0.5764444
0.5764444
0.5764444
0.5764444
0.5769303
0.5769303
0.5769303
0.5769303
0.5769303
0.5767981
0.5767981
0.5767981
0.5767981
0.5767981
0.577053
0.577053
0.577053
0.577053
0.577053
0.5771928
0.5771928
0.5771928
0.5771928
0.5771928
0.5767742
0.5767742
0.5767742
0.5767742
0.5767742
0.5763347
0.5763347
0.5763347
0.5763347
0.5763347
0.5763619
0.5763619
0.5763619
0.5763619
0.5763619
0.5766693
0.5766693
0.5766693
0.5766693
0.5766693
0.5770909
0.5770909
0.5770909
0.5770909
0.5770909
0.5769032
0.5769032
0.5769032
0.5769032
0.5769032
0.5765614
0.5765614
0.5765614
0.5765614
0.5765614
0.5767528
0.5767528
0.5767528
0.5767528
0.5767528
0.5762705
0.5762705
0.5762705
0.5762705
0.5762705
0.5765151
0.5765151
0.5765151
0.5765151
0.5765151
0.5769647
0.5769647
0.5769647
0.5769647
0.5769647
0.5768231
0.5768231
0.5768231
0.5768231
0.5768231
0.5767819
0.5767819
0.5767819
0.5767819
0.5767819
0.5769464
0.5769464
0.5769464
0.5769464
0.5769464
0.576427
0.576427
0.576427
0.576427
0.576427
0.5764906
0.5764906
0.5764906
0.5764906
0.5764906
0.5769538
0.5769538
0.5769538
0.5769538
0.5769538
0.5768037
0.5768037
0.5768037
0.5768037
0.5768037
0.5767906
0.5767906
0.5767906
0.5767906
0.5767906
0.5769596
0.5769596
0.5769596
0.5769596
0.5769596
0.5764642
0.5764642
0.5764642
0.5764642
0.5764642
0.5764744
0.5764744
0.5764744
0.5764744
0.5764744
0.5769521
0.5769521
0.5769521
0.5769521
0.5769521
0.5767959
0.5767959
0.5767959
0.5767959
0.5767959
0.576796
0.576796
0.576796
0.576796
0.576796
0.5769523
0.5769523
0.5769523
0.5769523
0.5769523
0.5764743
0.5764743
0.5764743
0.5764743
0.5764743
0.5764666
0.5764666
0.5764666
0.5764666
0.5764666
0.5769648
0.5769648
0.5769648
0.5769648
0.5769648
0.5767955
0.5767955
0.5767955
0.5767955
0.5767955
0.5768033
0.5768033
0.5768033
0.5768033
0.5768033
0.5769519
0.5769519
0.5769519
0.5769519
0.5769519
0.5764887
0.5764887
0.5764887
0.5764887
0.5764887
0.5764214
0.5764214
0.5764214
0.5764214
0.5764214
0.5769396
0.5769396
0.5769396
0.5769396
0.5769396
0.5767801
0.5767801
0.5767801
0.5767801
0.5767801
0.5768218
0.5768218
0.5768218
0.5768218
0.5768218
0.5769645
0.5769645
0.5769645
0.5769645
0.5769645
0.5765137
0.5765137
0.5765137
0.5765137
0.5765137
0.5762703
0.5762703
0.5762703
0.5762703
0.5762703
0.5767515
0.5767515
0.5767515
0.5767515
0.5767515
0.5765584
0.5765584
0.5765584
0.5765584
0.5765584
0.5769002
0.5769002
0.5769002
0.5769002
0.5769002
0.5770936
0.5770936
0.5770936
0.5770936
0.5770936
0.5766719
0.5766719
0.5766719
0.5766719
0.5766719
0.5763596
0.5763596
0.5763596
0.5763596
0.5763596
0.5761889
0.5761889
0.5761889
0.5761889
0.5761889
0.5765435
0.5765435
0.5765435
0.5765435
0.5765435
0.5769203
0.5769203
0.5769203
0.5769203
0.5769203
0.5767109
0.5767109
0.5767109
0.5767109
0.5767109
0.5763654
0.5763654
0.5763654
0.5763654
0.5763654
0.576532
0.576532
0.576532
0.576532
0.576532
0.5761324
0.5761324
0.5761324
0.5761324
0.5761324
0.5763524
0.5763524
0.5763524
0.5763524
0.5763524
0.5767494
0.5767494
0.5767494
0.5767494
0.5767494
0.5766035
0.5766035
0.5766035
0.5766035
0.5766035
0.5765617
0.5765617
0.5765617
0.5765617
0.5765617
0.5766935
0.5766935
0.5766935
0.5766935
0.5766935
0.576276
0.576276
0.576276
0.576276
0.576276
0.5763555
0.5763555
0.5763555
0.5763555
0.5763555
0.5767354
0.5767354
0.5767354
0.5767354
0.5767354
0.5765808
0.5765808
0.5765808
0.5765808
0.5765808
0.5765694
0.5765694
0.5765694
0.5765694
0.5765694
0.5767162
0.5767162
0.5767162
0.5767162
0.5767162
0.5763008
0.5763008
0.5763008
0.5763008
0.5763008
0.57633
0.57633
0.57633
0.57633
0.57633
0.5767275
0.5767275
0.5767275
0.5767275
0.5767275
0.5765732
0.5765732
0.5765732
0.5765732
0.5765732
0.5765731
0.5765731
0.5765731
0.5765731
0.5765731
0.5767266
0.5767266
0.5767266
0.5767266
0.5767266
0.5763253
0.5763253
0.5763253
0.5763253
0.5763253
0.576301
0.576301
0.576301
0.576301
0.576301
0.5767161
0.5767161
0.5767161
0.5767161
0.5767161
0.5765692
0.5765692
0.5765692
0.5765692
0.5765692
0.5765794
0.5765794
0.5765794
0.5765794
0.5765794
0.5767329
0.5767329
0.5767329
0.5767329
0.5767329
0.576347
0.576347
0.576347
0.576347
0.576347
0.5762695
0.5762695
0.5762695
0.5762695
0.5762695
0.576687
0.576687
0.576687
0.576687
0.576687
0.5765545
0.5765545
0.5765545
0.5765545
0.5765545
0.576603
0.576603
0.576603
0.576603
0.576603
0.5767506
0.5767506
0.5767506
0.5767506
0.5767506
0.5763531
0.5763531
0.5763531
0.5763531
0.5763531
0.5761333
0.5761333
0.5761333
0.5761333
0.5761333
0.5765329
0.5765329
0.5765329
0.5765329
0.5765329
0.5763688
0.5763688
0.5763688
0.5763688
0.5763688
0.5767174
0.5767174
0.5767174
0.5767174
0.5767174
0.5769272
0.5769272
0.5769272
0.5769272
0.5769272
0.5765503
0.5765503
0.5765503
0.5765503
0.5765503
0.5761958
0.5761958
0.5761958
0.5761958
0.5761958
0.5760617
0.5760617
0.5760617
0.5760617
0.5760617
0.5764256
0.5764256
0.5764256
0.5764256
0.5764256
0.5767367
0.5767367
0.5767367
0.5767367
0.5767367
0.5765507
0.5765507
0.5765507
0.5765507
0.5765507
0.5762076
0.5762076
0.5762076
0.5762076
0.5762076
0.5763673
0.5763673
0.5763673
0.5763673
0.5763673
0.5759722
0.5759722
0.5759722
0.5759722
0.5759722
0.5762149
0.5762149
0.5762149
0.5762149
0.5762149
0.5765666
0.5765666
0.5765666
0.5765666
0.5765666
0.5764246
0.5764246
0.5764246
0.5764246
0.5764246
0.5763923
0.5763923
0.5763923
0.5763923
0.5763923
0.5765168
0.5765168
0.5765168
0.5765168
0.5765168
0.5761347
0.5761347
0.5761347
0.5761347
0.5761347
0.5762262
0.5762262
0.5762262
0.5762262
0.5762262
0.5765716
0.5765716
0.5765716
0.5765716
0.5765716
0.5764259
0.5764259
0.5764259
0.5764259
0.5764259
0.5764125
0.5764125
0.5764125
0.5764125
0.5764125
0.576554
0.576554
0.576554
0.576554
0.576554
0.5761731
0.5761731
0.5761731
0.5761731
0.5761731
0.5762054
0.5762054
0.5762054
0.5762054
0.5762054
0.5765688
0.5765688
0.5765688
0.5765688
0.5765688
0.5764163
0.5764163
0.5764163
0.5764163
0.5764163
0.5764161
0.5764161
0.5764161
0.5764161
0.5764161
0.576568
0.576568
0.576568
0.576568
0.576568
0.5762059
0.5762059
0.5762059
0.5762059
0.5762059
0.5761746
0.5761746
0.5761746
0.5761746
0.5761746
0.5765554
0.5765554
0.5765554
0.5765554
0.5765554
0.5764141
0.5764141
0.5764141
0.5764141
0.5764141
0.5764264
0.5764264
0.5764264
0.5764264
0.5764264
0.5765769
0.5765769
0.5765769
0.5765769
0.5765769
0.5762222
0.5762222
0.5762222
0.5762222
0.5762222
0.5761332
0.5761332
0.5761332
0.5761332
0.5761332
0.5765154
0.5765154
0.5765154
0.5765154
0.5765154
0.5763898
0.5763898
0.5763898
0.5763898
0.5763898
0.5764391
0.5764391
0.5764391
0.5764391
0.5764391
0.5765824
0.5765824
0.5765824
0.5765824
0.5765824
0.5762308
0.5762308
0.5762308
0.5762308
0.5762308
0.5759879
0.5759879
0.5759879
0.5759879
0.5759879
0.5763818
0.5763818
0.5763818
0.5763818
0.5763818
0.576218
0.576218
0.576218
0.576218
0.576218
0.5765744
0.5765744
0.5765744
0.5765744
0.5765744
0.5767607
0.5767607
0.5767607
0.5767607
0.5767607
0.5764495
0.5764495
0.5764495
0.5764495
0.5764495
0.5760857
0.5760857
0.5760857
0.5760857
0.5760857
0.5759613
0.5759613
0.5759613
0.5759613
0.5759613
0.576341
0.576341
0.576341
0.576341
0.576341
0.5765958
0.5765958
0.5765958
0.5765958
0.5765958
0.5764349
0.5764349
0.5764349
0.5764349
0.5764349
0.5761022
0.5761022
0.5761022
0.5761022
0.5761022
0.576247
0.576247
0.576247
0.576247
0.576247
0.5758731
0.5758731
0.5758731
0.5758731
0.5758731
0.5761356
0.5761356
0.5761356
0.5761356
0.5761356
0.5764367
0.5764367
0.5764367
0.5764367
0.5764367
0.5763073
0.5763073
0.5763073
0.5763073
0.5763073
0.5762498
0.5762498
0.5762498
0.5762498
0.5762498
0.5763699
0.5763699
0.5763699
0.5763699
0.5763699
0.5760114
0.5760114
0.5760114
0.5760114
0.5760114
0.5761021
0.5761021
0.5761021
0.5761021
0.5761021
0.5764219
0.5764219
0.5764219
0.5764219
0.5764219
0.5762808
0.5762808
0.5762808
0.5762808
0.5762808
0.5762541
0.5762541
0.5762541
0.5762541
0.5762541
0.5763919
0.5763919
0.5763919
0.5763919
0.5763919
0.5760367
0.5760367
0.5760367
0.5760367
0.5760367
0.5760598
0.5760598
0.5760598
0.5760598
0.5760598
0.5763975
0.5763975
0.5763975
0.5763975
0.5763975
0.5762589
0.5762589
0.5762589
0.5762589
0.5762589
0.5762585
0.5762585
0.5762585
0.5762585
0.5762585
0.5763969
0.5763969
0.5763969
0.5763969
0.5763969
0.5760601
0.5760601
0.5760601
0.5760601
0.5760601
0.5760371
0.5760371
0.5760371
0.5760371
0.5760371
0.5764046
0.5764046
0.5764046
0.5764046
0.5764046
0.5762669
0.5762669
0.5762669
0.5762669
0.5762669
0.5762804
0.5762804
0.5762804
0.5762804
0.5762804
0.5764199
0.5764199
0.5764199
0.5764199
0.5764199
0.5761007
0.5761007
0.5761007
0.5761007
0.5761007
0.5760147
0.5760147
0.5760147
0.5760147
0.5760147
0.5763733
0.5763733
0.5763733
0.5763733
0.5763733
0.5762518
0.5762518
0.5762518
0.5762518
0.5762518
0.5763097
0.5763097
0.5763097
0.5763097
0.5763097
0.5764403
0.5764403
0.5764403
0.5764403
0.5764403
0.5761397
0.5761397
0.5761397
0.5761397
0.5761397
0.5758768
0.5758768
0.5758768
0.5758768
0.5758768
0.5762487
0.5762487
0.5762487
0.5762487
0.5762487
0.576104
0.576104
0.576104
0.576104
0.576104
0.5764369
0.5764369
0.5764369
0.5764369
0.5764369
0.576596
0.576596
0.576596
0.576596
0.576596
0.5763411
0.5763411
0.5763411
0.5763411
0.5763411
0.5759652
0.5759652
0.5759652
0.5759652
0.5759652
0.5758489
0.5758489
0.5758489
0.5758489
0.5758489
0.5762424
0.5762424
0.5762424
0.5762424
0.5762424
0.5764288
0.5764288
0.5764288
0.5764288
0.5764288
0.5762917
0.5762917
0.5762917
0.5762917
0.5762917
0.5759823
0.5759823
0.5759823
0.5759823
0.5759823
0.5761
0.5761
0.5761
0.5761
0.5761
0.5757468
0.5757468
0.5757468
0.5757468
0.5757468
0.5760187
0.5760187
0.5760187
0.5760187
0.5760187
0.5762823
0.5762823
0.5762823
0.5762823
0.5762823
0.576165
0.576165
0.576165
0.576165
0.576165
0.5761022
0.5761022
0.5761022
0.5761022
0.5761022
0.5762277
0.5762277
0.5762277
0.5762277
0.5762277
0.5758889
0.5758889
0.5758889
0.5758889
0.5758889
0.5759674
0.5759674
0.5759674
0.5759674
0.5759674
0.5762786
0.5762786
0.5762786
0.5762786
0.5762786
0.5761488
0.5761488
0.5761488
0.5761488
0.5761488
0.5761351
0.5761351
0.5761351
0.5761351
0.5761351
0.5762801
0.5762801
0.5762801
0.5762801
0.5762801
0.5759391
0.5759391
0.5759391
0.5759391
0.5759391
0.5759411
0.5759411
0.5759411
0.5759411
0.5759411
0.5762622
0.5762622
0.5762622
0.5762622
0.5762622
0.576143
0.576143
0.576143
0.576143
0.576143
0.5761425
0.5761425
0.5761425
0.5761425
0.5761425
0.5762615
0.5762615
0.5762615
0.5762615
0.5762615
0.5759412
0.5759412
0.5759412
0.5759412
0.5759412
0.5759392
0.5759392
0.5759392
0.5759392
0.5759392
0.5762809
0.5762809
0.5762809
0.5762809
0.5762809
0.5761354
0.5761354
0.5761354
0.5761354
0.5761354
0.5761486
0.5761486
0.5761486
0.5761486
0.5761486
0.5762774
0.5762774
0.5762774
0.5762774
0.5762774
0.5759667
0.5759667
0.5759667
0.5759667
0.5759667
0.5758884
0.5758884
0.5758884
0.5758884
0.5758884
0.5762279
0.5762279
0.5762279
0.5762279
0.5762279
0.5761018
0.5761018
0.5761018
0.5761018
0.5761018
0.5761651
0.5761651
0.5761651
0.5761651
0.5761651
0.5762836
0.5762836
0.5762836
0.5762836
0.5762836
0.5760199
0.5760199
0.5760199
0.5760199
0.5760199
0.5757477
0.5757477
0.5757477
0.5757477
0.5757477
0.5760997
0.5760997
0.5760997
0.5760997
0.5760997
0.5759818
0.5759818
0.5759818
0.5759818
0.5759818
0.5762915
0.5762915
0.5762915
0.5762915
0.5762915
0.5764289
0.5764289
0.5764289
0.5764289
0.5764289
0.5762424
0.5762424
0.5762424
0.5762424
0.5762424
0.5758489
0.5758489
0.5758489
0.5758489
0.5758489
0.5757373
0.5757373
0.5757373
0.5757373
0.5757373
0.5761465
0.5761465
0.5761465
0.5761465
0.5761465
0.576302
0.576302
0.576302
0.576302
0.576302
0.5761836
0.5761836
0.5761836
0.5761836
0.5761836
0.5759018
0.5759018
0.5759018
0.5759018
0.5759018
0.575997
0.575997
0.575997
0.575997
0.575997
0.5756612
0.5756612
0.5756612
0.5756612
0.5756612
0.5759284
0.5759284
0.5759284
0.5759284
0.5759284
0.5761703
0.5761703
0.5761703
0.5761703
0.5761703
0.5760608
0.5760608
0.5760608
0.5760608
0.5760608
0.5760013
0.5760013
0.5760013
0.5760013
0.5760013
0.5761308
0.5761308
0.5761308
0.5761308
0.5761308
0.575789
0.575789
0.575789
0.575789
0.575789
0.575845
0.575845
0.575845
0.575845
0.575845
0.5761497
0.5761497
0.5761497
0.5761497
0.5761497
0.5760313
0.5760313
0.5760313
0.5760313
0.5760313
0.5760207
0.5760207
0.5760207
0.5760207
0.5760207
0.5761667
0.5761667
0.5761667
0.5761667
0.5761667
0.5758191
0.5758191
0.5758191
0.5758191
0.5758191
0.5758055
0.5758055
0.5758055
0.5758055
0.5758055
0.5761205
0.5761205
0.5761205
0.5761205
0.5761205
0.5760135
0.5760135
0.5760135
0.5760135
0.5760135
0.5760131
0.5760131
0.5760131
0.5760131
0.5760131
0.5761196
0.5761196
0.5761196
0.5761196
0.5761196
0.5758056
0.5758056
0.5758056
0.5758056
0.5758056
0.5758193
0.5758193
0.5758193
0.5758193
0.5758193
0.5761555
0.5761555
0.5761555
0.5761555
0.5761555
0.5760087
0.5760087
0.5760087
0.5760087
0.5760087
0.5760314
0.5760314
0.5760314
0.5760314
0.5760314
0.5761495
0.5761495
0.5761495
0.5761495
0.5761495
0.5758447
0.5758447
0.5758447
0.5758447
0.5758447
0.575785
0.575785
0.575785
0.575785
0.575785
0.5761275
0.5761275
0.5761275
0.5761275
0.5761275
0.5759984
0.5759984
0.5759984
0.5759984
0.5759984
0.5760585
0.5760585
0.5760585
0.5760585
0.5760585
0.5761689
0.5761689
0.5761689
0.5761689
0.5761689
0.5759258
0.5759258
0.5759258
0.5759258
0.5759258
0.57566
0.57566
0.57566
0.57566
0.57566
0.5759948
0.5759948
0.5759948
0.5759948
0.5759948
0.5758989
0.5758989
0.5758989
0.5758989
0.5758989
0.5761812
0.5761812
0.5761812
0.5761812
0.5761812
0.576302
0.576302
0.576302
0.576302
0.576302
0.5761465
0.5761465
0.5761465
0.5761465
0.5761465
0.5757334
0.5757334
0.5757334
0.5757334
0.5757334
0.5756271
0.5756271
0.5756271
0.5756271
0.5756271
0.5760429
0.5760429
0.5760429
0.5760429
0.5760429
0.5761695
0.5761695
0.5761695
0.5761695
0.5761695
0.5760637
0.5760637
0.5760637
0.5760637
0.5760637
0.5757994
0.5757994
0.5757994
0.5757994
0.5757994
0.5758718
0.5758718
0.5758718
0.5758718
0.5758718
0.5755543
0.5755543
0.5755543
0.5755543
0.5755543
0.5758129
0.5758129
0.5758129
0.5758129
0.5758129
0.5760439
0.5760439
0.5760439
0.5760439
0.5760439
0.5759339
0.5759339
0.5759339
0.5759339
0.5759339
0.5758819
0.5758819
0.5758819
0.5758819
0.5758819
0.5760128
0.5760128
0.5760128
0.5760128
0.5760128
0.575679
0.575679
0.575679
0.575679
0.575679
0.5757234
0.5757234
0.5757234
0.5757234
0.5757234
0.5760307
0.5760307
0.5760307
0.5760307
0.5760307
0.57592
0.57592
0.57592
0.57592
0.57592
0.5759142
0.5759142
0.5759142
0.5759142
0.5759142
0.5760599
0.5760599
0.5760599
0.5760599
0.5760599
0.5757243
0.5757243
0.5757243
0.5757243
0.5757243
0.5757093
0.5757093
0.5757093
0.5757093
0.5757093
0.5760201
0.5760201
0.5760201
0.5760201
0.5760201
0.5759172
0.5759172
0.5759172
0.5759172
0.5759172
0.575917
0.575917
0.575917
0.575917
0.575917
0.5760196
0.5760196
0.5760196
0.5760196
0.5760196
0.575709
0.575709
0.575709
0.575709
0.575709
0.5757237
0.5757237
0.5757237
0.5757237
0.5757237
0.5760601
0.5760601
0.5760601
0.5760601
0.5760601
0.5759137
0.5759137
0.5759137
0.5759137
0.5759137
0.5759192
0.5759192
0.5759192
0.5759192
0.5759192
0.5760233
0.5760233
0.5760233
0.5760233
0.5760233
0.5757249
0.5757249
0.5757249
0.5757249
0.5757249
0.5756801
0.5756801
0.5756801
0.5756801
0.5756801
0.5760146
0.5760146
0.5760146
0.5760146
0.5760146
0.5758833
0.5758833
0.5758833
0.5758833
0.5758833
0.5759196
0.5759196
0.5759196
0.5759196
0.5759196
0.5760304
0.5760304
0.5760304
0.5760304
0.5760304
0.5757982
0.5757982
0.5757982
0.5757982
0.5757982
0.5755407
0.5755407
0.5755407
0.5755407
0.5755407
0.5758572
0.5758572
0.5758572
0.5758572
0.5758572
0.5757876
0.5757876
0.5757876
0.5757876
0.5757876
0.5760395
0.5760395
0.5760395
0.5760395
0.5760395
0.5761456
0.5761456
0.5761456
0.5761456
0.5761456
0.5760191
0.5760191
0.5760191
0.5760191
0.5760191
0.5756031
0.5756031
0.5756031
0.5756031
0.5756031
0.5755248
0.5755248
0.5755248
0.5755248
0.5755248
0.5759286
0.5759286
0.5759286
0.5759286
0.5759286
0.5760474
0.5760474
0.5760474
0.5760474
0.5760474
0.575955
0.575955
0.575955
0.575955
0.575955
0.5757351
0.5757351
0.5757351
0.5757351
0.5757351
0.5757887
0.5757887
0.5757887
0.5757887
0.5757887
0.5754886
0.5754886
0.5754886
0.5754886
0.5754886
0.5757318
0.5757318
0.5757318
0.5757318
0.5757318
0.5759665
0.5759665
0.5759665
0.5759665
0.5759665
0.5758494
0.5758494
0.5758494
0.5758494
0.5758494
0.5758263
0.5758263
0.5758263
0.5758263
0.5758263
0.5759524
0.5759524
0.5759524
0.5759524
0.5759524
0.5756269
0.5756269
0.5756269
0.5756269
0.5756269
0.5756702
0.5756702
0.5756702
0.5756702
0.5756702
0.5759608
0.5759608
0.5759608
0.5759608
0.5759608
0.575851
0.575851
0.575851
0.575851
0.575851
0.5758486
0.5758486
0.5758486
0.5758486
0.5758486
0.5759906
0.5759906
0.5759906
0.5759906
0.5759906
0.5756574
0.5756574
0.5756574
0.5756574
0.5756574
0.5756488
0.5756488
0.5756488
0.5756488
0.5756488
0.5759494
0.5759494
0.5759494
0.5759494
0.5759494
0.5758478
0.5758478
0.5758478
0.5758478
0.5758478
0.5758479
0.5758479
0.5758479
0.5758479
0.5758479
0.5759491
0.5759491
0.5759491
0.5759491
0.5759491
0.5756474
0.5756474
0.5756474
0.5756474
0.5756474
0.575659
0.575659
0.575659
0.575659
0.575659
0.5759932
0.5759932
0.5759932
0.5759932
0.5759932
0.5758507
0.5758507
0.5758507
0.5758507
0.5758507
0.5758526
0.5758526
0.5758526
0.5758526
0.5758526
0.5759616
0.5759616
0.5759616
0.5759616
0.5759616
0.5756593
0.5756593
0.5756593
0.5756593
0.5756593
0.5756161
0.5756161
0.5756161
0.5756161
0.5756161
0.5759419
0.5759419
0.5759419
0.5759419
0.5759419
0.5758152
0.5758152
0.5758152
0.5758152
0.5758152
0.5758606
0.5758606
0.5758606
0.5758606
0.5758606
0.5759821
0.5759821
0.5759821
0.5759821
0.5759821
0.5757463
0.5757463
0.5757463
0.5757463
0.5757463
0.5755026
0.5755026
0.5755026
0.5755026
0.5755026
0.5758013
0.5758013
0.5758013
0.5758013
0.5758013
0.5757492
0.5757492
0.5757492
0.5757492
0.5757492
0.5759854
0.5759854
0.5759854
0.5759854
0.5759854
0.5760779
0.5760779
0.5760779
0.5760779
0.5760779
0.5759592
0.5759592
0.5759592
0.5759592
0.5759592
0.5755554
0.5755554
0.5755554
0.5755554
0.5755554
0.5754638
0.5754638
0.5754638
0.5754638
0.5754638
0.5758452
0.5758452
0.5758452
0.5758452
0.5758452
0.575969
0.575969
0.575969
0.575969
0.575969
0.5758875
0.5758875
0.5758875
0.5758875
0.5758875
0.5756972
0.5756972
0.5756972
0.5756972
0.5756972
0.575736
0.575736
0.575736
0.575736
0.575736
0.5754535
0.5754535
0.5754535
0.5754535
0.5754535
0.5756635
0.5756635
0.5756635
0.5756635
0.5756635
0.5759099
0.5759099
0.5759099
0.5759099
0.5759099
0.5757925
0.5757925
0.5757925
0.5757925
0.5757925
0.575752
0.575752
0.575752
0.575752
0.575752
0.5758689
0.5758689
0.5758689
0.5758689
0.5758689
0.5755585
0.5755585
0.5755585
0.5755585
0.5755585
0.5756004
0.5756004
0.5756004
0.5756004
0.5756004
0.5758865
0.5758865
0.5758865
0.5758865
0.5758865
0.5757749
0.5757749
0.5757749
0.5757749
0.5757749
0.5757547
0.5757547
0.5757547
0.5757547
0.5757547
0.5758861
0.5758861
0.5758861
0.5758861
0.5758861
0.575565
0.575565
0.575565
0.575565
0.575565
0.5755698
0.5755698
0.5755698
0.5755698
0.5755698
0.5758612
0.5758612
0.5758612
0.5758612
0.5758612
0.5757594
0.5757594
0.5757594
0.5757594
0.5757594
0.5757594
0.5757594
0.5757594
0.5757594
0.5757594
0.5758617
0.5758617
0.5758617
0.5758617
0.5758617
0.5755709
0.5755709
0.5755709
0.5755709
0.5755709
0.5755656
0.5755656
0.5755656
0.5755656
0.5755656
0.5759022
0.5759022
0.5759022
0.5759022
0.5759022
0.5757705
0.5757705
0.5757705
0.5757705
0.5757705
0.5757752
0.5757752
0.5757752
0.5757752
0.5757752
0.5758855
0.5758855
0.5758855
0.5758855
0.5758855
0.5756003
0.5756003
0.5756003
0.5756003
0.5756003
0.5755575
0.5755575
0.5755575
0.5755575
0.5755575
0.5758689
0.5758689
0.5758689
0.5758689
0.5758689
0.5757535
0.5757535
0.5757535
0.5757535
0.5757535
0.5757949
0.5757949
0.5757949
0.5757949
0.5757949
0.5759156
0.5759156
0.5759156
0.5759156
0.5759156
0.5756685
0.5756685
0.5756685
0.5756685
0.5756685
0.5754551
0.5754551
0.5754551
0.5754551
0.5754551
0.5757363
0.5757363
0.5757363
0.5757363
0.5757363
0.5756982
0.5756982
0.5756982
0.5756982
0.5756982
0.5758893
0.5758893
0.5758893
0.5758893
0.5758893
0.5759725
0.5759725
0.5759725
0.5759725
0.5759725
0.5758486
0.5758486
0.5758486
0.5758486
0.5758486
0.5754672
0.5754672
0.5754672
0.5754672
0.5754672
0.5753828
0.5753828
0.5753828
0.5753828
0.5753828
0.5757408
0.5757408
0.5757408
0.5757408
0.5757408
0.5758604
0.5758604
0.5758604
0.5758604
0.5758604
0.5757849
0.5757849
0.5757849
0.5757849
0.5757849
0.5756216
0.5756216
0.5756216
0.5756216
0.5756216
0.5756663
0.5756663
0.5756663
0.5756663
0.5756663
0.5754012
0.5754012
0.5754012
0.5754012
0.5754012
0.5755514
0.5755514
0.5755514
0.5755514
0.5755514
0.5757909
0.5757909
0.5757909
0.5757909
0.5757909
0.5756987
0.5756987
0.5756987
0.5756987
0.5756987
0.5756684
0.5756684
0.5756684
0.5756684
0.5756684
0.575773
0.575773
0.575773
0.575773
0.575773
0.5754989
0.5754989
0.5754989
0.5754989
0.5754989
0.5755218
0.5755218
0.5755218
0.5755218
0.5755218
0.5757866
0.5757866
0.5757866
0.5757866
0.5757866
0.5756926
0.5756926
0.5756926
0.5756926
0.5756926
0.575682
0.575682
0.575682
0.575682
0.575682
0.5757837
0.5757837
0.5757837
0.5757837
0.5757837
0.5755011
0.5755011
0.5755011
0.5755011
0.5755011
0.5755199
0.5755199
0.5755199
0.5755199
0.5755199
0.575798
0.575798
0.575798
0.575798
0.575798
0.5756927
0.5756927
0.5756927
0.5756927
0.5756927
0.5756925
0.5756925
0.5756925
0.5756925
0.5756925
0.5757972
0.5757972
0.5757972
0.5757972
0.5757972
0.5755196
0.5755196
0.5755196
0.5755196
0.5755196
0.5755009
0.5755009
0.5755009
0.5755009
0.5755009
0.575785
0.575785
0.575785
0.575785
0.575785
0.5756829
0.5756829
0.5756829
0.5756829
0.5756829
0.5756927
0.5756927
0.5756927
0.5756927
0.5756927
0.5757863
0.5757863
0.5757863
0.5757863
0.5757863
0.5755214
0.5755214
0.5755214
0.5755214
0.5755214
0.5754975
0.5754975
0.5754975
0.5754975
0.5754975
0.5757728
0.5757728
0.5757728
0.5757728
0.5757728
0.5756676
0.5756676
0.5756676
0.5756676
0.5756676
0.575699
0.575699
0.575699
0.575699
0.575699
0.5757943
0.5757943
0.5757943
0.5757943
0.5757943
0.5755536
0.5755536
0.5755536
0.5755536
0.5755536
0.5754004
0.5754004
0.5754004
0.5754004
0.5754004
0.575665
0.575665
0.575665
0.575665
0.575665
0.5756211
0.5756211
0.5756211
0.5756211
0.5756211
0.5757852
0.5757852
0.5757852
0.5757852
0.5757852
0.5758606
0.5758606
0.5758606
0.5758606
0.5758606
0.5757407
0.5757407
0.5757407
0.5757407
0.5757407
0.5753829
0.5753829
0.5753829
0.5753829
0.5753829
0.5753082
0.5753082
0.5753082
0.5753082
0.5753082
0.5756444
0.5756444
0.5756444
0.5756444
0.5756444
0.5757851
0.5757851
0.5757851
0.5757851
0.5757851
0.5757077
0.5757077
0.5757077
0.5757077
0.5757077
0.5755725
0.5755725
0.5755725
0.5755725
0.5755725
0.5756426
0.5756426
0.5756426
0.5756426
0.5756426
0.5753966
0.5753966
0.5753966
0.5753966
0.5753966
0.5754709
0.5754709
0.5754709
0.5754709
0.5754709
0.5756713
0.5756713
0.5756713
0.5756713
0.5756713
0.5756219
0.5756219
0.5756219
0.5756219
0.5756219
0.5756188
0.5756188
0.5756188
0.5756188
0.5756188
0.5757337
0.5757337
0.5757337
0.5757337
0.5757337
0.5754637
0.5754637
0.5754637
0.5754637
0.5754637
0.5754451
0.5754451
0.5754451
0.5754451
0.5754451
0.5756537
0.5756537
0.5756537
0.5756537
0.5756537
0.5756041
0.5756041
0.5756041
0.5756041
0.5756041
0.5755975
0.5755975
0.5755975
0.5755975
0.5755975
0.5756668
0.5756668
0.5756668
0.5756668
0.5756668
0.5754133
0.5754133
0.5754133
0.5754133
0.5754133
0.5754504
0.5754504
0.5754504
0.5754504
0.5754504
0.5757139
0.5757139
0.5757139
0.5757139
0.5757139
0.5756052
0.5756052
0.5756052
0.5756052
0.5756052
0.5756048
0.5756048
0.5756048
0.5756048
0.5756048
0.5757119
0.5757119
0.5757119
0.5757119
0.5757119
0.5754488
0.5754488
0.5754488
0.5754488
0.5754488
0.5754124
0.5754124
0.5754124
0.5754124
0.5754124
0.5756528
0.5756528
0.5756528
0.5756528
0.5756528
0.5755832
0.5755832
0.5755832
0.5755832
0.5755832
0.5756041
0.5756041
0.5756041
0.5756041
0.5756041
0.5756546
0.5756546
0.5756546
0.5756546
0.5756546
0.575444
0.575444
0.575444
0.575444
0.575444
0.575461
0.575461
0.575461
0.575461
0.575461
0.5757322
0.5757322
0.5757322
0.5757322
0.5757322
0.5756152
0.5756152
0.5756152
0.5756152
0.5756152
0.5756203
0.5756203
0.5756203
0.5756203
0.5756203
0.5756719
0.5756719
0.5756719
0.5756719
0.5756719
0.5754702
0.5754702
0.5754702
0.5754702
0.5754702
0.5753934
0.5753934
0.5753934
0.5753934
0.5753934
0.5756398
0.5756398
0.5756398
0.5756398
0.5756398
0.5755702
0.5755702
0.5755702
0.5755702
0.5755702
0.575706
0.575706
0.575706
0.575706
0.575706
0.5757818
0.5757818
0.5757818
0.5757818
0.5757818
0.5756409
0.5756409
0.5756409
0.5756409
0.5756409
0.575305
0.575305
0.575305
0.575305
0.575305
0.5752322
0.5752322
0.5752322
0.5752322
0.5752322
0.5755456
0.5755456
0.5755456
0.5755456
0.5755456
0.5756847
0.5756847
0.5756847
0.5756847
0.5756847
0.5756129
0.5756129
0.5756129
0.5756129
0.5756129
0.5754968
0.5754968
0.5754968
0.5754968
0.5754968
0.5755867
0.5755867
0.5755867
0.5755867
0.5755867
0.5753599
0.5753599
0.5753599
0.5753599
0.5753599
0.5753765
0.5753765
0.5753765
0.5753765
0.5753765
0.5755223
0.5755223
0.5755223
0.5755223
0.5755223
0.5755128
0.5755128
0.5755128
0.5755128
0.5755128
0.5755501
0.5755501
0.5755501
0.5755501
0.5755501
0.5756976
0.5756976
0.5756976
0.5756976
0.5756976
0.5754376
0.5754376
0.5754376
0.5754376
0.5754376
0.5753608
0.5753608
0.5753608
0.5753608
0.5753608
0.5755093
0.5755093
0.5755093
0.5755093
0.5755093
0.575509
0.575509
0.575509
0.575509
0.575509
0.5755139
0.5755139
0.5755139
0.5755139
0.5755139
0.5755564
0.5755564
0.5755564
0.5755564
0.5755564
0.5753479
0.5753479
0.5753479
0.5753479
0.5753479
0.5753928
0.5753928
0.5753928
0.5753928
0.5753928
0.5756476
0.5756476
0.5756476
0.5756476
0.5756476
0.5755388
0.5755388
0.5755388
0.5755388
0.5755388
0.5755378
0.5755378
0.5755378
0.5755378
0.5755378
0.5756456
0.5756456
0.5756456
0.5756456
0.5756456
0.5753937
0.5753937
0.5753937
0.5753937
0.5753937
0.5753465
0.5753465
0.5753465
0.5753465
0.5753465
0.5755556
0.5755556
0.5755556
0.5755556
0.5755556
0.5755127
0.5755127
0.5755127
0.5755127
0.5755127
0.5755077
0.5755077
0.5755077
0.5755077
0.5755077
0.5755096
0.5755096
0.5755096
0.5755096
0.5755096
0.5753699
0.5753699
0.5753699
0.5753699
0.5753699
0.5754437
0.5754437
0.5754437
0.5754437
0.5754437
0.5757051
0.5757051
0.5757051
0.5757051
0.5757051
0.5755589
0.5755589
0.5755589
0.5755589
0.5755589
0.5755024
0.5755024
0.5755024
0.5755024
0.5755024
0.5755113
0.5755113
0.5755113
0.5755113
0.5755113
0.5753643
0.5753643
0.5753643
0.5753643
0.5753643
0.5753456
0.5753456
0.5753456
0.5753456
0.5753456
0.5755721
0.5755721
0.5755721
0.5755721
0.5755721
0.5754812
0.5754812
0.5754812
0.5754812
0.5754812
0.5755822
0.5755822
0.5755822
0.5755822
0.5755822
0.5756541
0.5756541
0.5756541
0.5756541
0.5756541
0.5755149
0.5755149
0.5755149
0.5755149
0.5755149
0.5752017
0.5752017
0.5752017
0.5752017
0.5752017
0.5751504
0.5751504
0.5751504
0.5751504
0.5751504
0.5754343
0.5754343
0.5754343
0.5754343
0.5754343
0.5755652
0.5755652
0.5755652
0.5755652
0.5755652
0.5755139
0.5755139
0.5755139
0.5755139
0.5755139
0.5754428
0.5754428
0.5754428
0.5754428
0.5754428
0.5755324
0.5755324
0.5755324
0.5755324
0.5755324
0.5753163
0.5753163
0.5753163
0.5753163
0.5753163
0.575312
0.575312
0.575312
0.575312
0.575312
0.5754204
0.5754204
0.5754204
0.5754204
0.5754204
0.575445
0.575445
0.575445
0.575445
0.575445
0.5755309
0.5755309
0.5755309
0.5755309
0.5755309
0.5757016
0.5757016
0.5757016
0.5757016
0.5757016
0.5754355
0.5754355
0.5754355
0.5754355
0.5754355
0.5753204
0.5753204
0.5753204
0.5753204
0.5753204
0.5754102
0.5754102
0.5754102
0.5754102
0.5754102
0.5754422
0.5754422
0.5754422
0.5754422
0.5754422
0.5754568
0.5754568
0.5754568
0.5754568
0.5754568
0.5754825
0.5754825
0.5754825
0.5754825
0.5754825
0.5752853
0.5752853
0.5752853
0.5752853
0.5752853
0.5753367
0.5753367
0.5753367
0.5753367
0.5753367
0.5755812
0.5755812
0.5755812
0.5755812
0.5755812
0.5754818
0.5754818
0.5754818
0.5754818
0.5754818
0.5754805
0.5754805
0.5754805
0.5754805
0.5754805
0.5755784
0.5755784
0.5755784
0.5755784
0.5755784
0.5753303
0.5753303
0.5753303
0.5753303
0.5753303
0.5752838
0.5752838
0.5752838
0.5752838
0.5752838
0.5754811
0.5754811
0.5754811
0.5754811
0.5754811
0.575455
0.575455
0.575455
0.575455
0.575455
0.5754407
0.5754407
0.5754407
0.5754407
0.5754407
0.5754069
0.5754069
0.5754069
0.5754069
0.5754069
0.5753024
0.5753024
0.5753024
0.5753024
0.5753024
0.5754147
0.5754147
0.5754147
0.5754147
0.5754147
0.5756822
0.5756822
0.5756822
0.5756822
0.5756822
0.575513
0.575513
0.575513
0.575513
0.575513
0.5754423
0.5754423
0.5754423
0.5754423
0.5754423
0.575422
0.575422
0.575422
0.575422
0.575422
0.5753128
0.5753128
0.5753128
0.5753128
0.5753128
0.5753151
0.5753151
0.5753151
0.5753151
0.5753151
0.575531
0.575531
0.575531
0.575531
0.575531
0.5754451
0.5754451
0.5754451
0.5754451
0.5754451
0.5755275
0.5755275
0.5755275
0.5755275
0.5755275
0.5755788
0.5755788
0.5755788
0.5755788
0.5755788
0.5754479
0.5754479
0.5754479
0.5754479
0.5754479
0.5751641
0.5751641
0.5751641
0.5751641
0.5751641
0.5750952
0.5750952
0.5750952
0.5750952
0.5750952
0.5753425
0.5753425
0.5753425
0.5753425
0.5753425
0.5754614
0.5754614
0.5754614
0.5754614
0.5754614
0.5754404
0.5754404
0.5754404
0.5754404
0.5754404
0.5753852
0.5753852
0.5753852
0.5753852
0.5753852
0.5754547
0.5754547
0.5754547
0.5754547
0.5754547
0.5752578
0.5752578
0.5752578
0.5752578
0.5752578
0.5752509
0.5752509
0.5752509
0.5752509
0.5752509
0.5753347
0.5753347
0.5753347
0.5753347
0.5753347
0.5753739
0.5753739
0.5753739
0.5753739
0.5753739
0.5754625
0.5754625
0.5754625
0.5754625
0.5754625
0.5756145
0.5756145
0.5756145
0.5756145
0.5756145
0.5753559
0.5753559
0.5753559
0.5753559
0.5753559
0.5752421
0.5752421
0.5752421
0.5752421
0.5752421
0.5753303
0.5753303
0.5753303
0.5753303
0.5753303
0.575374
0.575374
0.575374
0.575374
0.575374
0.5753773
0.5753773
0.5753773
0.5753773
0.5753773
0.5753982
0.5753982
0.5753982
0.5753982
0.5753982
0.5752132
0.5752132
0.5752132
0.5752132
0.5752132
0.5752544
0.5752544
0.5752544
0.5752544
0.5752544
0.575489
0.575489
0.575489
0.575489
0.575489
0.575412
0.575412
0.575412
0.575412
0.575412
0.5754102
0.5754102
0.5754102
0.5754102
0.5754102
0.5754887
0.5754887
0.5754887
0.5754887
0.5754887
0.5752552
0.5752552
0.5752552
0.5752552
0.5752552
0.5752149
0.5752149
0.5752149
0.5752149
0.5752149
0.5754105
0.5754105
0.5754105
0.5754105
0.5754105
0.5753892
0.5753892
0.5753892
0.5753892
0.5753892
0.5753751
0.5753751
0.5753751
0.5753751
0.5753751
0.5753332
0.5753332
0.5753332
0.5753332
0.5753332
0.575241
0.575241
0.575241
0.575241
0.575241
0.5753506
0.5753506
0.5753506
0.5753506
0.5753506
0.5756104
0.5756104
0.5756104
0.5756104
0.5756104
0.5754618
0.5754618
0.5754618
0.5754618
0.5754618
0.5753752
0.5753752
0.5753752
0.5753752
0.5753752
0.575337
0.575337
0.575337
0.575337
0.575337
0.5752527
0.5752527
0.5752527
0.5752527
0.5752527
0.5752576
0.5752576
0.5752576
0.5752576
0.5752576
0.5754534
0.5754534
0.5754534
0.5754534
0.5754534
0.5753846
0.5753846
0.5753846
0.5753846
0.5753846
0.5754404
0.5754404
0.5754404
0.5754404
0.5754404
0.5754633
0.5754633
0.5754633
0.5754633
0.5754633
0.5753444
0.5753444
0.5753444
0.5753444
0.5753444
0.5750956
0.5750956
0.5750956
0.5750956
0.5750956
0.5750222
0.5750222
0.5750222
0.5750222
0.5750222
0.5752406
0.5752406
0.5752406
0.5752406
0.5752406
0.5753427
0.5753427
0.5753427
0.5753427
0.5753427
0.575351
0.575351
0.575351
0.575351
0.575351
0.5753064
0.5753064
0.5753064
0.5753064
0.5753064
0.5753434
0.5753434
0.5753434
0.5753434
0.5753434
0.5751777
0.5751777
0.5751777
0.5751777
0.5751777
0.5751712
0.5751712
0.5751712
0.5751712
0.5751712
0.5752465
0.5752465
0.5752465
0.5752465
0.5752465
0.575293
0.575293
0.575293
0.575293
0.575293
0.5753733
0.5753733
0.5753733
0.5753733
0.5753733
0.575456
0.575456
0.575456
0.575456
0.575456
0.5752641
0.5752641
0.5752641
0.5752641
0.5752641
0.5751833
0.5751833
0.5751833
0.5751833
0.5751833
0.5752755
0.5752755
0.5752755
0.5752755
0.5752755
0.5753116
0.5753116
0.5753116
0.5753116
0.5753116
0.5753208
0.5753208
0.5753208
0.5753208
0.5753208
0.575334
0.575334
0.575334
0.575334
0.575334
0.5751607
0.5751607
0.5751607
0.5751607
0.5751607
0.575191
0.575191
0.575191
0.575191
0.575191
0.5754039
0.5754039
0.5754039
0.5754039
0.5754039
0.5753532
0.5753532
0.5753532
0.5753532
0.5753532
0.5753519
0.5753519
0.5753519
0.5753519
0.5753519
0.5754031
0.5754031
0.5754031
0.5754031
0.5754031
0.5751905
0.5751905
0.5751905
0.5751905
0.5751905
0.5751601
0.5751601
0.5751601
0.5751601
0.5751601
0.5753342
0.5753342
0.5753342
0.5753342
0.5753342
0.5753209
0.5753209
0.5753209
0.5753209
0.5753209
0.5753125
0.5753125
0.5753125
0.5753125
0.5753125
0.5752776
0.5752776
0.5752776
0.5752776
0.5752776
0.5751819
0.5751819
0.5751819
0.5751819
0.5751819
0.5752603
0.5752603
0.5752603
0.5752603
0.5752603
0.5754534
0.5754534
0.5754534
0.5754534
0.5754534
0.5753719
0.5753719
0.5753719
0.5753719
0.5753719
0.5752926
0.5752926
0.5752926
0.5752926
0.5752926
0.5752471
0.5752471
0.5752471
0.5752471
0.5752471
0.5751719
0.5751719
0.5751719
0.5751719
0.5751719
0.5751766
0.5751766
0.5751766
0.5751766
0.5751766
0.5753418
0.5753418
0.5753418
0.5753418
0.5753418
0.5753053
0.5753053
0.5753053
0.5753053
0.5753053
0.5753509
0.5753509
0.5753509
0.5753509
0.5753509
0.5753431
0.5753431
0.5753431
0.5753431
0.5753431
0.5752406
0.5752406
0.5752406
0.5752406
0.5752406
0.5750222
0.5750222
0.5750222
0.5750222
0.5750222
0.5749473
0.5749473
0.5749473
0.5749473
0.5749473
0.5751484
0.5751484
0.5751484
0.5751484
0.5751484
0.5752313
0.5752313
0.5752313
0.5752313
0.5752313
0.5752588
0.5752588
0.5752588
0.5752588
0.5752588
0.5752243
0.5752243
0.5752243
0.5752243
0.5752243
0.5752384
0.5752384
0.5752384
0.5752384
0.5752384
0.5751157
0.5751157
0.5751157
0.5751157
0.5751157
0.5751089
0.5751089
0.5751089
0.5751089
0.5751089
0.5751621
0.5751621
0.5751621
0.5751621
0.5751621
0.57521
0.57521
0.57521
0.57521
0.57521
0.5752697
0.5752697
0.5752697
0.5752697
0.5752697
0.5752912
0.5752912
0.5752912
0.5752912
0.5752912
0.5751804
0.5751804
0.5751804
0.5751804
0.5751804
0.5751477
0.5751477
0.5751477
0.5751477
0.5751477
0.575216
0.575216
0.575216
0.575216
0.575216
0.5752329
0.5752329
0.5752329
0.5752329
0.5752329
0.5752301
0.5752301
0.5752301
0.5752301
0.5752301
0.5752401
0.5752401
0.5752401
0.5752401
0.5752401
0.5750993
0.5750993
0.5750993
0.5750993
0.5750993
0.5751166
0.5751166
0.5751166
0.5751166
0.5751166
0.5752699
0.5752699
0.5752699
0.5752699
0.5752699
0.5752524
0.5752524
0.5752524
0.5752524
0.5752524
0.5752514
0.5752514
0.5752514
0.5752514
0.5752514
0.5752678
0.5752678
0.5752678
0.5752678
0.5752678
0.5751143
0.5751143
0.5751143
0.5751143
0.5751143
0.5750963
0.5750963
0.5750963
0.5750963
0.5750963
0.575228
0.575228
0.575228
0.575228
0.575228
0.5752183
0.5752183
0.5752183
0.5752183
0.5752183
0.5752328
0.5752328
0.5752328
0.5752328
0.5752328
0.5752168
0.5752168
0.5752168
0.5752168
0.5752168
0.5751455
0.5751455
0.5751455
0.5751455
0.5751455
0.575178
0.575178
0.575178
0.575178
0.575178
0.5752899
0.5752899
0.5752899
0.5752899
0.5752899
0.5752678
0.5752678
0.5752678
0.5752678
0.5752678
0.5752086
0.5752086
0.5752086
0.5752086
0.5752086
0.5751621
0.5751621
0.5751621
0.5751621
0.5751621
0.5751084
0.5751084
0.5751084
0.5751084
0.5751084
0.5751139
0.5751139
0.5751139
0.5751139
0.5751139
0.5752357
0.5752357
0.5752357
0.5752357
0.5752357
0.5752238
0.5752238
0.5752238
0.5752238
0.5752238
0.5752593
0.5752593
0.5752593
0.5752593
0.5752593
0.5752298
0.5752298
0.5752298
0.5752298
0.5752298
0.5751462
0.5751462
0.5751462
0.5751462
0.5751462
0.5749471
0.5749471
0.5749471
0.5749471
0.5749471
0.5748649
0.5748649
0.5748649
0.5748649
0.5748649
0.5750269
0.5750269
0.5750269
0.5750269
0.5750269
0.5750891
0.5750891
0.5750891
0.5750891
0.5750891
0.5751402
0.5751402
0.5751402
0.5751402
0.5751402
0.5751033
0.5751033
0.5751033
0.5751033
0.5751033
0.575093
0.575093
0.575093
0.575093
0.575093
0.5750215
0.5750215
0.5750215
0.5750215
0.5750215
0.5750219
0.5750219
0.5750219
0.5750219
0.5750219
0.5750418
0.5750418
0.5750418
0.5750418
0.5750418
0.575089
0.575089
0.575089
0.575089
0.575089
0.5751195
0.5751195
0.5751195
0.5751195
0.5751195
0.5751042
0.5751042
0.5751042
0.5751042
0.5751042
0.5750836
0.5750836
0.5750836
0.5750836
0.5750836
0.5750691
0.5750691
0.5750691
0.5750691
0.5750691
0.5751217
0.5751217
0.5751217
0.5751217
0.5751217
0.5751372
0.5751372
0.5751372
0.5751372
0.5751372
0.5751249
0.5751249
0.5751249
0.5751249
0.5751249
0.5751235
0.5751235
0.5751235
0.5751235
0.5751235
0.5750346
0.5750346
0.5750346
0.5750346
0.5750346
0.5750371
0.5750371
0.5750371
0.5750371
0.5750371
0.5751164
0.5751164
0.5751164
0.5751164
0.5751164
0.5751359
0.5751359
0.5751359
0.5751359
0.5751359
0.5751357
0.5751357
0.5751357
0.5751357
0.5751357
0.5751163
0.5751163
0.5751163
0.5751163
0.5751163
0.575042
0.575042
0.575042
0.575042
0.575042
0.5750347
0.5750347
0.5750347
0.5750347
0.5750347
0.5751242
0.5751242
0.5751242
0.5751242
0.5751242
0.5751265
0.5751265
0.5751265
0.5751265
0.5751265
0.5751404
0.5751404
0.5751404
0.5751404
0.5751404
0.5751297
0.5751297
0.5751297
0.5751297
0.5751297
0.5750847
0.5750847
0.5750847
0.5750847
0.5750847
0.5750969
0.5750969
0.5750969
0.5750969
0.5750969
0.5751188
0.5751188
0.5751188
0.5751188
0.5751188
0.5751334
0.5751334
0.5751334
0.5751334
0.5751334
0.5750945
0.5750945
0.5750945
0.5750945
0.5750945
0.5750444
0.5750444
0.5750444
0.5750444
0.5750444
0.5750218
0.5750218
0.5750218
0.5750218
0.5750218
0.5750205
0.5750205
0.5750205
0.5750205
0.5750205
0.57509
0.57509
0.57509
0.57509
0.57509
0.5751005
0.5751005
0.5751005
0.5751005
0.5751005
0.5751258
0.5751258
0.5751258
0.5751258
0.5751258
0.5750746
0.5750746
0.5750746
0.5750746
0.5750746
0.5750128
0.5750128
0.5750128
0.5750128
0.5750128
0.5748513
0.5748513
0.5748513
0.5748513
0.5748513
0.574767
0.574767
0.574767
0.574767
0.574767
0.5749097
0.5749097
0.5749097
0.5749097
0.5749097
0.5749261
0.5749261
0.5749261
0.5749261
0.5749261
0.5749819
0.5749819
0.5749819
0.5749819
0.5749819
0.5749678
0.5749678
0.5749678
0.5749678
0.5749678
0.5749317
0.5749317
0.5749317
0.5749317
0.5749317
0.5749645
0.5749645
0.5749645
0.5749645
0.5749645
0.574986
0.574986
0.574986
0.574986
0.574986
0.574943
0.574943
0.574943
0.574943
0.574943
0.5749743
0.5749743
0.5749743
0.5749743
0.5749743
0.574979
0.574979
0.574979
0.574979
0.574979
0.5749411
0.5749411
0.5749411
0.5749411
0.5749411
0.5750364
0.5750364
0.5750364
0.5750364
0.5750364
0.5750478
0.5750478
0.5750478
0.5750478
0.5750478
0.575017
0.575017
0.575017
0.575017
0.575017
0.5750176
0.5750176
0.5750176
0.5750176
0.5750176
0.5750057
0.5750057
0.5750057
0.5750057
0.5750057
0.5750042
0.5750042
0.5750042
0.5750042
0.5750042
0.5749989
0.5749989
0.5749989
0.5749989
0.5749989
0.5749791
0.5749791
0.5749791
0.5749791
0.5749791
0.574943
0.574943
0.574943
0.574943
0.574943
0.5749828
0.5749828
0.5749828
0.5749828
0.5749828
0.5749835
0.5749835
0.5749835
0.5749835
0.5749835
0.5749442
0.5749442
0.5749442
0.5749442
0.5749442
0.5749709
0.5749709
0.5749709
0.5749709
0.5749709
0.5749921
0.5749921
0.5749921
0.5749921
0.5749921
0.5749974
0.5749974
0.5749974
0.5749974
0.5749974
0.575001
0.575001
0.575001
0.575001
0.575001
0.5750141
0.5750141
0.5750141
0.5750141
0.5750141
0.5750123
0.5750123
0.5750123
0.5750123
0.5750123
0.5750305
0.5750305
0.5750305
0.5750305
0.5750305
0.5750168
0.5750168
0.5750168
0.5750168
0.5750168
0.5749227
0.5749227
0.5749227
0.5749227
0.5749227
0.5749629
0.5749629
0.5749629
0.5749629
0.5749629
0.5749696
0.5749696
0.5749696
0.5749696
0.5749696
0.5749409
0.5749409
0.5749409
0.5749409
0.5749409
0.5749796
0.5749796
0.5749796
0.5749796
0.5749796
0.5749574
0.5749574
0.5749574
0.5749574
0.5749574
0.5749225
0.5749225
0.5749225
0.5749225
0.5749225
0.574967
0.574967
0.574967
0.574967
0.574967
0.5749888
0.5749888
0.5749888
0.5749888
0.5749888
0.5749318
0.5749318
0.5749318
0.5749318
0.5749318
0.574917
0.574917
0.574917
0.574917
0.574917
0.5747751
0.5747751
0.5747751
0.5747751
0.5747751
0.5747177
0.5747177
0.5747177
0.5747177
0.5747177
0.574749
0.574749
0.574749
0.574749
0.574749
0.5746479
0.5746479
0.5746479
0.5746479
0.5746479
0.5746656
0.5746656
0.5746656
0.5746656
0.5746656
0.5746633
0.5746633
0.5746633
0.5746633
0.5746633
0.57474
0.57474
0.57474
0.57474
0.57474
0.5749384
0.5749384
0.5749384
0.5749384
0.5749384
0.5749349
0.5749349
0.5749349
0.5749349
0.5749349
0.5747494
0.5747494
0.5747494
0.5747494
0.5747494
0.5746857
0.5746857
0.5746857
0.5746857
0.5746857
0.5746562
0.5746562
0.5746562
0.5746562
0.5746562
0.5747638
0.5747638
0.5747638
0.5747638
0.5747638
0.5750024
0.5750024
0.5750024
0.5750024
0.5750024
0.5749814
0.5749814
0.5749814
0.5749814
0.5749814
0.57479
0.57479
0.57479
0.57479
0.57479
0.5747215
0.5747215
0.5747215
0.5747215
0.5747215
0.5747025
0.5747025
0.5747025
0.5747025
0.5747025
0.5747521
0.5747521
0.5747521
0.5747521
0.5747521
0.5749436
0.5749436
0.5749436
0.5749436
0.5749436
0.5749297
0.5749297
0.5749297
0.5749297
0.5749297
0.5747411
0.5747411
0.5747411
0.5747411
0.5747411
0.574673
0.574673
0.574673
0.574673
0.574673
0.5746754
0.5746754
0.5746754
0.5746754
0.5746754
0.5747429
0.5747429
0.5747429
0.5747429
0.5747429
0.5749294
0.5749294
0.5749294
0.5749294
0.5749294
0.5749415
0.5749415
0.5749415
0.5749415
0.5749415
0.574759
0.574759
0.574759
0.574759
0.574759
0.5747105
0.5747105
0.5747105
0.5747105
0.5747105
0.5747233
0.5747233
0.5747233
0.5747233
0.5747233
0.5747922
0.5747922
0.5747922
0.5747922
0.5747922
0.5749821
0.5749821
0.5749821
0.5749821
0.5749821
0.5749996
0.5749996
0.5749996
0.5749996
0.5749996
0.5747615
0.5747615
0.5747615
0.5747615
0.5747615
0.5746588
0.5746588
0.5746588
0.5746588
0.5746588
0.5746909
0.5746909
0.5746909
0.5746909
0.5746909
0.5747517
0.5747517
0.5747517
0.5747517
0.5747517
0.5749353
0.5749353
0.5749353
0.5749353
0.5749353
0.5749383
0.5749383
0.5749383
0.5749383
0.5749383
0.5747378
0.5747378
0.5747378
0.5747378
0.5747378
0.5746624
0.5746624
0.5746624
0.5746624
0.5746624
0.574664
0.574664
0.574664
0.574664
0.574664
0.5746474
0.5746474
0.5746474
0.5746474
0.5746474
0.5747497
0.5747497
0.5747497
0.5747497
0.5747497
0.5747172
0.5747172
0.5747172
0.5747172
0.5747172
)
;

boundaryField
{
    electrolyteSides
    {
        type            zeroGradient;
    }
    electrolyte_to_fuel
    {
        type            zeroGradient;
    }
    electrolyte_to_air
    {
        type            zeroGradient;
    }
}


// ************************************************************************* //
