/*--------------------------------*- C++ -*----------------------------------*\
| =========                 |                                                 |
| \\      /  F ield         | OpenFOAM: The Open Source CFD Toolbox           |
|  \\    /   O peration     | Version:  4.0                                   |
|   \\  /    A nd           | Web:      www.OpenFOAM.org                      |
|    \\/     M anipulation  |                                                 |
\*---------------------------------------------------------------------------*/
FoamFile
{
    version     2.0;
    format      ascii;
    class       volScalarField;
    location    "60/electrolyte";
    object      etaConC;
}
// * * * * * * * * * * * * * * * * * * * * * * * * * * * * * * * * * * * * * //

dimensions      [1 2 -3 0 0 -1 0];

internalField   nonuniform List<scalar> 
4840
(
0.001205989
0.001205989
0.001205989
0.001205989
0.001205989
0.00120321
0.00120321
0.00120321
0.00120321
0.00120321
0.001199333
0.001199333
0.001199333
0.001199333
0.001199333
0.001198242
0.001198242
0.001198242
0.001198242
0.001198242
0.001200212
0.001200212
0.001200212
0.001200212
0.001200212
0.001201536
0.001201536
0.001201536
0.001201536
0.001201536
0.001206251
0.001206251
0.001206251
0.001206251
0.001206251
0.001206584
0.001206584
0.001206584
0.001206584
0.001206584
0.001202587
0.001202587
0.001202587
0.001202587
0.001202587
0.00120774
0.00120774
0.00120774
0.00120774
0.00120774
0.001208083
0.001208083
0.001208083
0.001208083
0.001208083
0.001205532
0.001205532
0.001205532
0.001205532
0.001205532
0.00120925
0.00120925
0.00120925
0.00120925
0.00120925
0.00120862
0.00120862
0.00120862
0.00120862
0.00120862
0.001204488
0.001204488
0.001204488
0.001204488
0.001204488
0.001209213
0.001209213
0.001209213
0.001209213
0.001209213
0.001208754
0.001208754
0.001208754
0.001208754
0.001208754
0.00120536
0.00120536
0.00120536
0.00120536
0.00120536
0.001209264
0.001209264
0.001209264
0.001209264
0.001209264
0.001208856
0.001208856
0.001208856
0.001208856
0.001208856
0.001204767
0.001204767
0.001204767
0.001204767
0.001204767
0.001208816
0.001208816
0.001208816
0.001208816
0.001208816
0.001208812
0.001208812
0.001208812
0.001208812
0.001208812
0.00120476
0.00120476
0.00120476
0.00120476
0.00120476
0.001208786
0.001208786
0.001208786
0.001208786
0.001208786
0.001209281
0.001209281
0.001209281
0.001209281
0.001209281
0.001205378
0.001205378
0.001205378
0.001205378
0.001205378
0.001208771
0.001208771
0.001208771
0.001208771
0.001208771
0.001209218
0.001209218
0.001209218
0.001209218
0.001209218
0.001204462
0.001204462
0.001204462
0.001204462
0.001204462
0.001208601
0.001208601
0.001208601
0.001208601
0.001208601
0.001209187
0.001209187
0.001209187
0.001209187
0.001209187
0.001205468
0.001205468
0.001205468
0.001205468
0.001205468
0.001208029
0.001208029
0.001208029
0.001208029
0.001208029
0.001207718
0.001207718
0.001207718
0.001207718
0.001207718
0.001202576
0.001202576
0.001202576
0.001202576
0.001202576
0.001206588
0.001206588
0.001206588
0.001206588
0.001206588
0.001206261
0.001206261
0.001206261
0.001206261
0.001206261
0.00120154
0.00120154
0.00120154
0.00120154
0.00120154
0.001200229
0.001200229
0.001200229
0.001200229
0.001200229
0.001198177
0.001198177
0.001198177
0.001198177
0.001198177
0.001199301
0.001199301
0.001199301
0.001199301
0.001199301
0.001203165
0.001203165
0.001203165
0.001203165
0.001203165
0.001205923
0.001205923
0.001205923
0.001205923
0.001205923
0.001210699
0.001210699
0.001210699
0.001210699
0.001210699
0.001220671
0.001220671
0.001220671
0.001220671
0.001220671
0.001229633
0.001229633
0.001229633
0.001229633
0.001229633
0.001231631
0.001231631
0.001231631
0.001231631
0.001231631
0.00122979
0.00122979
0.00122979
0.00122979
0.00122979
0.00123044
0.00123044
0.00123044
0.00123044
0.00123044
0.001217447
0.001217447
0.001217447
0.001217447
0.001217447
0.001222432
0.001222432
0.001222432
0.001222432
0.001222432
0.001233875
0.001233875
0.001233875
0.001233875
0.001233875
0.00123587
0.00123587
0.00123587
0.00123587
0.00123587
0.001236203
0.001236203
0.001236203
0.001236203
0.001236203
0.001234811
0.001234811
0.001234811
0.001234811
0.001234811
0.001222243
0.001222243
0.001222243
0.001222243
0.001222243
0.001222557
0.001222557
0.001222557
0.001222557
0.001222557
0.001234676
0.001234676
0.001234676
0.001234676
0.001234676
0.001236481
0.001236481
0.001236481
0.001236481
0.001236481
0.001236519
0.001236519
0.001236519
0.001236519
0.001236519
0.00123503
0.00123503
0.00123503
0.00123503
0.00123503
0.00122277
0.00122277
0.00122277
0.00122277
0.00122277
0.001222425
0.001222425
0.001222425
0.001222425
0.001222425
0.001234698
0.001234698
0.001234698
0.001234698
0.001234698
0.001236565
0.001236565
0.001236565
0.001236565
0.001236565
0.001236552
0.001236552
0.001236552
0.001236552
0.001236552
0.001234702
0.001234702
0.001234702
0.001234702
0.001234702
0.001222432
0.001222432
0.001222432
0.001222432
0.001222432
0.001222791
0.001222791
0.001222791
0.001222791
0.001222791
0.001235002
0.001235002
0.001235002
0.001235002
0.001235002
0.001236502
0.001236502
0.001236502
0.001236502
0.001236502
0.00123649
0.00123649
0.00123649
0.00123649
0.00123649
0.001234667
0.001234667
0.001234667
0.001234667
0.001234667
0.001222542
0.001222542
0.001222542
0.001222542
0.001222542
0.001222122
0.001222122
0.001222122
0.001222122
0.001222122
0.001234674
0.001234674
0.001234674
0.001234674
0.001234674
0.00123613
0.00123613
0.00123613
0.00123613
0.00123613
0.001235837
0.001235837
0.001235837
0.001235837
0.001235837
0.001233849
0.001233849
0.001233849
0.001233849
0.001233849
0.001222393
0.001222393
0.001222393
0.001222393
0.001222393
0.00121745
0.00121745
0.00121745
0.00121745
0.00121745
0.001230418
0.001230418
0.001230418
0.001230418
0.001230418
0.001229752
0.001229752
0.001229752
0.001229752
0.001229752
0.001231577
0.001231577
0.001231577
0.001231577
0.001231577
0.001229654
0.001229654
0.001229654
0.001229654
0.001229654
0.00122069
0.00122069
0.00122069
0.00122069
0.00122069
0.001210647
0.001210647
0.001210647
0.001210647
0.001210647
0.001214951
0.001214951
0.001214951
0.001214951
0.001214951
0.00122375
0.00122375
0.00122375
0.00122375
0.00122375
0.001231818
0.001231818
0.001231818
0.001231818
0.001231818
0.001229027
0.001229027
0.001229027
0.001229027
0.001229027
0.001223928
0.001223928
0.001223928
0.001223928
0.001223928
0.001226425
0.001226425
0.001226425
0.001226425
0.001226425
0.001216904
0.001216904
0.001216904
0.001216904
0.001216904
0.001221821
0.001221821
0.001221821
0.001221821
0.001221821
0.00123099
0.00123099
0.00123099
0.00123099
0.00123099
0.001229377
0.001229377
0.001229377
0.001229377
0.001229377
0.001228825
0.001228825
0.001228825
0.001228825
0.001228825
0.001230941
0.001230941
0.001230941
0.001230941
0.001230941
0.001220732
0.001220732
0.001220732
0.001220732
0.001220732
0.00122069
0.00122069
0.00122069
0.00122069
0.00122069
0.00123076
0.00123076
0.00123076
0.00123076
0.00123076
0.001229286
0.001229286
0.001229286
0.001229286
0.001229286
0.001229023
0.001229023
0.001229023
0.001229023
0.001229023
0.001231082
0.001231082
0.001231082
0.001231082
0.001231082
0.001220982
0.001220982
0.001220982
0.001220982
0.001220982
0.001220591
0.001220591
0.001220591
0.001220591
0.001220591
0.001230693
0.001230693
0.001230693
0.001230693
0.001230693
0.001229074
0.001229074
0.001229074
0.001229074
0.001229074
0.00122907
0.00122907
0.00122907
0.00122907
0.00122907
0.001230691
0.001230691
0.001230691
0.001230691
0.001230691
0.00122059
0.00122059
0.00122059
0.00122059
0.00122059
0.001220986
0.001220986
0.001220986
0.001220986
0.001220986
0.001231097
0.001231097
0.001231097
0.001231097
0.001231097
0.001229043
0.001229043
0.001229043
0.001229043
0.001229043
0.001229289
0.001229289
0.001229289
0.001229289
0.001229289
0.001230731
0.001230731
0.001230731
0.001230731
0.001230731
0.001220657
0.001220657
0.001220657
0.001220657
0.001220657
0.001220749
0.001220749
0.001220749
0.001220749
0.001220749
0.001230917
0.001230917
0.001230917
0.001230917
0.001230917
0.001228812
0.001228812
0.001228812
0.001228812
0.001228812
0.001229366
0.001229366
0.001229366
0.001229366
0.001229366
0.001230998
0.001230998
0.001230998
0.001230998
0.001230998
0.001221804
0.001221804
0.001221804
0.001221804
0.001221804
0.001216915
0.001216915
0.001216915
0.001216915
0.001216915
0.001226448
0.001226448
0.001226448
0.001226448
0.001226448
0.001223927
0.001223927
0.001223927
0.001223927
0.001223927
0.001229023
0.001229023
0.001229023
0.001229023
0.001229023
0.001231833
0.001231833
0.001231833
0.001231833
0.001231833
0.00122376
0.00122376
0.00122376
0.00122376
0.00122376
0.001214952
0.001214952
0.001214952
0.001214952
0.001214952
0.001215033
0.001215033
0.001215033
0.001215033
0.001215033
0.001221163
0.001221163
0.001221163
0.001221163
0.001221163
0.001229475
0.001229475
0.001229475
0.001229475
0.001229475
0.00122561
0.00122561
0.00122561
0.00122561
0.00122561
0.001218854
0.001218854
0.001218854
0.001218854
0.001218854
0.001222554
0.001222554
0.001222554
0.001222554
0.001222554
0.001213065
0.001213065
0.001213065
0.001213065
0.001213065
0.001217904
0.001217904
0.001217904
0.001217904
0.001217904
0.001226801
0.001226801
0.001226801
0.001226801
0.001226801
0.001224023
0.001224023
0.001224023
0.001224023
0.001224023
0.001223214
0.001223214
0.001223214
0.001223214
0.001223214
0.001226438
0.001226438
0.001226438
0.001226438
0.001226438
0.00121618
0.00121618
0.00121618
0.00121618
0.00121618
0.001217603
0.001217603
0.001217603
0.001217603
0.001217603
0.001226775
0.001226775
0.001226775
0.001226775
0.001226775
0.001223829
0.001223829
0.001223829
0.001223829
0.001223829
0.001223564
0.001223564
0.001223564
0.001223564
0.001223564
0.001226885
0.001226885
0.001226885
0.001226885
0.001226885
0.001217074
0.001217074
0.001217074
0.001217074
0.001217074
0.001217272
0.001217272
0.001217272
0.001217272
0.001217272
0.001226726
0.001226726
0.001226726
0.001226726
0.001226726
0.001223662
0.001223662
0.001223662
0.001223662
0.001223662
0.001223663
0.001223663
0.001223663
0.001223663
0.001223663
0.001226701
0.001226701
0.001226701
0.001226701
0.001226701
0.001217242
0.001217242
0.001217242
0.001217242
0.001217242
0.001217095
0.001217095
0.001217095
0.001217095
0.001217095
0.001226952
0.001226952
0.001226952
0.001226952
0.001226952
0.001223626
0.001223626
0.001223626
0.001223626
0.001223626
0.001223836
0.001223836
0.001223836
0.001223836
0.001223836
0.001226751
0.001226751
0.001226751
0.001226751
0.001226751
0.00121758
0.00121758
0.00121758
0.00121758
0.00121758
0.001216278
0.001216278
0.001216278
0.001216278
0.001216278
0.001226514
0.001226514
0.001226514
0.001226514
0.001226514
0.001223211
0.001223211
0.001223211
0.001223211
0.001223211
0.00122403
0.00122403
0.00122403
0.00122403
0.00122403
0.001226829
0.001226829
0.001226829
0.001226829
0.001226829
0.001217913
0.001217913
0.001217913
0.001217913
0.001217913
0.001213097
0.001213097
0.001213097
0.001213097
0.001213097
0.001222622
0.001222622
0.001222622
0.001222622
0.001222622
0.001218888
0.001218888
0.001218888
0.001218888
0.001218888
0.001225645
0.001225645
0.001225645
0.001225645
0.001225645
0.001229446
0.001229446
0.001229446
0.001229446
0.001229446
0.001221133
0.001221133
0.001221133
0.001221133
0.001221133
0.001215076
0.001215076
0.001215076
0.001215076
0.001215076
0.001211603
0.001211603
0.001211603
0.001211603
0.001211603
0.001218619
0.001218619
0.001218619
0.001218619
0.001218619
0.001226138
0.001226138
0.001226138
0.001226138
0.001226138
0.001222035
0.001222035
0.001222035
0.001222035
0.001222035
0.001215251
0.001215251
0.001215251
0.001215251
0.001215251
0.001218445
0.001218445
0.001218445
0.001218445
0.001218445
0.001210636
0.001210636
0.001210636
0.001210636
0.001210636
0.001214932
0.001214932
0.001214932
0.001214932
0.001214932
0.001222778
0.001222778
0.001222778
0.001222778
0.001222778
0.001219908
0.001219908
0.001219908
0.001219908
0.001219908
0.001219099
0.001219099
0.001219099
0.001219099
0.001219099
0.00122166
0.00122166
0.00122166
0.00122166
0.00122166
0.001213457
0.001213457
0.001213457
0.001213457
0.001213457
0.001214994
0.001214994
0.001214994
0.001214994
0.001214994
0.001222594
0.001222594
0.001222594
0.001222594
0.001222594
0.001219569
0.001219569
0.001219569
0.001219569
0.001219569
0.001219339
0.001219339
0.001219339
0.001219339
0.001219339
0.001222204
0.001222204
0.001222204
0.001222204
0.001222204
0.001214023
0.001214023
0.001214023
0.001214023
0.001214023
0.001214474
0.001214474
0.001214474
0.001214474
0.001214474
0.001222309
0.001222309
0.001222309
0.001222309
0.001222309
0.001219295
0.001219295
0.001219295
0.001219295
0.001219295
0.001219293
0.001219293
0.001219293
0.001219293
0.001219293
0.001222291
0.001222291
0.001222291
0.001222291
0.001222291
0.001214521
0.001214521
0.001214521
0.001214521
0.001214521
0.001214044
0.001214044
0.001214044
0.001214044
0.001214044
0.001222219
0.001222219
0.001222219
0.001222219
0.001222219
0.001219353
0.001219353
0.001219353
0.001219353
0.001219353
0.001219558
0.001219558
0.001219558
0.001219558
0.001219558
0.001222595
0.001222595
0.001222595
0.001222595
0.001222595
0.00121498
0.00121498
0.00121498
0.00121498
0.00121498
0.001213482
0.001213482
0.001213482
0.001213482
0.001213482
0.001221684
0.001221684
0.001221684
0.001221684
0.001221684
0.001219109
0.001219109
0.001219109
0.001219109
0.001219109
0.001219922
0.001219922
0.001219922
0.001219922
0.001219922
0.001222807
0.001222807
0.001222807
0.001222807
0.001222807
0.001214948
0.001214948
0.001214948
0.001214948
0.001214948
0.001210658
0.001210658
0.001210658
0.001210658
0.001210658
0.001218466
0.001218466
0.001218466
0.001218466
0.001218466
0.001215242
0.001215242
0.001215242
0.001215242
0.001215242
0.001222079
0.001222079
0.001222079
0.001222079
0.001222079
0.001226192
0.001226192
0.001226192
0.001226192
0.001226192
0.001218671
0.001218671
0.001218671
0.001218671
0.001218671
0.001211656
0.001211656
0.001211656
0.001211656
0.001211656
0.001209255
0.001209255
0.001209255
0.001209255
0.001209255
0.00121639
0.00121639
0.00121639
0.00121639
0.00121639
0.001222594
0.001222594
0.001222594
0.001222594
0.001222594
0.00121897
0.00121897
0.00121897
0.00121897
0.00121897
0.00121227
0.00121227
0.00121227
0.00121227
0.00121227
0.001215446
0.001215446
0.001215446
0.001215446
0.001215446
0.001207722
0.001207722
0.001207722
0.001207722
0.001207722
0.001212437
0.001212437
0.001212437
0.001212437
0.001212437
0.001219382
0.001219382
0.001219382
0.001219382
0.001219382
0.001216625
0.001216625
0.001216625
0.001216625
0.001216625
0.001215467
0.001215467
0.001215467
0.001215467
0.001215467
0.001217874
0.001217874
0.001217874
0.001217874
0.001217874
0.001210389
0.001210389
0.001210389
0.001210389
0.001210389
0.001212169
0.001212169
0.001212169
0.001212169
0.001212169
0.001218962
0.001218962
0.001218962
0.001218962
0.001218962
0.001215914
0.001215914
0.001215914
0.001215914
0.001215914
0.001215644
0.001215644
0.001215644
0.001215644
0.001215644
0.001218398
0.001218398
0.001218398
0.001218398
0.001218398
0.001210914
0.001210914
0.001210914
0.001210914
0.001210914
0.001211554
0.001211554
0.001211554
0.001211554
0.001211554
0.001218688
0.001218688
0.001218688
0.001218688
0.001218688
0.001215716
0.001215716
0.001215716
0.001215716
0.001215716
0.001215712
0.001215712
0.001215712
0.001215712
0.001215712
0.001218673
0.001218673
0.001218673
0.001218673
0.001218673
0.001211557
0.001211557
0.001211557
0.001211557
0.001211557
0.001210943
0.001210943
0.001210943
0.001210943
0.001210943
0.001218423
0.001218423
0.001218423
0.001218423
0.001218423
0.001215674
0.001215674
0.001215674
0.001215674
0.001215674
0.001215922
0.001215922
0.001215922
0.001215922
0.001215922
0.001218857
0.001218857
0.001218857
0.001218857
0.001218857
0.001212201
0.001212201
0.001212201
0.001212201
0.001212201
0.001210471
0.001210471
0.001210471
0.001210471
0.001210471
0.001217959
0.001217959
0.001217959
0.001217959
0.001217959
0.001215529
0.001215529
0.001215529
0.001215529
0.001215529
0.001216477
0.001216477
0.001216477
0.001216477
0.001216477
0.001219254
0.001219254
0.001219254
0.001219254
0.001219254
0.001212311
0.001212311
0.001212311
0.001212311
0.001212311
0.001207592
0.001207592
0.001207592
0.001207592
0.001207592
0.001215292
0.001215292
0.001215292
0.001215292
0.001215292
0.001212147
0.001212147
0.001212147
0.001212147
0.001212147
0.001218643
0.001218643
0.001218643
0.001218643
0.001218643
0.001222272
0.001222272
0.001222272
0.001222272
0.001222272
0.001216068
0.001216068
0.001216068
0.001216068
0.001216068
0.001208935
0.001208935
0.001208935
0.001208935
0.001208935
0.001206552
0.001206552
0.001206552
0.001206552
0.001206552
0.001213834
0.001213834
0.001213834
0.001213834
0.001213834
0.001218912
0.001218912
0.001218912
0.001218912
0.001218912
0.001215792
0.001215792
0.001215792
0.001215792
0.001215792
0.001209323
0.001209323
0.001209323
0.001209323
0.001209323
0.001212103
0.001212103
0.001212103
0.001212103
0.001212103
0.001204837
0.001204837
0.001204837
0.001204837
0.001204837
0.001209907
0.001209907
0.001209907
0.001209907
0.001209907
0.001215832
0.001215832
0.001215832
0.001215832
0.001215832
0.001213333
0.001213333
0.001213333
0.001213333
0.001213333
0.001212233
0.001212233
0.001212233
0.001212233
0.001212233
0.001214554
0.001214554
0.001214554
0.001214554
0.001214554
0.001207569
0.001207569
0.001207569
0.001207569
0.001207569
0.001209338
0.001209338
0.001209338
0.001209338
0.001209338
0.001215595
0.001215595
0.001215595
0.001215595
0.001215595
0.001212845
0.001212845
0.001212845
0.001212845
0.001212845
0.001212761
0.001212761
0.001212761
0.001212761
0.001212761
0.001215436
0.001215436
0.001215436
0.001215436
0.001215436
0.001208496
0.001208496
0.001208496
0.001208496
0.001208496
0.001208957
0.001208957
0.001208957
0.001208957
0.001208957
0.001215557
0.001215557
0.001215557
0.001215557
0.001215557
0.00121285
0.00121285
0.00121285
0.00121285
0.00121285
0.001212841
0.001212841
0.001212841
0.001212841
0.001212841
0.001215532
0.001215532
0.001215532
0.001215532
0.001215532
0.001208952
0.001208952
0.001208952
0.001208952
0.001208952
0.001208491
0.001208491
0.001208491
0.001208491
0.001208491
0.001215245
0.001215245
0.001215245
0.001215245
0.001215245
0.001212572
0.001212572
0.001212572
0.001212572
0.001212572
0.001212842
0.001212842
0.001212842
0.001212842
0.001212842
0.00121556
0.00121556
0.00121556
0.00121556
0.00121556
0.001209315
0.001209315
0.001209315
0.001209315
0.001209315
0.001207532
0.001207532
0.001207532
0.001207532
0.001207532
0.001214521
0.001214521
0.001214521
0.001214521
0.001214521
0.001212183
0.001212183
0.001212183
0.001212183
0.001212183
0.001213294
0.001213294
0.001213294
0.001213294
0.001213294
0.001215815
0.001215815
0.001215815
0.001215815
0.001215815
0.001209899
0.001209899
0.001209899
0.001209899
0.001209899
0.001204822
0.001204822
0.001204822
0.001204822
0.001204822
0.001212061
0.001212061
0.001212061
0.001212061
0.001212061
0.001209283
0.001209283
0.001209283
0.001209283
0.001209283
0.001215756
0.001215756
0.001215756
0.001215756
0.001215756
0.001218905
0.001218905
0.001218905
0.001218905
0.001218905
0.001213826
0.001213826
0.001213826
0.001213826
0.001213826
0.001206495
0.001206495
0.001206495
0.001206495
0.001206495
0.001204293
0.001204293
0.001204293
0.001204293
0.001204293
0.001211931
0.001211931
0.001211931
0.001211931
0.001211931
0.001216085
0.001216085
0.001216085
0.001216085
0.001216085
0.001213433
0.001213433
0.001213433
0.001213433
0.001213433
0.001207438
0.001207438
0.001207438
0.001207438
0.001207438
0.001209696
0.001209696
0.001209696
0.001209696
0.001209696
0.001202842
0.001202842
0.001202842
0.001202842
0.001202842
0.001208079
0.001208079
0.001208079
0.001208079
0.001208079
0.001213247
0.001213247
0.001213247
0.001213247
0.001213247
0.001210991
0.001210991
0.001210991
0.001210991
0.001210991
0.001209788
0.001209788
0.001209788
0.001209788
0.001209788
0.001212201
0.001212201
0.001212201
0.001212201
0.001212201
0.001205202
0.001205202
0.001205202
0.001205202
0.001205202
0.001206724
0.001206724
0.001206724
0.001206724
0.001206724
0.001212786
0.001212786
0.001212786
0.001212786
0.001212786
0.00121026
0.00121026
0.00121026
0.00121026
0.00121026
0.001209988
0.001209988
0.001209988
0.001209988
0.001209988
0.001212716
0.001212716
0.001212716
0.001212716
0.001212716
0.001206085
0.001206085
0.001206085
0.001206085
0.001206085
0.001206129
0.001206129
0.001206129
0.001206129
0.001206129
0.001212377
0.001212377
0.001212377
0.001212377
0.001212377
0.001210065
0.001210065
0.001210065
0.001210065
0.001210065
0.001210054
0.001210054
0.001210054
0.001210054
0.001210054
0.001212362
0.001212362
0.001212362
0.001212362
0.001212362
0.001206131
0.001206131
0.001206131
0.001206131
0.001206131
0.001206087
0.001206087
0.001206087
0.001206087
0.001206087
0.001212731
0.001212731
0.001212731
0.001212731
0.001212731
0.001209994
0.001209994
0.001209994
0.001209994
0.001209994
0.001210257
0.001210257
0.001210257
0.001210257
0.001210257
0.001212763
0.001212763
0.001212763
0.001212763
0.001212763
0.001206709
0.001206709
0.001206709
0.001206709
0.001206709
0.001205191
0.001205191
0.001205191
0.001205191
0.001205191
0.001212203
0.001212203
0.001212203
0.001212203
0.001212203
0.00120978
0.00120978
0.00120978
0.00120978
0.00120978
0.001210993
0.001210993
0.001210993
0.001210993
0.001210993
0.001213272
0.001213272
0.001213272
0.001213272
0.001213272
0.001208102
0.001208102
0.001208102
0.001208102
0.001208102
0.00120286
0.00120286
0.00120286
0.00120286
0.00120286
0.001209688
0.001209688
0.001209688
0.001209688
0.001209688
0.001207427
0.001207427
0.001207427
0.001207427
0.001207427
0.001213429
0.001213429
0.001213429
0.001213429
0.001213429
0.001216086
0.001216086
0.001216086
0.001216086
0.001216086
0.001211931
0.001211931
0.001211931
0.001211931
0.001211931
0.001204291
0.001204291
0.001204291
0.001204291
0.001204291
0.001202186
0.001202186
0.001202186
0.001202186
0.001202186
0.001210096
0.001210096
0.001210096
0.001210096
0.001210096
0.00121318
0.00121318
0.00121318
0.00121318
0.00121318
0.001210833
0.001210833
0.001210833
0.001210833
0.001210833
0.001205386
0.001205386
0.001205386
0.001205386
0.001205386
0.001207221
0.001207221
0.001207221
0.001207221
0.001207221
0.001200726
0.001200726
0.001200726
0.001200726
0.001200726
0.001205847
0.001205847
0.001205847
0.001205847
0.001205847
0.001210567
0.001210567
0.001210567
0.001210567
0.001210567
0.001208469
0.001208469
0.001208469
0.001208469
0.001208469
0.001207334
0.001207334
0.001207334
0.001207334
0.001207334
0.001209829
0.001209829
0.001209829
0.001209829
0.001209829
0.001203236
0.001203236
0.001203236
0.001203236
0.001203236
0.0012044
0.0012044
0.0012044
0.0012044
0.0012044
0.001210313
0.001210313
0.001210313
0.001210313
0.001210313
0.001208015
0.001208015
0.001208015
0.001208015
0.001208015
0.001207806
0.001207806
0.001207806
0.001207806
0.001207806
0.001210638
0.001210638
0.001210638
0.001210638
0.001210638
0.001204333
0.001204333
0.001204333
0.001204333
0.001204333
0.001204069
0.001204069
0.001204069
0.001204069
0.001204069
0.00121017
0.00121017
0.00121017
0.00121017
0.00121017
0.001208097
0.001208097
0.001208097
0.001208097
0.001208097
0.00120809
0.00120809
0.00120809
0.00120809
0.00120809
0.001210163
0.001210163
0.001210163
0.001210163
0.001210163
0.001204082
0.001204082
0.001204082
0.001204082
0.001204082
0.001204347
0.001204347
0.001204347
0.001204347
0.001204347
0.001210857
0.001210857
0.001210857
0.001210857
0.001210857
0.001208009
0.001208009
0.001208009
0.001208009
0.001208009
0.001208011
0.001208011
0.001208011
0.001208011
0.001208011
0.001210303
0.001210303
0.001210303
0.001210303
0.001210303
0.001204388
0.001204388
0.001204388
0.001204388
0.001204388
0.001203256
0.001203256
0.001203256
0.001203256
0.001203256
0.001209864
0.001209864
0.001209864
0.001209864
0.001209864
0.001207363
0.001207363
0.001207363
0.001207363
0.001207363
0.00120851
0.00120851
0.00120851
0.00120851
0.00120851
0.001210627
0.001210627
0.001210627
0.001210627
0.001210627
0.001205886
0.001205886
0.001205886
0.001205886
0.001205886
0.001200792
0.001200792
0.001200792
0.001200792
0.001200792
0.001207253
0.001207253
0.001207253
0.001207253
0.001207253
0.001205405
0.001205405
0.001205405
0.001205405
0.001205405
0.001210861
0.001210861
0.001210861
0.001210861
0.001210861
0.001213189
0.001213189
0.001213189
0.001213189
0.001213189
0.001210105
0.001210105
0.001210105
0.001210105
0.001210105
0.001202243
0.001202243
0.001202243
0.001202243
0.001202243
0.001200246
0.001200246
0.001200246
0.001200246
0.001200246
0.001208253
0.001208253
0.001208253
0.001208253
0.001208253
0.001210751
0.001210751
0.001210751
0.001210751
0.001210751
0.001208715
0.001208715
0.001208715
0.001208715
0.001208715
0.001204075
0.001204075
0.001204075
0.001204075
0.001204075
0.001205484
0.001205484
0.001205484
0.001205484
0.001205484
0.001199352
0.001199352
0.001199352
0.001199352
0.001199352
0.00120429
0.00120429
0.00120429
0.00120429
0.00120429
0.001208766
0.001208766
0.001208766
0.001208766
0.001208766
0.001206676
0.001206676
0.001206676
0.001206676
0.001206676
0.001205691
0.001205691
0.001205691
0.001205691
0.001205691
0.001208225
0.001208225
0.001208225
0.001208225
0.001208225
0.001201808
0.001201808
0.001201808
0.001201808
0.001201808
0.001202626
0.001202626
0.001202626
0.001202626
0.001202626
0.001208255
0.001208255
0.001208255
0.001208255
0.001208255
0.001206112
0.001206112
0.001206112
0.001206112
0.001206112
0.001205999
0.001205999
0.001205999
0.001205999
0.001205999
0.001208825
0.001208825
0.001208825
0.001208825
0.001208825
0.001202353
0.001202353
0.001202353
0.001202353
0.001202353
0.001202049
0.001202049
0.001202049
0.001202049
0.001202049
0.001208047
0.001208047
0.001208047
0.001208047
0.001208047
0.001206056
0.001206056
0.001206056
0.001206056
0.001206056
0.001206053
0.001206053
0.001206053
0.001206053
0.001206053
0.001208036
0.001208036
0.001208036
0.001208036
0.001208036
0.001202049
0.001202049
0.001202049
0.001202049
0.001202049
0.001202343
0.001202343
0.001202343
0.001202343
0.001202343
0.001208831
0.001208831
0.001208831
0.001208831
0.001208831
0.001205989
0.001205989
0.001205989
0.001205989
0.001205989
0.001206096
0.001206096
0.001206096
0.001206096
0.001206096
0.001208316
0.001208316
0.001208316
0.001208316
0.001208316
0.001202543
0.001202543
0.001202543
0.001202543
0.001202543
0.001201716
0.001201716
0.001201716
0.001201716
0.001201716
0.001208147
0.001208147
0.001208147
0.001208147
0.001208147
0.001205607
0.001205607
0.001205607
0.001205607
0.001205607
0.001206825
0.001206825
0.001206825
0.001206825
0.001206825
0.00120894
0.00120894
0.00120894
0.00120894
0.00120894
0.001204442
0.001204442
0.001204442
0.001204442
0.001204442
0.001199524
0.001199524
0.001199524
0.001199524
0.001199524
0.001205635
0.001205635
0.001205635
0.001205635
0.001205635
0.001204172
0.001204172
0.001204172
0.001204172
0.001204172
0.001209031
0.001209031
0.001209031
0.001209031
0.001209031
0.001211073
0.001211073
0.001211073
0.001211073
0.001211073
0.001208577
0.001208577
0.001208577
0.001208577
0.001208577
0.001200565
0.001200565
0.001200565
0.001200565
0.001200565
0.001198517
0.001198517
0.001198517
0.001198517
0.001198517
0.001206268
0.001206268
0.001206268
0.001206268
0.001206268
0.001208588
0.001208588
0.001208588
0.001208588
0.001208588
0.00120681
0.00120681
0.00120681
0.00120681
0.00120681
0.001202579
0.001202579
0.001202579
0.001202579
0.001202579
0.001203524
0.001203524
0.001203524
0.001203524
0.001203524
0.001197744
0.001197744
0.001197744
0.001197744
0.001197744
0.001202375
0.001202375
0.001202375
0.001202375
0.001202375
0.001206887
0.001206887
0.001206887
0.001206887
0.001206887
0.00120466
0.00120466
0.00120466
0.00120466
0.00120466
0.001203477
0.001203477
0.001203477
0.001203477
0.001203477
0.00120592
0.00120592
0.00120592
0.00120592
0.00120592
0.001199682
0.001199682
0.001199682
0.001199682
0.001199682
0.001200488
0.001200488
0.001200488
0.001200488
0.001200488
0.001206089
0.001206089
0.001206089
0.001206089
0.001206089
0.001203908
0.001203908
0.001203908
0.001203908
0.001203908
0.001203861
0.001203861
0.001203861
0.001203861
0.001203861
0.001206615
0.001206615
0.001206615
0.001206615
0.001206615
0.001200216
0.001200216
0.001200216
0.001200216
0.001200216
0.001200043
0.001200043
0.001200043
0.001200043
0.001200043
0.00120588
0.00120588
0.00120588
0.00120588
0.00120588
0.001203916
0.001203916
0.001203916
0.001203916
0.001203916
0.001203918
0.001203918
0.001203918
0.001203918
0.001203918
0.001205874
0.001205874
0.001205874
0.001205874
0.001205874
0.001200078
0.001200078
0.001200078
0.001200078
0.001200078
0.001200214
0.001200214
0.001200214
0.001200214
0.001200214
0.001206632
0.001206632
0.001206632
0.001206632
0.001206632
0.001203868
0.001203868
0.001203868
0.001203868
0.001203868
0.001203906
0.001203906
0.001203906
0.001203906
0.001203906
0.001206021
0.001206021
0.001206021
0.001206021
0.001206021
0.001200681
0.001200681
0.001200681
0.001200681
0.001200681
0.001199875
0.001199875
0.001199875
0.001199875
0.001199875
0.001206121
0.001206121
0.001206121
0.001206121
0.001206121
0.001203667
0.001203667
0.001203667
0.001203667
0.001203667
0.00120452
0.00120452
0.00120452
0.00120452
0.00120452
0.001206749
0.001206749
0.001206749
0.001206749
0.001206749
0.001202215
0.001202215
0.001202215
0.001202215
0.001202215
0.001197576
0.001197576
0.001197576
0.001197576
0.001197576
0.001203326
0.001203326
0.001203326
0.001203326
0.001203326
0.001202301
0.001202301
0.001202301
0.001202301
0.001202301
0.001206267
0.001206267
0.001206267
0.001206267
0.001206267
0.001208047
0.001208047
0.001208047
0.001208047
0.001208047
0.001205731
0.001205731
0.001205731
0.001205731
0.001205731
0.001197981
0.001197981
0.001197981
0.001197981
0.001197981
0.00119627
0.00119627
0.00119627
0.00119627
0.00119627
0.001203528
0.001203528
0.001203528
0.001203528
0.001203528
0.001205917
0.001205917
0.001205917
0.001205917
0.001205917
0.001204351
0.001204351
0.001204351
0.001204351
0.001204351
0.001200698
0.001200698
0.001200698
0.001200698
0.001200698
0.001201468
0.001201468
0.001201468
0.001201468
0.001201468
0.001196071
0.001196071
0.001196071
0.001196071
0.001196071
0.001200071
0.001200071
0.001200071
0.001200071
0.001200071
0.001204785
0.001204785
0.001204785
0.001204785
0.001204785
0.001202546
0.001202546
0.001202546
0.001202546
0.001202546
0.001201791
0.001201791
0.001201791
0.001201791
0.001201791
0.001203994
0.001203994
0.001203994
0.001203994
0.001203994
0.001198062
0.001198062
0.001198062
0.001198062
0.001198062
0.00119886
0.00119886
0.00119886
0.00119886
0.00119886
0.001204359
0.001204359
0.001204359
0.001204359
0.001204359
0.001202188
0.001202188
0.001202188
0.001202188
0.001202188
0.001202349
0.001202349
0.001202349
0.001202349
0.001202349
0.001204892
0.001204892
0.001204892
0.001204892
0.001204892
0.001198752
0.001198752
0.001198752
0.001198752
0.001198752
0.001198847
0.001198847
0.001198847
0.001198847
0.001198847
0.001204418
0.001204418
0.001204418
0.001204418
0.001204418
0.001202405
0.001202405
0.001202405
0.001202405
0.001202405
0.001202406
0.001202406
0.001202406
0.001202406
0.001202406
0.001204383
0.001204383
0.001204383
0.001204383
0.001204383
0.001198826
0.001198826
0.001198826
0.001198826
0.001198826
0.001198722
0.001198722
0.001198722
0.001198722
0.001198722
0.001204631
0.001204631
0.001204631
0.001204631
0.001204631
0.00120208
0.00120208
0.00120208
0.00120208
0.00120208
0.001202177
0.001202177
0.001202177
0.001202177
0.001202177
0.00120432
0.00120432
0.00120432
0.00120432
0.00120432
0.00119884
0.00119884
0.00119884
0.00119884
0.00119884
0.001198018
0.001198018
0.001198018
0.001198018
0.001198018
0.001203967
0.001203967
0.001203967
0.001203967
0.001203967
0.001201739
0.001201739
0.001201739
0.001201739
0.001201739
0.001202513
0.001202513
0.001202513
0.001202513
0.001202513
0.001204819
0.001204819
0.001204819
0.001204819
0.001204819
0.001200087
0.001200087
0.001200087
0.001200087
0.001200087
0.001196018
0.001196018
0.001196018
0.001196018
0.001196018
0.001201413
0.001201413
0.001201413
0.001201413
0.001201413
0.001200658
0.001200658
0.001200658
0.001200658
0.001200658
0.001204327
0.001204327
0.001204327
0.001204327
0.001204327
0.001205906
0.001205906
0.001205906
0.001205906
0.001205906
0.001203516
0.001203516
0.001203516
0.001203516
0.001203516
0.00119622
0.00119622
0.00119622
0.00119622
0.00119622
0.001194645
0.001194645
0.001194645
0.001194645
0.001194645
0.001201468
0.001201468
0.001201468
0.001201468
0.001201468
0.001204289
0.001204289
0.001204289
0.001204289
0.001204289
0.00120284
0.00120284
0.00120284
0.00120284
0.00120284
0.001199712
0.001199712
0.001199712
0.001199712
0.001199712
0.001200591
0.001200591
0.001200591
0.001200591
0.001200591
0.001195517
0.001195517
0.001195517
0.001195517
0.001195517
0.001198388
0.001198388
0.001198388
0.001198388
0.001198388
0.001202964
0.001202964
0.001202964
0.001202964
0.001202964
0.001201192
0.001201192
0.001201192
0.001201192
0.001201192
0.001200636
0.001200636
0.001200636
0.001200636
0.001200636
0.001202644
0.001202644
0.001202644
0.001202644
0.001202644
0.001196909
0.001196909
0.001196909
0.001196909
0.001196909
0.001197352
0.001197352
0.001197352
0.001197352
0.001197352
0.001202423
0.001202423
0.001202423
0.001202423
0.001202423
0.001200589
0.001200589
0.001200589
0.001200589
0.001200589
0.001200377
0.001200377
0.001200377
0.001200377
0.001200377
0.001202344
0.001202344
0.001202344
0.001202344
0.001202344
0.00119698
0.00119698
0.00119698
0.00119698
0.00119698
0.001197347
0.001197347
0.001197347
0.001197347
0.001197347
0.001202634
0.001202634
0.001202634
0.001202634
0.001202634
0.001200594
0.001200594
0.001200594
0.001200594
0.001200594
0.001200591
0.001200591
0.001200591
0.001200591
0.001200591
0.001202619
0.001202619
0.001202619
0.001202619
0.001202619
0.001197341
0.001197341
0.001197341
0.001197341
0.001197341
0.001196976
0.001196976
0.001196976
0.001196976
0.001196976
0.001202369
0.001202369
0.001202369
0.001202369
0.001202369
0.001200395
0.001200395
0.001200395
0.001200395
0.001200395
0.00120059
0.00120059
0.00120059
0.00120059
0.00120059
0.001202416
0.001202416
0.001202416
0.001202416
0.001202416
0.001197344
0.001197344
0.001197344
0.001197344
0.001197344
0.001196881
0.001196881
0.001196881
0.001196881
0.001196881
0.001202643
0.001202643
0.001202643
0.001202643
0.001202643
0.00120062
0.00120062
0.00120062
0.00120062
0.00120062
0.001201199
0.001201199
0.001201199
0.001201199
0.001201199
0.001203034
0.001203034
0.001203034
0.001203034
0.001203034
0.001198434
0.001198434
0.001198434
0.001198434
0.001198434
0.001195498
0.001195498
0.001195498
0.001195498
0.001195498
0.001200562
0.001200562
0.001200562
0.001200562
0.001200562
0.001199699
0.001199699
0.001199699
0.001199699
0.001199699
0.001202844
0.001202844
0.001202844
0.001202844
0.001202844
0.001204291
0.001204291
0.001204291
0.001204291
0.001204291
0.001201466
0.001201466
0.001201466
0.001201466
0.001201466
0.001194647
0.001194647
0.001194647
0.001194647
0.001194647
0.001193261
0.001193261
0.001193261
0.001193261
0.001193261
0.001199648
0.001199648
0.001199648
0.001199648
0.001199648
0.00120232
0.00120232
0.00120232
0.00120232
0.00120232
0.001200852
0.001200852
0.001200852
0.001200852
0.001200852
0.001198266
0.001198266
0.001198266
0.001198266
0.001198266
0.001199632
0.001199632
0.001199632
0.001199632
0.001199632
0.001194933
0.001194933
0.001194933
0.001194933
0.001194933
0.001196367
0.001196367
0.001196367
0.001196367
0.001196367
0.001200204
0.001200204
0.001200204
0.001200204
0.001200204
0.001199237
0.001199237
0.001199237
0.001199237
0.001199237
0.001199201
0.001199201
0.001199201
0.001199201
0.001199201
0.001201414
0.001201414
0.001201414
0.001201414
0.001201414
0.001196293
0.001196293
0.001196293
0.001196293
0.001196293
0.001195946
0.001195946
0.001195946
0.001195946
0.001195946
0.001199908
0.001199908
0.001199908
0.001199908
0.001199908
0.001198932
0.001198932
0.001198932
0.001198932
0.001198932
0.001198797
0.001198797
0.001198797
0.001198797
0.001198797
0.001200129
0.001200129
0.001200129
0.001200129
0.001200129
0.001195879
0.001195879
0.001195879
0.001195879
0.001195879
0.001196604
0.001196604
0.001196604
0.001196604
0.001196604
0.00120159
0.00120159
0.00120159
0.00120159
0.00120159
0.001199479
0.001199479
0.001199479
0.001199479
0.001199479
0.00119947
0.00119947
0.00119947
0.00119947
0.00119947
0.001201592
0.001201592
0.001201592
0.001201592
0.001201592
0.001196614
0.001196614
0.001196614
0.001196614
0.001196614
0.001195904
0.001195904
0.001195904
0.001195904
0.001195904
0.001200433
0.001200433
0.001200433
0.001200433
0.001200433
0.001199093
0.001199093
0.001199093
0.001199093
0.001199093
0.001198948
0.001198948
0.001198948
0.001198948
0.001198948
0.001199946
0.001199946
0.001199946
0.001199946
0.001199946
0.001195941
0.001195941
0.001195941
0.001195941
0.001195941
0.001196265
0.001196265
0.001196265
0.001196265
0.001196265
0.001201409
0.001201409
0.001201409
0.001201409
0.001201409
0.001199213
0.001199213
0.001199213
0.001199213
0.001199213
0.001199288
0.001199288
0.001199288
0.001199288
0.001199288
0.0012003
0.0012003
0.0012003
0.0012003
0.0012003
0.001196439
0.001196439
0.001196439
0.001196439
0.001196439
0.001194954
0.001194954
0.001194954
0.001194954
0.001194954
0.001199634
0.001199634
0.001199634
0.001199634
0.001199634
0.001198282
0.001198282
0.001198282
0.001198282
0.001198282
0.00120088
0.00120088
0.00120088
0.00120088
0.00120088
0.001202334
0.001202334
0.001202334
0.001202334
0.001202334
0.001199658
0.001199658
0.001199658
0.001199658
0.001199658
0.001193315
0.001193315
0.001193315
0.001193315
0.001193315
0.001191971
0.001191971
0.001191971
0.001191971
0.001191971
0.00119791
0.00119791
0.00119791
0.00119791
0.00119791
0.001200534
0.001200534
0.001200534
0.001200534
0.001200534
0.00119915
0.00119915
0.00119915
0.00119915
0.00119915
0.001197504
0.001197504
0.001197504
0.001197504
0.001197504
0.00119924
0.00119924
0.00119924
0.00119924
0.00119924
0.001194929
0.001194929
0.001194929
0.001194929
0.001194929
0.001195272
0.001195272
0.001195272
0.001195272
0.001195272
0.001198068
0.001198068
0.001198068
0.001198068
0.001198068
0.001197929
0.001197929
0.001197929
0.001197929
0.001197929
0.001198669
0.001198669
0.001198669
0.001198669
0.001198669
0.001201531
0.001201531
0.001201531
0.001201531
0.001201531
0.001196615
0.001196615
0.001196615
0.001196615
0.001196615
0.001195127
0.001195127
0.001195127
0.001195127
0.001195127
0.001197416
0.001197416
0.001197416
0.001197416
0.001197416
0.001197388
0.001197388
0.001197388
0.001197388
0.001197388
0.001197474
0.001197474
0.001197474
0.001197474
0.001197474
0.001198291
0.001198291
0.001198291
0.001198291
0.001198291
0.001194399
0.001194399
0.001194399
0.001194399
0.001194399
0.001195375
0.001195375
0.001195375
0.001195375
0.001195375
0.001200176
0.001200176
0.001200176
0.001200176
0.001200176
0.001198055
0.001198055
0.001198055
0.001198055
0.001198055
0.001198035
0.001198035
0.001198035
0.001198035
0.001198035
0.001200134
0.001200134
0.001200134
0.001200134
0.001200134
0.001195328
0.001195328
0.001195328
0.001195328
0.001195328
0.001194405
0.001194405
0.001194405
0.001194405
0.001194405
0.00119831
0.00119831
0.00119831
0.00119831
0.00119831
0.001197483
0.001197483
0.001197483
0.001197483
0.001197483
0.001197398
0.001197398
0.001197398
0.001197398
0.001197398
0.001197508
0.001197508
0.001197508
0.001197508
0.001197508
0.001194897
0.001194897
0.001194897
0.001194897
0.001194897
0.001196325
0.001196325
0.001196325
0.001196325
0.001196325
0.001201266
0.001201266
0.001201266
0.001201266
0.001201266
0.001198434
0.001198434
0.001198434
0.001198434
0.001198434
0.001198084
0.001198084
0.001198084
0.001198084
0.001198084
0.001198297
0.001198297
0.001198297
0.001198297
0.001198297
0.001195476
0.001195476
0.001195476
0.001195476
0.001195476
0.001195091
0.001195091
0.001195091
0.001195091
0.001195091
0.001199398
0.001199398
0.001199398
0.001199398
0.001199398
0.001197751
0.001197751
0.001197751
0.001197751
0.001197751
0.001199686
0.001199686
0.001199686
0.001199686
0.001199686
0.001201071
0.001201071
0.001201071
0.001201071
0.001201071
0.001198444
0.001198444
0.001198444
0.001198444
0.001198444
0.001192507
0.001192507
0.001192507
0.001192507
0.001192507
0.001190908
0.001190908
0.001190908
0.001190908
0.001190908
0.00119627
0.00119627
0.00119627
0.00119627
0.00119627
0.001198723
0.001198723
0.001198723
0.001198723
0.001198723
0.001197727
0.001197727
0.001197727
0.001197727
0.001197727
0.001196358
0.001196358
0.001196358
0.001196358
0.001196358
0.001197938
0.001197938
0.001197938
0.001197938
0.001197938
0.001193852
0.001193852
0.001193852
0.001193852
0.001193852
0.001193809
0.001193809
0.001193809
0.001193809
0.001193809
0.001195881
0.001195881
0.001195881
0.001195881
0.001195881
0.001196305
0.001196305
0.001196305
0.001196305
0.001196305
0.001197455
0.001197455
0.001197455
0.001197455
0.001197455
0.001200784
0.001200784
0.001200784
0.001200784
0.001200784
0.001195762
0.001195762
0.001195762
0.001195762
0.001195762
0.001193529
0.001193529
0.001193529
0.001193529
0.001193529
0.001195141
0.001195141
0.001195141
0.001195141
0.001195141
0.001195817
0.001195817
0.001195817
0.001195817
0.001195817
0.001196088
0.001196088
0.001196088
0.001196088
0.001196088
0.001196595
0.001196595
0.001196595
0.001196595
0.001196595
0.001192926
0.001192926
0.001192926
0.001192926
0.001192926
0.001193929
0.001193929
0.001193929
0.001193929
0.001193929
0.001198682
0.001198682
0.001198682
0.001198682
0.001198682
0.00119674
0.00119674
0.00119674
0.00119674
0.00119674
0.001196713
0.001196713
0.001196713
0.001196713
0.001196713
0.001198624
0.001198624
0.001198624
0.001198624
0.001198624
0.001193973
0.001193973
0.001193973
0.001193973
0.001193973
0.001192984
0.001192984
0.001192984
0.001192984
0.001192984
0.001196655
0.001196655
0.001196655
0.001196655
0.001196655
0.001196139
0.001196139
0.001196139
0.001196139
0.001196139
0.001195873
0.001195873
0.001195873
0.001195873
0.001195873
0.001195247
0.001195247
0.001195247
0.001195247
0.001195247
0.00119376
0.00119376
0.00119376
0.00119376
0.00119376
0.001195936
0.001195936
0.001195936
0.001195936
0.001195936
0.001200985
0.001200985
0.001200985
0.001200985
0.001200985
0.001197688
0.001197688
0.001197688
0.001197688
0.001197688
0.00119631
0.00119631
0.00119631
0.00119631
0.00119631
0.001195881
0.001195881
0.001195881
0.001195881
0.001195881
0.001193795
0.001193795
0.001193795
0.001193795
0.001193795
0.001193797
0.001193797
0.001193797
0.001193797
0.001193797
0.001197879
0.001197879
0.001197879
0.001197879
0.001197879
0.001196227
0.001196227
0.001196227
0.001196227
0.001196227
0.001197395
0.001197395
0.001197395
0.001197395
0.001197395
0.001198392
0.001198392
0.001198392
0.001198392
0.001198392
0.001195939
0.001195939
0.001195939
0.001195939
0.001195939
0.001190581
0.001190581
0.001190581
0.001190581
0.001190581
0.001189322
0.001189322
0.001189322
0.001189322
0.001189322
0.001193994
0.001193994
0.001193994
0.001193994
0.001193994
0.0011962
0.0011962
0.0011962
0.0011962
0.0011962
0.001195777
0.001195777
0.001195777
0.001195777
0.001195777
0.001194711
0.001194711
0.001194711
0.001194711
0.001194711
0.001196056
0.001196056
0.001196056
0.001196056
0.001196056
0.001192383
0.001192383
0.001192383
0.001192383
0.001192383
0.001192293
0.001192293
0.001192293
0.001192293
0.001192293
0.001193873
0.001193873
0.001193873
0.001193873
0.001193873
0.001194574
0.001194574
0.001194574
0.001194574
0.001194574
0.0011963
0.0011963
0.0011963
0.0011963
0.0011963
0.001199253
0.001199253
0.001199253
0.001199253
0.001199253
0.00119438
0.00119438
0.00119438
0.00119438
0.00119438
0.001192174
0.001192174
0.001192174
0.001192174
0.001192174
0.001193737
0.001193737
0.001193737
0.001193737
0.001193737
0.001194553
0.001194553
0.001194553
0.001194553
0.001194553
0.001195037
0.001195037
0.001195037
0.001195037
0.001195037
0.001195475
0.001195475
0.001195475
0.001195475
0.001195475
0.001192037
0.001192037
0.001192037
0.001192037
0.001192037
0.001192824
0.001192824
0.001192824
0.001192824
0.001192824
0.001197192
0.001197192
0.001197192
0.001197192
0.001197192
0.001195628
0.001195628
0.001195628
0.001195628
0.001195628
0.001195592
0.001195592
0.001195592
0.001195592
0.001195592
0.001197121
0.001197121
0.001197121
0.001197121
0.001197121
0.001192776
0.001192776
0.001192776
0.001192776
0.001192776
0.001192007
0.001192007
0.001192007
0.001192007
0.001192007
0.001195257
0.001195257
0.001195257
0.001195257
0.001195257
0.001194809
0.001194809
0.001194809
0.001194809
0.001194809
0.001194544
0.001194544
0.001194544
0.001194544
0.001194544
0.001193766
0.001193766
0.001193766
0.001193766
0.001193766
0.001192121
0.001192121
0.001192121
0.001192121
0.001192121
0.00119426
0.00119426
0.00119426
0.00119426
0.00119426
0.001199157
0.001199157
0.001199157
0.001199157
0.001199157
0.001196246
0.001196246
0.001196246
0.001196246
0.001196246
0.001194563
0.001194563
0.001194563
0.001194563
0.001194563
0.001193883
0.001193883
0.001193883
0.001193883
0.001193883
0.001192293
0.001192293
0.001192293
0.001192293
0.001192293
0.001192345
0.001192345
0.001192345
0.001192345
0.001192345
0.001196026
0.001196026
0.001196026
0.001196026
0.001196026
0.001194695
0.001194695
0.001194695
0.001194695
0.001194695
0.001195773
0.001195773
0.001195773
0.001195773
0.001195773
0.001196206
0.001196206
0.001196206
0.001196206
0.001196206
0.001194
0.001194
0.001194
0.001194
0.001194
0.00118932
0.00118932
0.00118932
0.00118932
0.00118932
0.00118798
0.00118798
0.00118798
0.00118798
0.00118798
0.001192071
0.001192071
0.001192071
0.001192071
0.001192071
0.001194338
0.001194338
0.001194338
0.001194338
0.001194338
0.001194467
0.001194467
0.001194467
0.001194467
0.001194467
0.001193607
0.001193607
0.001193607
0.001193607
0.001193607
0.001194348
0.001194348
0.001194348
0.001194348
0.001194348
0.001191247
0.001191247
0.001191247
0.001191247
0.001191247
0.001191146
0.001191146
0.001191146
0.001191146
0.001191146
0.001192541
0.001192541
0.001192541
0.001192541
0.001192541
0.001193381
0.001193381
0.001193381
0.001193381
0.001193381
0.001194946
0.001194946
0.001194946
0.001194946
0.001194946
0.001196592
0.001196592
0.001196592
0.001196592
0.001196592
0.001192621
0.001192621
0.001192621
0.001192621
0.001192621
0.001191051
0.001191051
0.001191051
0.001191051
0.001191051
0.001192676
0.001192676
0.001192676
0.001192676
0.001192676
0.00119334
0.00119334
0.00119334
0.00119334
0.00119334
0.001193519
0.001193519
0.001193519
0.001193519
0.001193519
0.001193851
0.001193851
0.001193851
0.001193851
0.001193851
0.001190648
0.001190648
0.001190648
0.001190648
0.001190648
0.001191211
0.001191211
0.001191211
0.001191211
0.001191211
0.00119513
0.00119513
0.00119513
0.00119513
0.00119513
0.001194138
0.001194138
0.001194138
0.001194138
0.001194138
0.001194111
0.001194111
0.001194111
0.001194111
0.001194111
0.001195112
0.001195112
0.001195112
0.001195112
0.001195112
0.001191199
0.001191199
0.001191199
0.001191199
0.001191199
0.001190633
0.001190633
0.001190633
0.001190633
0.001190633
0.001193856
0.001193856
0.001193856
0.001193856
0.001193856
0.001193519
0.001193519
0.001193519
0.001193519
0.001193519
0.001193357
0.001193357
0.001193357
0.001193357
0.001193357
0.001192719
0.001192719
0.001192719
0.001192719
0.001192719
0.001191023
0.001191023
0.001191023
0.001191023
0.001191023
0.00119254
0.00119254
0.00119254
0.00119254
0.00119254
0.001196533
0.001196533
0.001196533
0.001196533
0.001196533
0.001194915
0.001194915
0.001194915
0.001194915
0.001194915
0.001193371
0.001193371
0.001193371
0.001193371
0.001193371
0.001192552
0.001192552
0.001192552
0.001192552
0.001192552
0.00119116
0.00119116
0.00119116
0.00119116
0.00119116
0.001191226
0.001191226
0.001191226
0.001191226
0.001191226
0.001194317
0.001194317
0.001194317
0.001194317
0.001194317
0.001193587
0.001193587
0.001193587
0.001193587
0.001193587
0.001194467
0.001194467
0.001194467
0.001194467
0.001194467
0.001194347
0.001194347
0.001194347
0.001194347
0.001194347
0.001192071
0.001192071
0.001192071
0.001192071
0.001192071
0.001187982
0.001187982
0.001187982
0.001187982
0.001187982
0.001186604
0.001186604
0.001186604
0.001186604
0.001186604
0.001190359
0.001190359
0.001190359
0.001190359
0.001190359
0.001191844
0.001191844
0.001191844
0.001191844
0.001191844
0.001192351
0.001192351
0.001192351
0.001192351
0.001192351
0.001191686
0.001191686
0.001191686
0.001191686
0.001191686
0.00119201
0.00119201
0.00119201
0.00119201
0.00119201
0.001189724
0.001189724
0.001189724
0.001189724
0.001189724
0.00118962
0.00118962
0.00118962
0.00118962
0.00118962
0.001190573
0.001190573
0.001190573
0.001190573
0.001190573
0.001191444
0.001191444
0.001191444
0.001191444
0.001191444
0.001192611
0.001192611
0.001192611
0.001192611
0.001192611
0.001193087
0.001193087
0.001193087
0.001193087
0.001193087
0.001191062
0.001191062
0.001191062
0.001191062
0.001191062
0.001190398
0.001190398
0.001190398
0.001190398
0.001190398
0.001191546
0.001191546
0.001191546
0.001191546
0.001191546
0.001191847
0.001191847
0.001191847
0.001191847
0.001191847
0.001191802
0.001191802
0.001191802
0.001191802
0.001191802
0.001192061
0.001192061
0.001192061
0.001192061
0.001192061
0.001189876
0.001189876
0.001189876
0.001189876
0.001189876
0.00119019
0.00119019
0.00119019
0.00119019
0.00119019
0.001192947
0.001192947
0.001192947
0.001192947
0.001192947
0.001192596
0.001192596
0.001192596
0.001192596
0.001192596
0.001192575
0.001192575
0.001192575
0.001192575
0.001192575
0.001192966
0.001192966
0.001192966
0.001192966
0.001192966
0.001190205
0.001190205
0.001190205
0.001190205
0.001190205
0.001189878
0.001189878
0.001189878
0.001189878
0.001189878
0.001192286
0.001192286
0.001192286
0.001192286
0.001192286
0.001192032
0.001192032
0.001192032
0.001192032
0.001192032
0.001191877
0.001191877
0.001191877
0.001191877
0.001191877
0.0011916
0.0011916
0.0011916
0.0011916
0.0011916
0.001190386
0.001190386
0.001190386
0.001190386
0.001190386
0.001191019
0.001191019
0.001191019
0.001191019
0.001191019
0.001193062
0.001193062
0.001193062
0.001193062
0.001193062
0.001192605
0.001192605
0.001192605
0.001192605
0.001192605
0.00119145
0.00119145
0.00119145
0.00119145
0.00119145
0.001190608
0.001190608
0.001190608
0.001190608
0.001190608
0.001189644
0.001189644
0.001189644
0.001189644
0.001189644
0.001189724
0.001189724
0.001189724
0.001189724
0.001189724
0.001191962
0.001191962
0.001191962
0.001191962
0.001191962
0.001191683
0.001191683
0.001191683
0.001191683
0.001191683
0.001192367
0.001192367
0.001192367
0.001192367
0.001192367
0.001191847
0.001191847
0.001191847
0.001191847
0.001191847
0.00119035
0.00119035
0.00119035
0.00119035
0.00119035
0.001186612
0.001186612
0.001186612
0.001186612
0.001186612
0.001185109
0.001185109
0.001185109
0.001185109
0.001185109
0.001188119
0.001188119
0.001188119
0.001188119
0.001188119
0.001189198
0.001189198
0.001189198
0.001189198
0.001189198
0.001190103
0.001190103
0.001190103
0.001190103
0.001190103
0.001189813
0.001189813
0.001189813
0.001189813
0.001189813
0.00118969
0.00118969
0.00118969
0.00118969
0.00118969
0.001188371
0.001188371
0.001188371
0.001188371
0.001188371
0.00118839
0.00118839
0.00118839
0.00118839
0.00118839
0.001188703
0.001188703
0.001188703
0.001188703
0.001188703
0.001189643
0.001189643
0.001189643
0.001189643
0.001189643
0.001190256
0.001190256
0.001190256
0.001190256
0.001190256
0.001190043
0.001190043
0.001190043
0.001190043
0.001190043
0.001189739
0.001189739
0.001189739
0.001189739
0.001189739
0.001189442
0.001189442
0.001189442
0.001189442
0.001189442
0.001189869
0.001189869
0.001189869
0.001189869
0.001189869
0.001190127
0.001190127
0.001190127
0.001190127
0.001190127
0.001189913
0.001189913
0.001189913
0.001189913
0.001189913
0.001189966
0.001189966
0.001189966
0.001189966
0.001189966
0.001188385
0.001188385
0.001188385
0.001188385
0.001188385
0.001188504
0.001188504
0.001188504
0.001188504
0.001188504
0.001189853
0.001189853
0.001189853
0.001189853
0.001189853
0.001190177
0.001190177
0.001190177
0.001190177
0.001190177
0.001190173
0.001190173
0.001190173
0.001190173
0.001190173
0.001189848
0.001189848
0.001189848
0.001189848
0.001189848
0.001188426
0.001188426
0.001188426
0.001188426
0.001188426
0.001188301
0.001188301
0.001188301
0.001188301
0.001188301
0.001189896
0.001189896
0.001189896
0.001189896
0.001189896
0.001189859
0.001189859
0.001189859
0.001189859
0.001189859
0.001190106
0.001190106
0.001190106
0.001190106
0.001190106
0.001189867
0.001189867
0.001189867
0.001189867
0.001189867
0.001189165
0.001189165
0.001189165
0.001189165
0.001189165
0.001189412
0.001189412
0.001189412
0.001189412
0.001189412
0.001189736
0.001189736
0.001189736
0.001189736
0.001189736
0.00118994
0.00118994
0.00118994
0.00118994
0.00118994
0.00118969
0.00118969
0.00118969
0.00118969
0.00118969
0.001188784
0.001188784
0.001188784
0.001188784
0.001188784
0.00118842
0.00118842
0.00118842
0.00118842
0.00118842
0.001188383
0.001188383
0.001188383
0.001188383
0.001188383
0.001189663
0.001189663
0.001189663
0.001189663
0.001189663
0.001189937
0.001189937
0.001189937
0.001189937
0.001189937
0.001190419
0.001190419
0.001190419
0.001190419
0.001190419
0.001189511
0.001189511
0.001189511
0.001189511
0.001189511
0.001188441
0.001188441
0.001188441
0.001188441
0.001188441
0.001185439
0.001185439
0.001185439
0.001185439
0.001185439
0.001183825
0.001183825
0.001183825
0.001183825
0.001183825
0.001186461
0.001186461
0.001186461
0.001186461
0.001186461
0.001186657
0.001186657
0.001186657
0.001186657
0.001186657
0.001187622
0.001187622
0.001187622
0.001187622
0.001187622
0.001187348
0.001187348
0.001187348
0.001187348
0.001187348
0.001186553
0.001186553
0.001186553
0.001186553
0.001186553
0.001187206
0.001187206
0.001187206
0.001187206
0.001187206
0.001187617
0.001187617
0.001187617
0.001187617
0.001187617
0.001186719
0.001186719
0.001186719
0.001186719
0.001186719
0.001187275
0.001187275
0.001187275
0.001187275
0.001187275
0.001187076
0.001187076
0.001187076
0.001187076
0.001187076
0.001186463
0.001186463
0.001186463
0.001186463
0.001186463
0.001188341
0.001188341
0.001188341
0.001188341
0.001188341
0.001188537
0.001188537
0.001188537
0.001188537
0.001188537
0.001187788
0.001187788
0.001187788
0.001187788
0.001187788
0.001187836
0.001187836
0.001187836
0.001187836
0.001187836
0.001187633
0.001187633
0.001187633
0.001187633
0.001187633
0.001187696
0.001187696
0.001187696
0.001187696
0.001187696
0.001187712
0.001187712
0.001187712
0.001187712
0.001187712
0.001187327
0.001187327
0.001187327
0.001187327
0.001187327
0.001186732
0.001186732
0.001186732
0.001186732
0.001186732
0.001187398
0.001187398
0.001187398
0.001187398
0.001187398
0.001187414
0.001187414
0.001187414
0.001187414
0.001187414
0.001186756
0.001186756
0.001186756
0.001186756
0.001186756
0.001187385
0.001187385
0.001187385
0.001187385
0.001187385
0.001187728
0.001187728
0.001187728
0.001187728
0.001187728
0.001187715
0.001187715
0.001187715
0.001187715
0.001187715
0.001187693
0.001187693
0.001187693
0.001187693
0.001187693
0.001187924
0.001187924
0.001187924
0.001187924
0.001187924
0.001187943
0.001187943
0.001187943
0.001187943
0.001187943
0.001188821
0.001188821
0.001188821
0.001188821
0.001188821
0.001188574
0.001188574
0.001188574
0.001188574
0.001188574
0.001186715
0.001186715
0.001186715
0.001186715
0.001186715
0.001187374
0.001187374
0.001187374
0.001187374
0.001187374
0.00118748
0.00118748
0.00118748
0.00118748
0.00118748
0.001186849
0.001186849
0.001186849
0.001186849
0.001186849
0.001187663
0.001187663
0.001187663
0.001187663
0.001187663
0.00118724
0.00118724
0.00118724
0.00118724
0.00118724
0.001186547
0.001186547
0.001186547
0.001186547
0.001186547
0.001187304
0.001187304
0.001187304
0.001187304
0.001187304
0.001187383
0.001187383
0.001187383
0.001187383
0.001187383
0.001186393
0.001186393
0.001186393
0.001186393
0.001186393
0.001186228
0.001186228
0.001186228
0.001186228
0.001186228
0.001183609
0.001183609
0.001183609
0.001183609
0.001183609
0.001182588
0.001182588
0.001182588
0.001182588
0.001182588
0.001183166
0.001183166
0.001183166
0.001183166
0.001183166
0.001181251
0.001181251
0.001181251
0.001181251
0.001181251
0.001181395
0.001181395
0.001181395
0.001181395
0.001181395
0.001181357
0.001181357
0.001181357
0.001181357
0.001181357
0.001182891
0.001182891
0.001182891
0.001182891
0.001182891
0.001186637
0.001186637
0.001186637
0.001186637
0.001186637
0.001186589
0.001186589
0.001186589
0.001186589
0.001186589
0.001183083
0.001183083
0.001183083
0.001183083
0.001183083
0.001181802
0.001181802
0.001181802
0.001181802
0.001181802
0.001181281
0.001181281
0.001181281
0.001181281
0.001181281
0.001183424
0.001183424
0.001183424
0.001183424
0.001183424
0.001187922
0.001187922
0.001187922
0.001187922
0.001187922
0.001187511
0.001187511
0.001187511
0.001187511
0.001187511
0.00118386
0.00118386
0.00118386
0.00118386
0.00118386
0.001182423
0.001182423
0.001182423
0.001182423
0.001182423
0.001182458
0.001182458
0.001182458
0.001182458
0.001182458
0.001183519
0.001183519
0.001183519
0.001183519
0.001183519
0.001187182
0.001187182
0.001187182
0.001187182
0.001187182
0.001186916
0.001186916
0.001186916
0.001186916
0.001186916
0.001183351
0.001183351
0.001183351
0.001183351
0.001183351
0.001181834
0.001181834
0.001181834
0.001181834
0.001181834
0.001181881
0.001181881
0.001181881
0.001181881
0.001181881
0.001183322
0.001183322
0.001183322
0.001183322
0.001183322
0.001186845
0.001186845
0.001186845
0.001186845
0.001186845
0.001187074
0.001187074
0.001187074
0.001187074
0.001187074
0.001183249
0.001183249
0.001183249
0.001183249
0.001183249
0.001182211
0.001182211
0.001182211
0.001182211
0.001182211
0.001182425
0.001182425
0.001182425
0.001182425
0.001182425
0.001183871
0.001183871
0.001183871
0.001183871
0.001183871
0.001187491
0.001187491
0.001187491
0.001187491
0.001187491
0.001187847
0.001187847
0.001187847
0.001187847
0.001187847
0.001183357
0.001183357
0.001183357
0.001183357
0.001183357
0.001181296
0.001181296
0.001181296
0.001181296
0.001181296
0.00118187
0.00118187
0.00118187
0.00118187
0.00118187
0.001183097
0.001183097
0.001183097
0.001183097
0.001183097
0.001186566
0.001186566
0.001186566
0.001186566
0.001186566
0.001186603
0.001186603
0.001186603
0.001186603
0.001186603
0.001182861
0.001182861
0.001182861
0.001182861
0.001182861
0.001181352
0.001181352
0.001181352
0.001181352
0.001181352
0.001181376
0.001181376
0.001181376
0.001181376
0.001181376
0.001181238
0.001181238
0.001181238
0.001181238
0.001181238
0.001183176
0.001183176
0.001183176
0.001183176
0.001183176
0.001182602
0.001182602
0.001182602
0.001182602
0.001182602
)
;

boundaryField
{
    electrolyteSides
    {
        type            zeroGradient;
    }
    electrolyte_to_fuel
    {
        type            zeroGradient;
    }
    electrolyte_to_air
    {
        type            zeroGradient;
    }
}


// ************************************************************************* //
