/*--------------------------------*- C++ -*----------------------------------*\
| =========                 |                                                 |
| \\      /  F ield         | OpenFOAM: The Open Source CFD Toolbox           |
|  \\    /   O peration     | Version:  4.0                                   |
|   \\  /    A nd           | Web:      www.OpenFOAM.org                      |
|    \\/     M anipulation  |                                                 |
\*---------------------------------------------------------------------------*/
FoamFile
{
    version     2.0;
    format      ascii;
    class       volScalarField;
    location    "60/electrolyte";
    object      etaOhmic;
}
// * * * * * * * * * * * * * * * * * * * * * * * * * * * * * * * * * * * * * //

dimensions      [1 2 -3 0 0 -1 0];

internalField   nonuniform List<scalar> 
4840
(
0.004880752
0.004880752
0.004880752
0.004880752
0.004880752
0.004869631
0.004869631
0.004869631
0.004869631
0.004869631
0.004853182
0.004853182
0.004853182
0.004853182
0.004853182
0.004847791
0.004847791
0.004847791
0.004847791
0.004847791
0.004855507
0.004855507
0.004855507
0.004855507
0.004855507
0.0048608
0.0048608
0.0048608
0.0048608
0.0048608
0.0048811
0.0048811
0.0048811
0.0048811
0.0048811
0.004882669
0.004882669
0.004882669
0.004882669
0.004882669
0.004866268
0.004866268
0.004866268
0.004866268
0.004866268
0.004887164
0.004887164
0.004887164
0.004887164
0.004887164
0.004888615
0.004888615
0.004888615
0.004888615
0.004888615
0.004878404
0.004878404
0.004878404
0.004878404
0.004878404
0.0048942
0.0048942
0.0048942
0.0048942
0.0048942
0.004891723
0.004891723
0.004891723
0.004891723
0.004891723
0.004874599
0.004874599
0.004874599
0.004874599
0.004874599
0.004893843
0.004893843
0.004893843
0.004893843
0.004893843
0.004891898
0.004891898
0.004891898
0.004891898
0.004891898
0.004878199
0.004878199
0.004878199
0.004878199
0.004878199
0.004894594
0.004894594
0.004894594
0.004894594
0.004894594
0.004892942
0.004892942
0.004892942
0.004892942
0.004892942
0.004875944
0.004875944
0.004875944
0.004875944
0.004875944
0.004892356
0.004892356
0.004892356
0.004892356
0.004892356
0.004892211
0.004892211
0.004892211
0.004892211
0.004892211
0.004875712
0.004875712
0.004875712
0.004875712
0.004875712
0.004892565
0.004892565
0.004892565
0.004892565
0.004892565
0.004894718
0.004894718
0.004894718
0.004894718
0.004894718
0.004878513
0.004878513
0.004878513
0.004878513
0.004878513
0.004892186
0.004892186
0.004892186
0.004892186
0.004892186
0.004893822
0.004893822
0.004893822
0.004893822
0.004893822
0.004874356
0.004874356
0.004874356
0.004874356
0.004874356
0.004891635
0.004891635
0.004891635
0.004891635
0.004891635
0.004894138
0.004894138
0.004894138
0.004894138
0.004894138
0.004878544
0.004878544
0.004878544
0.004878544
0.004878544
0.004888735
0.004888735
0.004888735
0.004888735
0.004888735
0.004887115
0.004887115
0.004887115
0.004887115
0.004887115
0.004866216
0.004866216
0.004866216
0.004866216
0.004866216
0.004882879
0.004882879
0.004882879
0.004882879
0.004882879
0.004881624
0.004881624
0.004881624
0.004881624
0.004881624
0.004861374
0.004861374
0.004861374
0.004861374
0.004861374
0.004855649
0.004855649
0.004855649
0.004855649
0.004855649
0.004846982
0.004846982
0.004846982
0.004846982
0.004846982
0.004852443
0.004852443
0.004852443
0.004852443
0.004852443
0.004869374
0.004869374
0.004869374
0.004869374
0.004869374
0.004881334
0.004881334
0.004881334
0.004881334
0.004881334
0.004901315
0.004901315
0.004901315
0.004901315
0.004901315
0.004941303
0.004941303
0.004941303
0.004941303
0.004941303
0.004978656
0.004978656
0.004978656
0.004978656
0.004978656
0.004986721
0.004986721
0.004986721
0.004986721
0.004986721
0.004978618
0.004978618
0.004978618
0.004978618
0.004978618
0.00498151
0.00498151
0.00498151
0.00498151
0.00498151
0.004928382
0.004928382
0.004928382
0.004928382
0.004928382
0.004948906
0.004948906
0.004948906
0.004948906
0.004948906
0.004996017
0.004996017
0.004996017
0.004996017
0.004996017
0.005003902
0.005003902
0.005003902
0.005003902
0.005003902
0.005004928
0.005004928
0.005004928
0.005004928
0.005004928
0.004999728
0.004999728
0.004999728
0.004999728
0.004999728
0.004948164
0.004948164
0.004948164
0.004948164
0.004948164
0.004949699
0.004949699
0.004949699
0.004949699
0.004949699
0.004999443
0.004999443
0.004999443
0.004999443
0.004999443
0.005006545
0.005006545
0.005006545
0.005006545
0.005006545
0.005006532
0.005006532
0.005006532
0.005006532
0.005006532
0.005000751
0.005000751
0.005000751
0.005000751
0.005000751
0.004950521
0.004950521
0.004950521
0.004950521
0.004950521
0.004949233
0.004949233
0.004949233
0.004949233
0.004949233
0.004999636
0.004999636
0.004999636
0.004999636
0.004999636
0.005006897
0.005006897
0.005006897
0.005006897
0.005006897
0.005006671
0.005006671
0.005006671
0.005006671
0.005006671
0.004999328
0.004999328
0.004999328
0.004999328
0.004999328
0.004949108
0.004949108
0.004949108
0.004949108
0.004949108
0.00495073
0.00495073
0.00495073
0.00495073
0.00495073
0.005000956
0.005000956
0.005000956
0.005000956
0.005000956
0.005006659
0.005006659
0.005006659
0.005006659
0.005006659
0.005006425
0.005006425
0.005006425
0.005006425
0.005006425
0.004999098
0.004999098
0.004999098
0.004999098
0.004999098
0.004949528
0.004949528
0.004949528
0.004949528
0.004949528
0.004947826
0.004947826
0.004947826
0.004947826
0.004947826
0.004999474
0.004999474
0.004999474
0.004999474
0.004999474
0.005004785
0.005004785
0.005004785
0.005004785
0.005004785
0.00500353
0.00500353
0.00500353
0.00500353
0.00500353
0.004995555
0.004995555
0.004995555
0.004995555
0.004995555
0.004948681
0.004948681
0.004948681
0.004948681
0.004948681
0.004928512
0.004928512
0.004928512
0.004928512
0.004928512
0.004981512
0.004981512
0.004981512
0.004981512
0.004981512
0.004978256
0.004978256
0.004978256
0.004978256
0.004978256
0.004985882
0.004985882
0.004985882
0.004985882
0.004985882
0.004978164
0.004978164
0.004978164
0.004978164
0.004978164
0.004941221
0.004941221
0.004941221
0.004941221
0.004941221
0.004901752
0.004901752
0.004901752
0.004901752
0.004901752
0.004919863
0.004919863
0.004919863
0.004919863
0.004919863
0.004956305
0.004956305
0.004956305
0.004956305
0.004956305
0.004989425
0.004989425
0.004989425
0.004989425
0.004989425
0.004977122
0.004977122
0.004977122
0.004977122
0.004977122
0.004955423
0.004955423
0.004955423
0.004955423
0.004955423
0.004965931
0.004965931
0.004965931
0.004965931
0.004965931
0.004925824
0.004925824
0.004925824
0.004925824
0.004925824
0.004946461
0.004946461
0.004946461
0.004946461
0.004946461
0.004984491
0.004984491
0.004984491
0.004984491
0.004984491
0.004977511
0.004977511
0.004977511
0.004977511
0.004977511
0.004974922
0.004974922
0.004974922
0.004974922
0.004974922
0.004983881
0.004983881
0.004983881
0.004983881
0.004983881
0.004941331
0.004941331
0.004941331
0.004941331
0.004941331
0.004941527
0.004941527
0.004941527
0.004941527
0.004941527
0.00498325
0.00498325
0.00498325
0.00498325
0.00498325
0.004976873
0.004976873
0.004976873
0.004976873
0.004976873
0.004975686
0.004975686
0.004975686
0.004975686
0.004975686
0.004984345
0.004984345
0.004984345
0.004984345
0.004984345
0.00494247
0.00494247
0.00494247
0.00494247
0.00494247
0.004940993
0.004940993
0.004940993
0.004940993
0.004940993
0.004982917
0.004982917
0.004982917
0.004982917
0.004982917
0.004975949
0.004975949
0.004975949
0.004975949
0.004975949
0.004975816
0.004975816
0.004975816
0.004975816
0.004975816
0.004982679
0.004982679
0.004982679
0.004982679
0.004982679
0.004940863
0.004940863
0.004940863
0.004940863
0.004940863
0.004942577
0.004942577
0.004942577
0.004942577
0.004942577
0.004984602
0.004984602
0.004984602
0.004984602
0.004984602
0.004975842
0.004975842
0.004975842
0.004975842
0.004975842
0.004976726
0.004976726
0.004976726
0.004976726
0.004976726
0.004982823
0.004982823
0.004982823
0.004982823
0.004982823
0.004941248
0.004941248
0.004941248
0.004941248
0.004941248
0.004941458
0.004941458
0.004941458
0.004941458
0.004941458
0.004983858
0.004983858
0.004983858
0.004983858
0.004983858
0.004974789
0.004974789
0.004974789
0.004974789
0.004974789
0.004977097
0.004977097
0.004977097
0.004977097
0.004977097
0.004983979
0.004983979
0.004983979
0.004983979
0.004983979
0.004946168
0.004946168
0.004946168
0.004946168
0.004946168
0.004925771
0.004925771
0.004925771
0.004925771
0.004925771
0.004965715
0.004965715
0.004965715
0.004965715
0.004965715
0.004954782
0.004954782
0.004954782
0.004954782
0.004954782
0.004975864
0.004975864
0.004975864
0.004975864
0.004975864
0.004987765
0.004987765
0.004987765
0.004987765
0.004987765
0.004955198
0.004955198
0.004955198
0.004955198
0.004955198
0.004919131
0.004919131
0.004919131
0.004919131
0.004919131
0.004919555
0.004919555
0.004919555
0.004919555
0.004919555
0.004944445
0.004944445
0.004944445
0.004944445
0.004944445
0.00497832
0.00497832
0.00497832
0.00497832
0.00497832
0.004961766
0.004961766
0.004961766
0.004961766
0.004961766
0.004933375
0.004933375
0.004933375
0.004933375
0.004933375
0.004948959
0.004948959
0.004948959
0.004948959
0.004948959
0.00490953
0.00490953
0.00490953
0.00490953
0.00490953
0.00492959
0.00492959
0.00492959
0.00492959
0.00492959
0.004966435
0.004966435
0.004966435
0.004966435
0.004966435
0.00495478
0.00495478
0.00495478
0.00495478
0.00495478
0.004951265
0.004951265
0.004951265
0.004951265
0.004951265
0.004964754
0.004964754
0.004964754
0.004964754
0.004964754
0.004922192
0.004922192
0.004922192
0.004922192
0.004922192
0.004928212
0.004928212
0.004928212
0.004928212
0.004928212
0.004966193
0.004966193
0.004966193
0.004966193
0.004966193
0.004953869
0.004953869
0.004953869
0.004953869
0.004953869
0.004952718
0.004952718
0.004952718
0.004952718
0.004952718
0.004966593
0.004966593
0.004966593
0.004966593
0.004966593
0.004925968
0.004925968
0.004925968
0.004925968
0.004925968
0.004926786
0.004926786
0.004926786
0.004926786
0.004926786
0.004965971
0.004965971
0.004965971
0.004965971
0.004965971
0.004953152
0.004953152
0.004953152
0.004953152
0.004953152
0.004953075
0.004953075
0.004953075
0.004953075
0.004953075
0.004965799
0.004965799
0.004965799
0.004965799
0.004965799
0.004926674
0.004926674
0.004926674
0.004926674
0.004926674
0.004926017
0.004926017
0.004926017
0.004926017
0.004926017
0.004966901
0.004966901
0.004966901
0.004966901
0.004966901
0.004953033
0.004953033
0.004953033
0.004953033
0.004953033
0.004953807
0.004953807
0.004953807
0.004953807
0.004953807
0.004966
0.004966
0.004966
0.004966
0.004966
0.004928136
0.004928136
0.004928136
0.004928136
0.004928136
0.004922567
0.004922567
0.004922567
0.004922567
0.004922567
0.004965073
0.004965073
0.004965073
0.004965073
0.004965073
0.004951265
0.004951265
0.004951265
0.004951265
0.004951265
0.004954645
0.004954645
0.004954645
0.004954645
0.004954645
0.004966377
0.004966377
0.004966377
0.004966377
0.004966377
0.004929658
0.004929658
0.004929658
0.004929658
0.004929658
0.004909731
0.004909731
0.004909731
0.004909731
0.004909731
0.004949268
0.004949268
0.004949268
0.004949268
0.004949268
0.004933304
0.004933304
0.004933304
0.004933304
0.004933304
0.004961247
0.004961247
0.004961247
0.004961247
0.004961247
0.004977196
0.004977196
0.004977196
0.004977196
0.004977196
0.004943324
0.004943324
0.004943324
0.004943324
0.004943324
0.004918249
0.004918249
0.004918249
0.004918249
0.004918249
0.004903771
0.004903771
0.004903771
0.004903771
0.004903771
0.004932719
0.004932719
0.004932719
0.004932719
0.004932719
0.004963761
0.004963761
0.004963761
0.004963761
0.004963761
0.004946614
0.004946614
0.004946614
0.004946614
0.004946614
0.004918106
0.004918106
0.004918106
0.004918106
0.004918106
0.00493179
0.00493179
0.00493179
0.00493179
0.00493179
0.004898978
0.004898978
0.004898978
0.004898978
0.004898978
0.00491704
0.00491704
0.00491704
0.00491704
0.00491704
0.004949753
0.004949753
0.004949753
0.004949753
0.004949753
0.004937796
0.004937796
0.004937796
0.004937796
0.004937796
0.004934255
0.004934255
0.004934255
0.004934255
0.004934255
0.004945115
0.004945115
0.004945115
0.004945115
0.004945115
0.004910766
0.004910766
0.004910766
0.004910766
0.004910766
0.004917179
0.004917179
0.004917179
0.004917179
0.004917179
0.004948894
0.004948894
0.004948894
0.004948894
0.004948894
0.004936295
0.004936295
0.004936295
0.004936295
0.004936295
0.004935306
0.004935306
0.004935306
0.004935306
0.004935306
0.004947397
0.004947397
0.004947397
0.004947397
0.004947397
0.00491328
0.00491328
0.00491328
0.00491328
0.00491328
0.004915025
0.004915025
0.004915025
0.004915025
0.004915025
0.004947742
0.004947742
0.004947742
0.004947742
0.004947742
0.004935159
0.004935159
0.004935159
0.004935159
0.004935159
0.004935087
0.004935087
0.004935087
0.004935087
0.004935087
0.00494771
0.00494771
0.00494771
0.00494771
0.00494771
0.004915315
0.004915315
0.004915315
0.004915315
0.004915315
0.004913239
0.004913239
0.004913239
0.004913239
0.004913239
0.004947401
0.004947401
0.004947401
0.004947401
0.004947401
0.004935429
0.004935429
0.004935429
0.004935429
0.004935429
0.00493619
0.00493619
0.00493619
0.00493619
0.00493619
0.004948932
0.004948932
0.004948932
0.004948932
0.004948932
0.004917252
0.004917252
0.004917252
0.004917252
0.004917252
0.004910768
0.004910768
0.004910768
0.004910768
0.004910768
0.004945133
0.004945133
0.004945133
0.004945133
0.004945133
0.004934308
0.004934308
0.004934308
0.004934308
0.004934308
0.004937742
0.004937742
0.004937742
0.004937742
0.004937742
0.004949905
0.004949905
0.004949905
0.004949905
0.004949905
0.004917395
0.004917395
0.004917395
0.004917395
0.004917395
0.004899187
0.004899187
0.004899187
0.004899187
0.004899187
0.004931921
0.004931921
0.004931921
0.004931921
0.004931921
0.004918022
0.004918022
0.004918022
0.004918022
0.004918022
0.004946483
0.004946483
0.004946483
0.004946483
0.004946483
0.004963803
0.004963803
0.004963803
0.004963803
0.004963803
0.004932958
0.004932958
0.004932958
0.004932958
0.004932958
0.004903741
0.004903741
0.004903741
0.004903741
0.004903741
0.004893397
0.004893397
0.004893397
0.004893397
0.004893397
0.004923246
0.004923246
0.004923246
0.004923246
0.004923246
0.004949124
0.004949124
0.004949124
0.004949124
0.004949124
0.004933966
0.004933966
0.004933966
0.004933966
0.004933966
0.004905735
0.004905735
0.004905735
0.004905735
0.004905735
0.004919228
0.004919228
0.004919228
0.004919228
0.004919228
0.004886935
0.004886935
0.004886935
0.004886935
0.004886935
0.004906758
0.004906758
0.004906758
0.004906758
0.004906758
0.004935795
0.004935795
0.004935795
0.004935795
0.004935795
0.004924262
0.004924262
0.004924262
0.004924262
0.004924262
0.004919261
0.004919261
0.004919261
0.004919261
0.004919261
0.004929524
0.004929524
0.004929524
0.004929524
0.004929524
0.00489816
0.00489816
0.00489816
0.00489816
0.00489816
0.004905513
0.004905513
0.004905513
0.004905513
0.004905513
0.004933944
0.004933944
0.004933944
0.004933944
0.004933944
0.004921264
0.004921264
0.004921264
0.004921264
0.004921264
0.00492012
0.00492012
0.00492012
0.00492012
0.00492012
0.004931773
0.004931773
0.004931773
0.004931773
0.004931773
0.004900542
0.004900542
0.004900542
0.004900542
0.004900542
0.004903021
0.004903021
0.004903021
0.004903021
0.004903021
0.004932857
0.004932857
0.004932857
0.004932857
0.004932857
0.004920455
0.004920455
0.004920455
0.004920455
0.004920455
0.004920374
0.004920374
0.004920374
0.004920374
0.004920374
0.004932847
0.004932847
0.004932847
0.004932847
0.004932847
0.004903141
0.004903141
0.004903141
0.004903141
0.004903141
0.004900524
0.004900524
0.004900524
0.004900524
0.004900524
0.004931816
0.004931816
0.004931816
0.004931816
0.004931816
0.004920319
0.004920319
0.004920319
0.004920319
0.004920319
0.004921247
0.004921247
0.004921247
0.004921247
0.004921247
0.004933588
0.004933588
0.004933588
0.004933588
0.004933588
0.004905809
0.004905809
0.004905809
0.004905809
0.004905809
0.004898403
0.004898403
0.004898403
0.004898403
0.004898403
0.004929797
0.004929797
0.004929797
0.004929797
0.004929797
0.00491954
0.00491954
0.00491954
0.00491954
0.00491954
0.004923554
0.004923554
0.004923554
0.004923554
0.004923554
0.004935354
0.004935354
0.004935354
0.004935354
0.004935354
0.004906594
0.004906594
0.004906594
0.004906594
0.004906594
0.004886567
0.004886567
0.004886567
0.004886567
0.004886567
0.004918663
0.004918663
0.004918663
0.004918663
0.004918663
0.00490517
0.00490517
0.00490517
0.00490517
0.00490517
0.00493234
0.00493234
0.00493234
0.00493234
0.00493234
0.004947801
0.004947801
0.004947801
0.004947801
0.004947801
0.004922293
0.004922293
0.004922293
0.004922293
0.004922293
0.004892359
0.004892359
0.004892359
0.004892359
0.004892359
0.004882213
0.004882213
0.004882213
0.004882213
0.004882213
0.00491283
0.00491283
0.00491283
0.00491283
0.00491283
0.004934126
0.004934126
0.004934126
0.004934126
0.004934126
0.004921056
0.004921056
0.004921056
0.004921056
0.004921056
0.004893749
0.004893749
0.004893749
0.004893749
0.004893749
0.00490551
0.00490551
0.00490551
0.00490551
0.00490551
0.004875096
0.004875096
0.004875096
0.004875096
0.004875096
0.004896469
0.004896469
0.004896469
0.004896469
0.004896469
0.004921363
0.004921363
0.004921363
0.004921363
0.004921363
0.004910857
0.004910857
0.004910857
0.004910857
0.004910857
0.00490606
0.00490606
0.00490606
0.00490606
0.00490606
0.004915994
0.004915994
0.004915994
0.004915994
0.004915994
0.00488665
0.00488665
0.00488665
0.00488665
0.00488665
0.004893907
0.004893907
0.004893907
0.004893907
0.004893907
0.004920203
0.004920203
0.004920203
0.004920203
0.004920203
0.004908773
0.004908773
0.004908773
0.004908773
0.004908773
0.004908385
0.004908385
0.004908385
0.004908385
0.004908385
0.00491972
0.00491972
0.00491972
0.00491972
0.00491972
0.004890669
0.004890669
0.004890669
0.004890669
0.004890669
0.004892394
0.004892394
0.004892394
0.004892394
0.004892394
0.004920101
0.004920101
0.004920101
0.004920101
0.004920101
0.004908804
0.004908804
0.004908804
0.004908804
0.004908804
0.004908709
0.004908709
0.004908709
0.004908709
0.004908709
0.004920064
0.004920064
0.004920064
0.004920064
0.004920064
0.004892495
0.004892495
0.004892495
0.004892495
0.004892495
0.004890521
0.004890521
0.004890521
0.004890521
0.004890521
0.004918895
0.004918895
0.004918895
0.004918895
0.004918895
0.004907708
0.004907708
0.004907708
0.004907708
0.004907708
0.004908723
0.004908723
0.004908723
0.004908723
0.004908723
0.004920156
0.004920156
0.004920156
0.004920156
0.004920156
0.004894006
0.004894006
0.004894006
0.004894006
0.004894006
0.004886428
0.004886428
0.004886428
0.004886428
0.004886428
0.004915804
0.004915804
0.004915804
0.004915804
0.004915804
0.004905891
0.004905891
0.004905891
0.004905891
0.004905891
0.00491058
0.00491058
0.00491058
0.00491058
0.00491058
0.00492138
0.00492138
0.00492138
0.00492138
0.00492138
0.004896812
0.004896812
0.004896812
0.004896812
0.004896812
0.004875208
0.004875208
0.004875208
0.004875208
0.004875208
0.004905383
0.004905383
0.004905383
0.004905383
0.004905383
0.004893492
0.004893492
0.004893492
0.004893492
0.004893492
0.004920603
0.004920603
0.004920603
0.004920603
0.004920603
0.004934111
0.004934111
0.004934111
0.004934111
0.004934111
0.004913243
0.004913243
0.004913243
0.004913243
0.004913243
0.004882377
0.004882377
0.004882377
0.004882377
0.004882377
0.004872937
0.004872937
0.004872937
0.004872937
0.004872937
0.004905187
0.004905187
0.004905187
0.004905187
0.004905187
0.004922685
0.004922685
0.004922685
0.004922685
0.004922685
0.004911552
0.004911552
0.004911552
0.004911552
0.004911552
0.004886167
0.004886167
0.004886167
0.004886167
0.004886167
0.004895652
0.004895652
0.004895652
0.004895652
0.004895652
0.004866876
0.004866876
0.004866876
0.004866876
0.004866876
0.004889006
0.004889006
0.004889006
0.004889006
0.004889006
0.004910833
0.004910833
0.004910833
0.004910833
0.004910833
0.004901325
0.004901325
0.004901325
0.004901325
0.004901325
0.004896104
0.004896104
0.004896104
0.004896104
0.004896104
0.004906395
0.004906395
0.004906395
0.004906395
0.004906395
0.00487693
0.00487693
0.00487693
0.00487693
0.00487693
0.00488318
0.00488318
0.00488318
0.00488318
0.00488318
0.004908725
0.004908725
0.004908725
0.004908725
0.004908725
0.004898253
0.004898253
0.004898253
0.004898253
0.004898253
0.004897121
0.004897121
0.004897121
0.004897121
0.004897121
0.004908667
0.004908667
0.004908667
0.004908667
0.004908667
0.00488081
0.00488081
0.00488081
0.00488081
0.00488081
0.004880809
0.004880809
0.004880809
0.004880809
0.004880809
0.004907122
0.004907122
0.004907122
0.004907122
0.004907122
0.004897495
0.004897495
0.004897495
0.004897495
0.004897495
0.004897407
0.004897407
0.004897407
0.004897407
0.004897407
0.004907174
0.004907174
0.004907174
0.004907174
0.004907174
0.00488097
0.00488097
0.00488097
0.00488097
0.00488097
0.004880667
0.004880667
0.004880667
0.004880667
0.004880667
0.004908642
0.004908642
0.004908642
0.004908642
0.004908642
0.004897222
0.004897222
0.004897222
0.004897222
0.004897222
0.004898221
0.004898221
0.004898221
0.004898221
0.004898221
0.004908765
0.004908765
0.004908765
0.004908765
0.004908765
0.004883341
0.004883341
0.004883341
0.004883341
0.004883341
0.004876805
0.004876805
0.004876805
0.004876805
0.004876805
0.004906314
0.004906314
0.004906314
0.004906314
0.004906314
0.004896076
0.004896076
0.004896076
0.004896076
0.004896076
0.004901204
0.004901204
0.004901204
0.004901204
0.004901204
0.004911027
0.004911027
0.004911027
0.004911027
0.004911027
0.0048895
0.0048895
0.0048895
0.0048895
0.0048895
0.004867123
0.004867123
0.004867123
0.004867123
0.004867123
0.004895602
0.004895602
0.004895602
0.004895602
0.004895602
0.004885951
0.004885951
0.004885951
0.004885951
0.004885951
0.004911176
0.004911176
0.004911176
0.004911176
0.004911176
0.004922665
0.004922665
0.004922665
0.004922665
0.004922665
0.004905651
0.004905651
0.004905651
0.004905651
0.004905651
0.004873404
0.004873404
0.004873404
0.004873404
0.004873404
0.004864319
0.004864319
0.004864319
0.004864319
0.004864319
0.004897817
0.004897817
0.004897817
0.004897817
0.004897817
0.004910945
0.004910945
0.004910945
0.004910945
0.004910945
0.004901101
0.004901101
0.004901101
0.004901101
0.004901101
0.004878001
0.004878001
0.004878001
0.004878001
0.004878001
0.004885592
0.004885592
0.004885592
0.004885592
0.004885592
0.004858246
0.004858246
0.004858246
0.004858246
0.004858246
0.004879948
0.004879948
0.004879948
0.004879948
0.004879948
0.004899994
0.004899994
0.004899994
0.004899994
0.004899994
0.00489114
0.00489114
0.00489114
0.00489114
0.00489114
0.004886199
0.004886199
0.004886199
0.004886199
0.004886199
0.004896774
0.004896774
0.004896774
0.004896774
0.004896774
0.00486884
0.00486884
0.00486884
0.00486884
0.00486884
0.004873685
0.004873685
0.004873685
0.004873685
0.004873685
0.004898669
0.004898669
0.004898669
0.004898669
0.004898669
0.004889156
0.004889156
0.004889156
0.004889156
0.004889156
0.004888291
0.004888291
0.004888291
0.004888291
0.004888291
0.004900241
0.004900241
0.004900241
0.004900241
0.004900241
0.004873609
0.004873609
0.004873609
0.004873609
0.004873609
0.004872345
0.004872345
0.004872345
0.004872345
0.004872345
0.004898133
0.004898133
0.004898133
0.004898133
0.004898133
0.004889529
0.004889529
0.004889529
0.004889529
0.004889529
0.004889476
0.004889476
0.004889476
0.004889476
0.004889476
0.004898266
0.004898266
0.004898266
0.004898266
0.004898266
0.004872588
0.004872588
0.004872588
0.004872588
0.004872588
0.004873502
0.004873502
0.004873502
0.004873502
0.004873502
0.004901
0.004901
0.004901
0.004901
0.004901
0.004889169
0.004889169
0.004889169
0.004889169
0.004889169
0.004889139
0.004889139
0.004889139
0.004889139
0.004889139
0.004898803
0.004898803
0.004898803
0.004898803
0.004898803
0.004873886
0.004873886
0.004873886
0.004873886
0.004873886
0.004868812
0.004868812
0.004868812
0.004868812
0.004868812
0.00489677
0.00489677
0.00489677
0.00489677
0.00489677
0.004886285
0.004886285
0.004886285
0.004886285
0.004886285
0.004891167
0.004891167
0.004891167
0.004891167
0.004891167
0.004900344
0.004900344
0.004900344
0.004900344
0.004900344
0.004880527
0.004880527
0.004880527
0.004880527
0.004880527
0.004858676
0.004858676
0.004858676
0.004858676
0.004858676
0.00488563
0.00488563
0.00488563
0.00488563
0.00488563
0.004877829
0.004877829
0.004877829
0.004877829
0.004877829
0.004900836
0.004900836
0.004900836
0.004900836
0.004900836
0.004910959
0.004910959
0.004910959
0.004910959
0.004910959
0.00489835
0.00489835
0.00489835
0.00489835
0.00489835
0.00486504
0.00486504
0.00486504
0.00486504
0.00486504
0.00485635
0.00485635
0.00485635
0.00485635
0.00485635
0.004890359
0.004890359
0.004890359
0.004890359
0.004890359
0.004901124
0.004901124
0.004901124
0.004901124
0.004901124
0.00489261
0.00489261
0.00489261
0.00489261
0.00489261
0.004872859
0.004872859
0.004872859
0.004872859
0.004872859
0.004878555
0.004878555
0.004878555
0.004878555
0.004878555
0.004852669
0.004852669
0.004852669
0.004852669
0.004852669
0.00487362
0.00487362
0.00487362
0.00487362
0.00487362
0.004892758
0.004892758
0.004892758
0.004892758
0.004892758
0.004883923
0.004883923
0.004883923
0.004883923
0.004883923
0.004879601
0.004879601
0.004879601
0.004879601
0.004879601
0.004890259
0.004890259
0.004890259
0.004890259
0.004890259
0.004862967
0.004862967
0.004862967
0.004862967
0.004862967
0.004866423
0.004866423
0.004866423
0.004866423
0.004866423
0.004890288
0.004890288
0.004890288
0.004890288
0.004890288
0.004881448
0.004881448
0.004881448
0.004881448
0.004881448
0.004880992
0.004880992
0.004880992
0.004880992
0.004880992
0.004892899
0.004892899
0.004892899
0.004892899
0.004892899
0.004865498
0.004865498
0.004865498
0.004865498
0.004865498
0.004864071
0.004864071
0.004864071
0.004864071
0.004864071
0.004889488
0.004889488
0.004889488
0.004889488
0.004889488
0.004881265
0.004881265
0.004881265
0.004881265
0.004881265
0.00488125
0.00488125
0.00488125
0.00488125
0.00488125
0.004889662
0.004889662
0.004889662
0.004889662
0.004889662
0.004864295
0.004864295
0.004864295
0.004864295
0.004864295
0.004865257
0.004865257
0.004865257
0.004865257
0.004865257
0.004892741
0.004892741
0.004892741
0.004892741
0.004892741
0.004880992
0.004880992
0.004880992
0.004880992
0.004880992
0.004881408
0.004881408
0.004881408
0.004881408
0.004881408
0.004890755
0.004890755
0.004890755
0.004890755
0.004890755
0.004866368
0.004866368
0.004866368
0.004866368
0.004866368
0.004862467
0.004862467
0.004862467
0.004862467
0.004862467
0.004889742
0.004889742
0.004889742
0.004889742
0.004889742
0.004879188
0.004879188
0.004879188
0.004879188
0.004879188
0.004884378
0.004884378
0.004884378
0.004884378
0.004884378
0.004893591
0.004893591
0.004893591
0.004893591
0.004893591
0.004874668
0.004874668
0.004874668
0.004874668
0.004874668
0.004853484
0.004853484
0.004853484
0.004853484
0.004853484
0.004878988
0.004878988
0.004878988
0.004878988
0.004878988
0.004872938
0.004872938
0.004872938
0.004872938
0.004872938
0.004893502
0.004893502
0.004893502
0.004893502
0.004893502
0.004902421
0.004902421
0.004902421
0.004902421
0.004902421
0.004892206
0.004892206
0.004892206
0.004892206
0.004892206
0.004858154
0.004858154
0.004858154
0.004858154
0.004858154
0.004849227
0.004849227
0.004849227
0.004849227
0.004849227
0.004882228
0.004882228
0.004882228
0.004882228
0.004882228
0.004892357
0.004892357
0.004892357
0.004892357
0.004892357
0.004884975
0.004884975
0.004884975
0.004884975
0.004884975
0.004866995
0.004866995
0.004866995
0.004866995
0.004866995
0.004870693
0.004870693
0.004870693
0.004870693
0.004870693
0.004846184
0.004846184
0.004846184
0.004846184
0.004846184
0.004865823
0.004865823
0.004865823
0.004865823
0.004865823
0.004885215
0.004885215
0.004885215
0.004885215
0.004885215
0.004875826
0.004875826
0.004875826
0.004875826
0.004875826
0.004870723
0.004870723
0.004870723
0.004870723
0.004870723
0.004880965
0.004880965
0.004880965
0.004880965
0.004880965
0.00485437
0.00485437
0.00485437
0.00485437
0.00485437
0.004857695
0.004857695
0.004857695
0.004857695
0.004857695
0.004881462
0.004881462
0.004881462
0.004881462
0.004881462
0.004872544
0.004872544
0.004872544
0.004872544
0.004872544
0.004872396
0.004872396
0.004872396
0.004872396
0.004872396
0.004883991
0.004883991
0.004883991
0.004883991
0.004883991
0.004856788
0.004856788
0.004856788
0.004856788
0.004856788
0.00485587
0.00485587
0.00485587
0.00485587
0.00485587
0.004880693
0.004880693
0.004880693
0.004880693
0.004880693
0.004872637
0.004872637
0.004872637
0.004872637
0.004872637
0.00487267
0.00487267
0.00487267
0.00487267
0.00487267
0.004880948
0.004880948
0.004880948
0.004880948
0.004880948
0.004856272
0.004856272
0.004856272
0.004856272
0.004856272
0.004856548
0.004856548
0.004856548
0.004856548
0.004856548
0.004883823
0.004883823
0.004883823
0.004883823
0.004883823
0.004872448
0.004872448
0.004872448
0.004872448
0.004872448
0.004872594
0.004872594
0.004872594
0.004872594
0.004872594
0.004881464
0.004881464
0.004881464
0.004881464
0.004881464
0.004858769
0.004858769
0.004858769
0.004858769
0.004858769
0.004854991
0.004854991
0.004854991
0.004854991
0.004854991
0.00488153
0.00488153
0.00488153
0.00488153
0.00488153
0.004871387
0.004871387
0.004871387
0.004871387
0.004871387
0.004875127
0.004875127
0.004875127
0.004875127
0.004875127
0.004884821
0.004884821
0.004884821
0.004884821
0.004884821
0.004865613
0.004865613
0.004865613
0.004865613
0.004865613
0.004845566
0.004845566
0.004845566
0.004845566
0.004845566
0.004869628
0.004869628
0.004869628
0.004869628
0.004869628
0.004865514
0.004865514
0.004865514
0.004865514
0.004865514
0.004882426
0.004882426
0.004882426
0.004882426
0.004882426
0.004890233
0.004890233
0.004890233
0.004890233
0.004890233
0.004880661
0.004880661
0.004880661
0.004880661
0.004880661
0.004847597
0.004847597
0.004847597
0.004847597
0.004847597
0.004840003
0.004840003
0.004840003
0.004840003
0.004840003
0.004870982
0.004870982
0.004870982
0.004870982
0.004870982
0.004881511
0.004881511
0.004881511
0.004881511
0.004881511
0.004875078
0.004875078
0.004875078
0.004875078
0.004875078
0.004859551
0.004859551
0.004859551
0.004859551
0.004859551
0.004862503
0.004862503
0.004862503
0.004862503
0.004862503
0.00483952
0.00483952
0.00483952
0.00483952
0.00483952
0.004856369
0.004856369
0.004856369
0.004856369
0.004856369
0.00487665
0.00487665
0.00487665
0.00487665
0.00487665
0.004867316
0.004867316
0.004867316
0.004867316
0.004867316
0.004863988
0.004863988
0.004863988
0.004863988
0.004863988
0.004873252
0.004873252
0.004873252
0.004873252
0.004873252
0.004847885
0.004847885
0.004847885
0.004847885
0.004847885
0.004851039
0.004851039
0.004851039
0.004851039
0.004851039
0.004874401
0.004874401
0.004874401
0.004874401
0.004874401
0.004865616
0.004865616
0.004865616
0.004865616
0.004865616
0.004866343
0.004866343
0.004866343
0.004866343
0.004866343
0.004877067
0.004877067
0.004877067
0.004877067
0.004877067
0.004850825
0.004850825
0.004850825
0.004850825
0.004850825
0.004850947
0.004850947
0.004850947
0.004850947
0.004850947
0.004874784
0.004874784
0.004874784
0.004874784
0.004874784
0.004866587
0.004866587
0.004866587
0.004866587
0.004866587
0.004866643
0.004866643
0.004866643
0.004866643
0.004866643
0.004874989
0.004874989
0.004874989
0.004874989
0.004874989
0.004851164
0.004851164
0.004851164
0.004851164
0.004851164
0.004850447
0.004850447
0.004850447
0.004850447
0.004850447
0.004875723
0.004875723
0.004875723
0.004875723
0.004875723
0.004865265
0.004865265
0.004865265
0.004865265
0.004865265
0.004865666
0.004865666
0.004865666
0.004865666
0.004865666
0.004874584
0.004874584
0.004874584
0.004874584
0.004874584
0.004851265
0.004851265
0.004851265
0.004851265
0.004851265
0.004847501
0.004847501
0.004847501
0.004847501
0.004847501
0.00487285
0.00487285
0.00487285
0.00487285
0.00487285
0.004863664
0.004863664
0.004863664
0.004863664
0.004863664
0.004867096
0.004867096
0.004867096
0.004867096
0.004867096
0.004877016
0.004877016
0.004877016
0.004877016
0.004877016
0.004856854
0.004856854
0.004856854
0.004856854
0.004856854
0.0048393
0.0048393
0.0048393
0.0048393
0.0048393
0.004861954
0.004861954
0.004861954
0.004861954
0.004861954
0.004859017
0.004859017
0.004859017
0.004859017
0.004859017
0.00487467
0.00487467
0.00487467
0.00487467
0.00487467
0.004881609
0.004881609
0.004881609
0.004881609
0.004881609
0.004871597
0.004871597
0.004871597
0.004871597
0.004871597
0.004840331
0.004840331
0.004840331
0.004840331
0.004840331
0.004833266
0.004833266
0.004833266
0.004833266
0.004833266
0.004862449
0.004862449
0.004862449
0.004862449
0.004862449
0.004874854
0.004874854
0.004874854
0.004874854
0.004874854
0.004868969
0.004868969
0.004868969
0.004868969
0.004868969
0.004855696
0.004855696
0.004855696
0.004855696
0.004855696
0.004859153
0.004859153
0.004859153
0.004859153
0.004859153
0.00483751
0.00483751
0.00483751
0.00483751
0.00483751
0.004849443
0.004849443
0.004849443
0.004849443
0.004849443
0.004869104
0.004869104
0.004869104
0.004869104
0.004869104
0.004861866
0.004861866
0.004861866
0.004861866
0.004861866
0.004859424
0.004859424
0.004859424
0.004859424
0.004859424
0.004867926
0.004867926
0.004867926
0.004867926
0.004867926
0.004843358
0.004843358
0.004843358
0.004843358
0.004843358
0.004844922
0.004844922
0.004844922
0.004844922
0.004844922
0.004866526
0.004866526
0.004866526
0.004866526
0.004866526
0.004859216
0.004859216
0.004859216
0.004859216
0.004859216
0.004858477
0.004858477
0.004858477
0.004858477
0.004858477
0.00486683
0.00486683
0.00486683
0.00486683
0.00486683
0.004843653
0.004843653
0.004843653
0.004843653
0.004843653
0.004844858
0.004844858
0.004844858
0.004844858
0.004844858
0.004867616
0.004867616
0.004867616
0.004867616
0.004867616
0.004859357
0.004859357
0.004859357
0.004859357
0.004859357
0.00485942
0.00485942
0.00485942
0.00485942
0.00485942
0.004867946
0.004867946
0.004867946
0.004867946
0.004867946
0.004845162
0.004845162
0.004845162
0.004845162
0.004845162
0.004843341
0.004843341
0.004843341
0.004843341
0.004843341
0.004866571
0.004866571
0.004866571
0.004866571
0.004866571
0.004858529
0.004858529
0.004858529
0.004858529
0.004858529
0.004859357
0.004859357
0.004859357
0.004859357
0.004859357
0.004866893
0.004866893
0.004866893
0.004866893
0.004866893
0.004845188
0.004845188
0.004845188
0.004845188
0.004845188
0.004842986
0.004842986
0.004842986
0.004842986
0.004842986
0.00486759
0.00486759
0.00486759
0.00486759
0.00486759
0.004859261
0.004859261
0.004859261
0.004859261
0.004859261
0.004861884
0.004861884
0.004861884
0.004861884
0.004861884
0.004869679
0.004869679
0.004869679
0.004869679
0.004869679
0.004850015
0.004850015
0.004850015
0.004850015
0.004850015
0.004837361
0.004837361
0.004837361
0.004837361
0.004837361
0.004858698
0.004858698
0.004858698
0.004858698
0.004858698
0.004855313
0.004855313
0.004855313
0.004855313
0.004855313
0.004868763
0.004868763
0.004868763
0.004868763
0.004868763
0.004875114
0.004875114
0.004875114
0.004875114
0.004875114
0.004863184
0.004863184
0.004863184
0.004863184
0.004863184
0.004833804
0.004833804
0.004833804
0.004833804
0.004833804
0.004827474
0.004827474
0.004827474
0.004827474
0.004827474
0.00485486
0.00485486
0.00485486
0.00485486
0.00485486
0.004866786
0.004866786
0.004866786
0.004866786
0.004866786
0.004860901
0.004860901
0.004860901
0.004860901
0.004860901
0.004849973
0.004849973
0.004849973
0.004849973
0.004849973
0.004855514
0.004855514
0.004855514
0.004855514
0.004855514
0.004835464
0.004835464
0.004835464
0.004835464
0.004835464
0.004841225
0.004841225
0.004841225
0.004841225
0.004841225
0.004857665
0.004857665
0.004857665
0.004857665
0.004857665
0.004853941
0.004853941
0.004853941
0.004853941
0.004853941
0.004853753
0.004853753
0.004853753
0.004853753
0.004853753
0.004863101
0.004863101
0.004863101
0.004863101
0.004863101
0.004841009
0.004841009
0.004841009
0.004841009
0.004841009
0.004839242
0.004839242
0.004839242
0.004839242
0.004839242
0.004856313
0.004856313
0.004856313
0.004856313
0.004856313
0.004852617
0.004852617
0.004852617
0.004852617
0.004852617
0.004852241
0.004852241
0.004852241
0.004852241
0.004852241
0.004857938
0.004857938
0.004857938
0.004857938
0.004857938
0.004839227
0.004839227
0.004839227
0.004839227
0.004839227
0.004841844
0.004841844
0.004841844
0.004841844
0.004841844
0.004863433
0.004863433
0.004863433
0.004863433
0.004863433
0.004854954
0.004854954
0.004854954
0.004854954
0.004854954
0.004855018
0.004855018
0.004855018
0.004855018
0.004855018
0.004863888
0.004863888
0.004863888
0.004863888
0.004863888
0.004842242
0.004842242
0.004842242
0.004842242
0.004842242
0.004838987
0.004838987
0.004838987
0.004838987
0.004838987
0.004858722
0.004858722
0.004858722
0.004858722
0.004858722
0.004853378
0.004853378
0.004853378
0.004853378
0.004853378
0.004852853
0.004852853
0.004852853
0.004852853
0.004852853
0.004856906
0.004856906
0.004856906
0.004856906
0.004856906
0.004839525
0.004839525
0.004839525
0.004839525
0.004839525
0.004840605
0.004840605
0.004840605
0.004840605
0.004840605
0.004862732
0.004862732
0.004862732
0.004862732
0.004862732
0.004853738
0.004853738
0.004853738
0.004853738
0.004853738
0.004854237
0.004854237
0.004854237
0.004854237
0.004854237
0.004858421
0.004858421
0.004858421
0.004858421
0.004858421
0.004841857
0.004841857
0.004841857
0.004841857
0.004841857
0.004835411
0.004835411
0.004835411
0.004835411
0.004835411
0.004855191
0.004855191
0.004855191
0.004855191
0.004855191
0.004849763
0.004849763
0.004849763
0.004849763
0.004849763
0.004860894
0.004860894
0.004860894
0.004860894
0.004860894
0.00486722
0.00486722
0.00486722
0.00486722
0.00486722
0.00485573
0.00485573
0.00485573
0.00485573
0.00485573
0.004828235
0.004828235
0.004828235
0.004828235
0.004828235
0.004822068
0.004822068
0.004822068
0.004822068
0.004822068
0.004847577
0.004847577
0.004847577
0.004847577
0.004847577
0.004859406
0.004859406
0.004859406
0.004859406
0.004859406
0.004853969
0.004853969
0.004853969
0.004853969
0.004853969
0.004847042
0.004847042
0.004847042
0.004847042
0.004847042
0.004854222
0.004854222
0.004854222
0.004854222
0.004854222
0.00483576
0.00483576
0.00483576
0.00483576
0.00483576
0.00483684
0.00483684
0.00483684
0.00483684
0.00483684
0.004848796
0.004848796
0.004848796
0.004848796
0.004848796
0.004848658
0.004848658
0.004848658
0.004848658
0.004848658
0.004851772
0.004851772
0.004851772
0.004851772
0.004851772
0.004863722
0.004863722
0.004863722
0.004863722
0.004863722
0.004842402
0.004842402
0.004842402
0.004842402
0.004842402
0.004835924
0.004835924
0.004835924
0.004835924
0.004835924
0.004846188
0.004846188
0.004846188
0.004846188
0.004846188
0.004846476
0.004846476
0.004846476
0.004846476
0.004846476
0.004847061
0.004847061
0.004847061
0.004847061
0.004847061
0.004850568
0.004850568
0.004850568
0.004850568
0.004850568
0.004833264
0.004833264
0.004833264
0.004833264
0.004833264
0.004836861
0.004836861
0.004836861
0.004836861
0.004836861
0.004857751
0.004857751
0.004857751
0.004857751
0.004857751
0.004849316
0.004849316
0.004849316
0.004849316
0.004849316
0.004849364
0.004849364
0.004849364
0.004849364
0.004849364
0.0048581
0.0048581
0.0048581
0.0048581
0.0048581
0.004837063
0.004837063
0.004837063
0.004837063
0.004837063
0.004832921
0.004832921
0.004832921
0.004832921
0.004832921
0.004850125
0.004850125
0.004850125
0.004850125
0.004850125
0.004846992
0.004846992
0.004846992
0.004846992
0.004846992
0.004846714
0.004846714
0.004846714
0.004846714
0.004846714
0.004847048
0.004847048
0.004847048
0.004847048
0.004847048
0.004835304
0.004835304
0.004835304
0.004835304
0.004835304
0.004840909
0.004840909
0.004840909
0.004840909
0.004840909
0.004862271
0.004862271
0.004862271
0.004862271
0.004862271
0.004850773
0.004850773
0.004850773
0.004850773
0.004850773
0.004849451
0.004849451
0.004849451
0.004849451
0.004849451
0.004850124
0.004850124
0.004850124
0.004850124
0.004850124
0.00483794
0.00483794
0.00483794
0.00483794
0.00483794
0.004836209
0.004836209
0.004836209
0.004836209
0.004836209
0.004854536
0.004854536
0.004854536
0.004854536
0.004854536
0.004847845
0.004847845
0.004847845
0.004847845
0.004847845
0.004856144
0.004856144
0.004856144
0.004856144
0.004856144
0.004862095
0.004862095
0.004862095
0.004862095
0.004862095
0.004850661
0.004850661
0.004850661
0.004850661
0.004850661
0.004824814
0.004824814
0.004824814
0.004824814
0.004824814
0.004817595
0.004817595
0.004817595
0.004817595
0.004817595
0.004840678
0.004840678
0.004840678
0.004840678
0.004840678
0.004851887
0.004851887
0.004851887
0.004851887
0.004851887
0.00484819
0.00484819
0.00484819
0.00484819
0.00484819
0.004842592
0.004842592
0.004842592
0.004842592
0.004842592
0.004849217
0.004849217
0.004849217
0.004849217
0.004849217
0.004831636
0.004831636
0.004831636
0.004831636
0.004831636
0.004830989
0.004830989
0.004830989
0.004830989
0.004830989
0.004839856
0.004839856
0.004839856
0.004839856
0.004839856
0.004842143
0.004842143
0.004842143
0.004842143
0.004842143
0.004847032
0.004847032
0.004847032
0.004847032
0.004847032
0.00486081
0.00486081
0.00486081
0.00486081
0.00486081
0.004838972
0.004838972
0.004838972
0.004838972
0.004838972
0.004829413
0.004829413
0.004829413
0.004829413
0.004829413
0.00483698
0.00483698
0.00483698
0.00483698
0.00483698
0.004840228
0.004840228
0.004840228
0.004840228
0.004840228
0.0048416
0.0048416
0.0048416
0.0048416
0.0048416
0.004843719
0.004843719
0.004843719
0.004843719
0.004843719
0.004827281
0.004827281
0.004827281
0.004827281
0.004827281
0.004830985
0.004830985
0.004830985
0.004830985
0.004830985
0.004851751
0.004851751
0.004851751
0.004851751
0.004851751
0.004844126
0.004844126
0.004844126
0.004844126
0.004844126
0.004844176
0.004844176
0.004844176
0.004844176
0.004844176
0.004852102
0.004852102
0.004852102
0.004852102
0.004852102
0.004831611
0.004831611
0.004831611
0.004831611
0.004831611
0.004827129
0.004827129
0.004827129
0.004827129
0.004827129
0.004843367
0.004843367
0.004843367
0.004843367
0.004843367
0.004841642
0.004841642
0.004841642
0.004841642
0.004841642
0.00484067
0.00484067
0.00484067
0.00484067
0.00484067
0.00483794
0.00483794
0.00483794
0.00483794
0.00483794
0.004830673
0.004830673
0.004830673
0.004830673
0.004830673
0.004839315
0.004839315
0.004839315
0.004839315
0.004839315
0.00486118
0.00486118
0.00486118
0.00486118
0.00486118
0.004847906
0.004847906
0.004847906
0.004847906
0.004847906
0.004842376
0.004842376
0.004842376
0.004842376
0.004842376
0.004840275
0.004840275
0.004840275
0.004840275
0.004840275
0.004831142
0.004831142
0.004831142
0.004831142
0.004831142
0.004831138
0.004831138
0.004831138
0.004831138
0.004831138
0.004848637
0.004848637
0.004848637
0.004848637
0.004848637
0.00484194
0.00484194
0.00484194
0.00484194
0.00484194
0.004846997
0.004846997
0.004846997
0.004846997
0.004846997
0.004851227
0.004851227
0.004851227
0.004851227
0.004851227
0.00484037
0.00484037
0.00484037
0.00484037
0.00484037
0.004816888
0.004816888
0.004816888
0.004816888
0.004816888
0.004811
0.004811
0.004811
0.004811
0.004811
0.004831179
0.004831179
0.004831179
0.004831179
0.004831179
0.004841433
0.004841433
0.004841433
0.004841433
0.004841433
0.004840266
0.004840266
0.004840266
0.004840266
0.004840266
0.004836054
0.004836054
0.004836054
0.004836054
0.004836054
0.004841696
0.004841696
0.004841696
0.004841696
0.004841696
0.004825741
0.004825741
0.004825741
0.004825741
0.004825741
0.004824851
0.004824851
0.004824851
0.004824851
0.004824851
0.004831684
0.004831684
0.004831684
0.004831684
0.004831684
0.004835178
0.004835178
0.004835178
0.004835178
0.004835178
0.004842455
0.004842455
0.004842455
0.004842455
0.004842455
0.004854583
0.004854583
0.004854583
0.004854583
0.004854583
0.004833322
0.004833322
0.004833322
0.004833322
0.004833322
0.004823863
0.004823863
0.004823863
0.004823863
0.004823863
0.004831318
0.004831318
0.004831318
0.004831318
0.004831318
0.004835204
0.004835204
0.004835204
0.004835204
0.004835204
0.004837422
0.004837422
0.004837422
0.004837422
0.004837422
0.004839084
0.004839084
0.004839084
0.004839084
0.004839084
0.004823588
0.004823588
0.004823588
0.004823588
0.004823588
0.004826466
0.004826466
0.004826466
0.004826466
0.004826466
0.004845741
0.004845741
0.004845741
0.004845741
0.004845741
0.004839698
0.004839698
0.004839698
0.004839698
0.004839698
0.004839739
0.004839739
0.004839739
0.004839739
0.004839739
0.004846104
0.004846104
0.004846104
0.004846104
0.004846104
0.004826767
0.004826767
0.004826767
0.004826767
0.004826767
0.004823073
0.004823073
0.004823073
0.004823073
0.004823073
0.004837527
0.004837527
0.004837527
0.004837527
0.004837527
0.004836267
0.004836267
0.004836267
0.004836267
0.004836267
0.00483538
0.00483538
0.00483538
0.00483538
0.00483538
0.004832005
0.004832005
0.004832005
0.004832005
0.004832005
0.004823998
0.004823998
0.004823998
0.004823998
0.004823998
0.004832451
0.004832451
0.004832451
0.004832451
0.004832451
0.004853692
0.004853692
0.004853692
0.004853692
0.004853692
0.004842145
0.004842145
0.004842145
0.004842145
0.004842145
0.004835387
0.004835387
0.004835387
0.004835387
0.004835387
0.004832175
0.004832175
0.004832175
0.004832175
0.004832175
0.004825032
0.004825032
0.004825032
0.004825032
0.004825032
0.004825227
0.004825227
0.004825227
0.004825227
0.004825227
0.004841167
0.004841167
0.004841167
0.004841167
0.004841167
0.004835899
0.004835899
0.004835899
0.004835899
0.004835899
0.004840538
0.004840538
0.004840538
0.004840538
0.004840538
0.004842296
0.004842296
0.004842296
0.004842296
0.004842296
0.004832309
0.004832309
0.004832309
0.004832309
0.004832309
0.004811596
0.004811596
0.004811596
0.004811596
0.004811596
0.004805321
0.004805321
0.004805321
0.004805321
0.004805321
0.004823041
0.004823041
0.004823041
0.004823041
0.004823041
0.004833624
0.004833624
0.004833624
0.004833624
0.004833624
0.004834918
0.004834918
0.004834918
0.004834918
0.004834918
0.004831656
0.004831656
0.004831656
0.004831656
0.004831656
0.004834704
0.004834704
0.004834704
0.004834704
0.004834704
0.004821078
0.004821078
0.004821078
0.004821078
0.004821078
0.004820138
0.004820138
0.004820138
0.004820138
0.004820138
0.004826296
0.004826296
0.004826296
0.004826296
0.004826296
0.004830401
0.004830401
0.004830401
0.004830401
0.004830401
0.00483703
0.00483703
0.00483703
0.00483703
0.00483703
0.00484367
0.00484367
0.00484367
0.00484367
0.00484367
0.004826103
0.004826103
0.004826103
0.004826103
0.004826103
0.004819266
0.004819266
0.004819266
0.004819266
0.004819266
0.004827054
0.004827054
0.004827054
0.004827054
0.004827054
0.004830375
0.004830375
0.004830375
0.004830375
0.004830375
0.004831336
0.004831336
0.004831336
0.004831336
0.004831336
0.00483244
0.00483244
0.00483244
0.00483244
0.00483244
0.004817848
0.004817848
0.004817848
0.004817848
0.004817848
0.004819837
0.004819837
0.004819837
0.004819837
0.004819837
0.00483738
0.00483738
0.00483738
0.00483738
0.00483738
0.004833738
0.004833738
0.004833738
0.004833738
0.004833738
0.004833849
0.004833849
0.004833849
0.004833849
0.004833849
0.004838026
0.004838026
0.004838026
0.004838026
0.004838026
0.004820333
0.004820333
0.004820333
0.004820333
0.004820333
0.004817379
0.004817379
0.004817379
0.004817379
0.004817379
0.004831707
0.004831707
0.004831707
0.004831707
0.004831707
0.004831034
0.004831034
0.004831034
0.004831034
0.004831034
0.004830655
0.004830655
0.004830655
0.004830655
0.004830655
0.004827845
0.004827845
0.004827845
0.004827845
0.004827845
0.004819537
0.004819537
0.004819537
0.004819537
0.004819537
0.004825368
0.004825368
0.004825368
0.004825368
0.004825368
0.004842856
0.004842856
0.004842856
0.004842856
0.004842856
0.004836753
0.004836753
0.004836753
0.004836753
0.004836753
0.004830632
0.004830632
0.004830632
0.004830632
0.004830632
0.004826837
0.004826837
0.004826837
0.004826837
0.004826837
0.004820387
0.004820387
0.004820387
0.004820387
0.004820387
0.004820585
0.004820585
0.004820585
0.004820585
0.004820585
0.004834097
0.004834097
0.004834097
0.004834097
0.004834097
0.004831491
0.004831491
0.004831491
0.004831491
0.004831491
0.004835333
0.004835333
0.004835333
0.004835333
0.004835333
0.004834665
0.004834665
0.004834665
0.004834665
0.004834665
0.004824234
0.004824234
0.004824234
0.004824234
0.004824234
0.004805932
0.004805932
0.004805932
0.004805932
0.004805932
0.004799408
0.004799408
0.004799408
0.004799408
0.004799408
0.004815634
0.004815634
0.004815634
0.004815634
0.004815634
0.004823035
0.004823035
0.004823035
0.004823035
0.004823035
0.004826062
0.004826062
0.004826062
0.004826062
0.004826062
0.004823693
0.004823693
0.004823693
0.004823693
0.004823693
0.004824861
0.004824861
0.004824861
0.004824861
0.004824861
0.004814655
0.004814655
0.004814655
0.004814655
0.004814655
0.004813749
0.004813749
0.004813749
0.004813749
0.004813749
0.004818177
0.004818177
0.004818177
0.004818177
0.004818177
0.004822429
0.004822429
0.004822429
0.004822429
0.004822429
0.004827394
0.004827394
0.004827394
0.004827394
0.004827394
0.00482904
0.00482904
0.00482904
0.00482904
0.00482904
0.00481953
0.00481953
0.00481953
0.00481953
0.00481953
0.004816454
0.004816454
0.004816454
0.004816454
0.004816454
0.004822351
0.004822351
0.004822351
0.004822351
0.004822351
0.004824182
0.004824182
0.004824182
0.004824182
0.004824182
0.00482419
0.00482419
0.00482419
0.00482419
0.00482419
0.00482489
0.00482489
0.00482489
0.00482489
0.00482489
0.00481448
0.00481448
0.00481448
0.00481448
0.00481448
0.004815421
0.004815421
0.004815421
0.004815421
0.004815421
0.004828217
0.004828217
0.004828217
0.004828217
0.004828217
0.004827307
0.004827307
0.004827307
0.004827307
0.004827307
0.004827494
0.004827494
0.004827494
0.004827494
0.004827494
0.004829102
0.004829102
0.004829102
0.004829102
0.004829102
0.004816077
0.004816077
0.004816077
0.004816077
0.004816077
0.004814071
0.004814071
0.004814071
0.004814071
0.004814071
0.004824998
0.004824998
0.004824998
0.004824998
0.004824998
0.004824767
0.004824767
0.004824767
0.004824767
0.004824767
0.004824514
0.004824514
0.004824514
0.004824514
0.004824514
0.004823221
0.004823221
0.004823221
0.004823221
0.004823221
0.004816837
0.004816837
0.004816837
0.004816837
0.004816837
0.004818965
0.004818965
0.004818965
0.004818965
0.004818965
0.004828283
0.004828283
0.004828283
0.004828283
0.004828283
0.004827102
0.004827102
0.004827102
0.004827102
0.004827102
0.004822683
0.004822683
0.004822683
0.004822683
0.004822683
0.004818857
0.004818857
0.004818857
0.004818857
0.004818857
0.004814094
0.004814094
0.004814094
0.004814094
0.004814094
0.004814258
0.004814258
0.004814258
0.004814258
0.004814258
0.004824133
0.004824133
0.004824133
0.004824133
0.004824133
0.004823575
0.004823575
0.004823575
0.004823575
0.004823575
0.004826643
0.004826643
0.004826643
0.004826643
0.004826643
0.004824184
0.004824184
0.004824184
0.004824184
0.004824184
0.004816829
0.004816829
0.004816829
0.004816829
0.004816829
0.004799951
0.004799951
0.004799951
0.004799951
0.004799951
0.004792827
0.004792827
0.004792827
0.004792827
0.004792827
0.004805846
0.004805846
0.004805846
0.004805846
0.004805846
0.004811564
0.004811564
0.004811564
0.004811564
0.004811564
0.004816454
0.004816454
0.004816454
0.004816454
0.004816454
0.004815698
0.004815698
0.004815698
0.004815698
0.004815698
0.004814883
0.004814883
0.004814883
0.004814883
0.004814883
0.004808804
0.004808804
0.004808804
0.004808804
0.004808804
0.004808479
0.004808479
0.004808479
0.004808479
0.004808479
0.004810295
0.004810295
0.004810295
0.004810295
0.004810295
0.004814862
0.004814862
0.004814862
0.004814862
0.004814862
0.004817502
0.004817502
0.004817502
0.004817502
0.004817502
0.004816108
0.004816108
0.004816108
0.004816108
0.004816108
0.004813826
0.004813826
0.004813826
0.004813826
0.004813826
0.004812303
0.004812303
0.004812303
0.004812303
0.004812303
0.004815283
0.004815283
0.004815283
0.004815283
0.004815283
0.004817039
0.004817039
0.004817039
0.004817039
0.004817039
0.004816303
0.004816303
0.004816303
0.004816303
0.004816303
0.004816024
0.004816024
0.004816024
0.004816024
0.004816024
0.004808169
0.004808169
0.004808169
0.004808169
0.004808169
0.00480826
0.00480826
0.00480826
0.00480826
0.00480826
0.004815058
0.004815058
0.004815058
0.004815058
0.004815058
0.004817157
0.004817157
0.004817157
0.004817157
0.004817157
0.004817461
0.004817461
0.004817461
0.004817461
0.004817461
0.00481587
0.00481587
0.00481587
0.00481587
0.00481587
0.004808487
0.004808487
0.004808487
0.004808487
0.004808487
0.004807372
0.004807372
0.004807372
0.004807372
0.004807372
0.004814878
0.004814878
0.004814878
0.004814878
0.004814878
0.00481565
0.00481565
0.00481565
0.00481565
0.00481565
0.004817143
0.004817143
0.004817143
0.004817143
0.004817143
0.00481596
0.00481596
0.00481596
0.00481596
0.00481596
0.004811662
0.004811662
0.004811662
0.004811662
0.004811662
0.004812164
0.004812164
0.004812164
0.004812164
0.004812164
0.004814187
0.004814187
0.004814187
0.004814187
0.004814187
0.004815874
0.004815874
0.004815874
0.004815874
0.004815874
0.004815263
0.004815263
0.004815263
0.004815263
0.004815263
0.004811196
0.004811196
0.004811196
0.004811196
0.004811196
0.004808897
0.004808897
0.004808897
0.004808897
0.004808897
0.004808509
0.004808509
0.004808509
0.004808509
0.004808509
0.00481425
0.00481425
0.00481425
0.00481425
0.00481425
0.004816123
0.004816123
0.004816123
0.004816123
0.004816123
0.00481839
0.00481839
0.00481839
0.00481839
0.00481839
0.004814105
0.004814105
0.004814105
0.004814105
0.004814105
0.004808407
0.004808407
0.004808407
0.004808407
0.004808407
0.004794626
0.004794626
0.004794626
0.004794626
0.004794626
0.004786862
0.004786862
0.004786862
0.004786862
0.004786862
0.004798162
0.004798162
0.004798162
0.004798162
0.004798162
0.004800174
0.004800174
0.004800174
0.004800174
0.004800174
0.004805465
0.004805465
0.004805465
0.004805465
0.004805465
0.004804865
0.004804865
0.004804865
0.004804865
0.004804865
0.004801142
0.004801142
0.004801142
0.004801142
0.004801142
0.004803394
0.004803394
0.004803394
0.004803394
0.004803394
0.004804823
0.004804823
0.004804823
0.004804823
0.004804823
0.004801609
0.004801609
0.004801609
0.004801609
0.004801609
0.004804534
0.004804534
0.004804534
0.004804534
0.004804534
0.004803805
0.004803805
0.004803805
0.004803805
0.004803805
0.004800539
0.004800539
0.004800539
0.004800539
0.004800539
0.004807499
0.004807499
0.004807499
0.004807499
0.004807499
0.004808081
0.004808081
0.004808081
0.004808081
0.004808081
0.004806077
0.004806077
0.004806077
0.004806077
0.004806077
0.004806998
0.004806998
0.004806998
0.004806998
0.004806998
0.004806308
0.004806308
0.004806308
0.004806308
0.004806308
0.004805981
0.004805981
0.004805981
0.004805981
0.004805981
0.004804847
0.004804847
0.004804847
0.004804847
0.004804847
0.004802817
0.004802817
0.004802817
0.004802817
0.004802817
0.004801224
0.004801224
0.004801224
0.004801224
0.004801224
0.004804999
0.004804999
0.004804999
0.004804999
0.004804999
0.004805423
0.004805423
0.004805423
0.004805423
0.004805423
0.004802158
0.004802158
0.004802158
0.004802158
0.004802158
0.004803529
0.004803529
0.004803529
0.004803529
0.004803529
0.004804452
0.004804452
0.004804452
0.004804452
0.004804452
0.004805202
0.004805202
0.004805202
0.004805202
0.004805202
0.004806089
0.004806089
0.004806089
0.004806089
0.004806089
0.004807528
0.004807528
0.004807528
0.004807528
0.004807528
0.004807368
0.004807368
0.004807368
0.004807368
0.004807368
0.004809705
0.004809705
0.004809705
0.004809705
0.004809705
0.004808143
0.004808143
0.004808143
0.004808143
0.004808143
0.00480086
0.00480086
0.00480086
0.00480086
0.00480086
0.004804576
0.004804576
0.004804576
0.004804576
0.004804576
0.004805523
0.004805523
0.004805523
0.004805523
0.004805523
0.00480268
0.00480268
0.00480268
0.00480268
0.00480268
0.004805329
0.004805329
0.004805329
0.004805329
0.004805329
0.004803266
0.004803266
0.004803266
0.004803266
0.004803266
0.004800626
0.004800626
0.004800626
0.004800626
0.004800626
0.00480463
0.00480463
0.00480463
0.00480463
0.00480463
0.004805241
0.004805241
0.004805241
0.004805241
0.004805241
0.004800449
0.004800449
0.004800449
0.004800449
0.004800449
0.004798419
0.004798419
0.004798419
0.004798419
0.004798419
0.004786212
0.004786212
0.004786212
0.004786212
0.004786212
0.004780873
0.004780873
0.004780873
0.004780873
0.004780873
0.004783246
0.004783246
0.004783246
0.004783246
0.004783246
0.004775792
0.004775792
0.004775792
0.004775792
0.004775792
0.004777945
0.004777945
0.004777945
0.004777945
0.004777945
0.004778349
0.004778349
0.004778349
0.004778349
0.004778349
0.004784636
0.004784636
0.004784636
0.004784636
0.004784636
0.004800418
0.004800418
0.004800418
0.004800418
0.004800418
0.004799957
0.004799957
0.004799957
0.004799957
0.004799957
0.004785318
0.004785318
0.004785318
0.004785318
0.004785318
0.004780474
0.004780474
0.004780474
0.004780474
0.004780474
0.004778237
0.004778237
0.004778237
0.004778237
0.004778237
0.00478657
0.00478657
0.00478657
0.00478657
0.00478657
0.004805151
0.004805151
0.004805151
0.004805151
0.004805151
0.004803223
0.004803223
0.004803223
0.004803223
0.004803223
0.004788226
0.004788226
0.004788226
0.004788226
0.004788226
0.004783143
0.004783143
0.004783143
0.004783143
0.004783143
0.004783377
0.004783377
0.004783377
0.004783377
0.004783377
0.004787058
0.004787058
0.004787058
0.004787058
0.004787058
0.004801816
0.004801816
0.004801816
0.004801816
0.004801816
0.004800391
0.004800391
0.004800391
0.004800391
0.004800391
0.004785662
0.004785662
0.004785662
0.004785662
0.004785662
0.004780463
0.004780463
0.004780463
0.004780463
0.004780463
0.004780929
0.004780929
0.004780929
0.004780929
0.004780929
0.00478615
0.00478615
0.00478615
0.00478615
0.00478615
0.004800429
0.004800429
0.004800429
0.004800429
0.004800429
0.004801097
0.004801097
0.004801097
0.004801097
0.004801097
0.004785356
0.004785356
0.004785356
0.004785356
0.004785356
0.004782006
0.004782006
0.004782006
0.004782006
0.004782006
0.0047833
0.0047833
0.0047833
0.0047833
0.0047833
0.004788702
0.004788702
0.004788702
0.004788702
0.004788702
0.004803376
0.004803376
0.004803376
0.004803376
0.004803376
0.004804606
0.004804606
0.004804606
0.004804606
0.004804606
0.004785838
0.004785838
0.004785838
0.004785838
0.004785838
0.004778013
0.004778013
0.004778013
0.004778013
0.004778013
0.004780827
0.004780827
0.004780827
0.004780827
0.004780827
0.00478568
0.00478568
0.00478568
0.00478568
0.00478568
0.004800023
0.004800023
0.004800023
0.004800023
0.004800023
0.004800137
0.004800137
0.004800137
0.004800137
0.004800137
0.004784361
0.004784361
0.004784361
0.004784361
0.004784361
0.004778599
0.004778599
0.004778599
0.004778599
0.004778599
0.004778782
0.004778782
0.004778782
0.004778782
0.004778782
0.00477704
0.00477704
0.00477704
0.00477704
0.00477704
0.004784244
0.004784244
0.004784244
0.004784244
0.004784244
0.004780944
0.004780944
0.004780944
0.004780944
0.004780944
)
;

boundaryField
{
    electrolyteSides
    {
        type            zeroGradient;
    }
    electrolyte_to_fuel
    {
        type            zeroGradient;
    }
    electrolyte_to_air
    {
        type            zeroGradient;
    }
}


// ************************************************************************* //
