/*--------------------------------*- C++ -*----------------------------------*\
| =========                 |                                                 |
| \\      /  F ield         | OpenFOAM: The Open Source CFD Toolbox           |
|  \\    /   O peration     | Version:  4.0                                   |
|   \\  /    A nd           | Web:      www.OpenFOAM.org                      |
|    \\/     M anipulation  |                                                 |
\*---------------------------------------------------------------------------*/
FoamFile
{
    version     2.0;
    format      ascii;
    class       volScalarField;
    location    "60/electrolyte";
    object      i0A;
}
// * * * * * * * * * * * * * * * * * * * * * * * * * * * * * * * * * * * * * //

dimensions      [0 -2 0 0 0 1 0];

internalField   nonuniform List<scalar> 
4840
(
94.38386
94.38386
94.38386
94.38386
94.38386
94.35628
94.35628
94.35628
94.35628
94.35628
94.26351
94.26351
94.26351
94.26351
94.26351
94.21217
94.21217
94.21217
94.21217
94.21217
94.20931
94.20931
94.20931
94.20931
94.20931
94.25255
94.25255
94.25255
94.25255
94.25255
94.33219
94.33219
94.33219
94.33219
94.33219
94.33156
94.33156
94.33156
94.33156
94.33156
94.25002
94.25002
94.25002
94.25002
94.25002
94.2045
94.2045
94.2045
94.2045
94.2045
94.20392
94.20392
94.20392
94.20392
94.20392
94.24812
94.24812
94.24812
94.24812
94.24812
94.32804
94.32804
94.32804
94.32804
94.32804
94.32786
94.32786
94.32786
94.32786
94.32786
94.24741
94.24741
94.24741
94.24741
94.24741
94.2026
94.2026
94.2026
94.2026
94.2026
94.20237
94.20237
94.20237
94.20237
94.20237
94.24661
94.24661
94.24661
94.24661
94.24661
94.32639
94.32639
94.32639
94.32639
94.32639
94.32635
94.32635
94.32635
94.32635
94.32635
94.24643
94.24643
94.24643
94.24643
94.24643
94.20203
94.20203
94.20203
94.20203
94.20203
94.20203
94.20203
94.20203
94.20203
94.20203
94.24643
94.24643
94.24643
94.24643
94.24643
94.32635
94.32635
94.32635
94.32635
94.32635
94.32641
94.32641
94.32641
94.32641
94.32641
94.24663
94.24663
94.24663
94.24663
94.24663
94.20239
94.20239
94.20239
94.20239
94.20239
94.20262
94.20262
94.20262
94.20262
94.20262
94.24742
94.24742
94.24742
94.24742
94.24742
94.32789
94.32789
94.32789
94.32789
94.32789
94.32808
94.32808
94.32808
94.32808
94.32808
94.24818
94.24818
94.24818
94.24818
94.24818
94.20396
94.20396
94.20396
94.20396
94.20396
94.20448
94.20448
94.20448
94.20448
94.20448
94.24998
94.24998
94.24998
94.24998
94.24998
94.33151
94.33151
94.33151
94.33151
94.33151
94.33212
94.33212
94.33212
94.33212
94.33212
94.25244
94.25244
94.25244
94.25244
94.25244
94.20911
94.20911
94.20911
94.20911
94.20911
94.21191
94.21191
94.21191
94.21191
94.21191
94.26326
94.26326
94.26326
94.26326
94.26326
94.35609
94.35609
94.35609
94.35609
94.35609
94.38368
94.38368
94.38368
94.38368
94.38368
94.39423
94.39423
94.39423
94.39423
94.39423
94.3787
94.3787
94.3787
94.3787
94.3787
94.32709
94.32709
94.32709
94.32709
94.32709
94.29284
94.29284
94.29284
94.29284
94.29284
94.29011
94.29011
94.29011
94.29011
94.29011
94.3175
94.3175
94.3175
94.3175
94.3175
94.35978
94.35978
94.35978
94.35978
94.35978
94.35906
94.35906
94.35906
94.35906
94.35906
94.31436
94.31436
94.31436
94.31436
94.31436
94.28434
94.28434
94.28434
94.28434
94.28434
94.28377
94.28377
94.28377
94.28377
94.28377
94.31245
94.31245
94.31245
94.31245
94.31245
94.35555
94.35555
94.35555
94.35555
94.35555
94.35535
94.35535
94.35535
94.35535
94.35535
94.31157
94.31157
94.31157
94.31157
94.31157
94.28221
94.28221
94.28221
94.28221
94.28221
94.282
94.282
94.282
94.282
94.282
94.31079
94.31079
94.31079
94.31079
94.31079
94.35391
94.35391
94.35391
94.35391
94.35391
94.35386
94.35386
94.35386
94.35386
94.35386
94.31056
94.31056
94.31056
94.31056
94.31056
94.28158
94.28158
94.28158
94.28158
94.28158
94.28158
94.28158
94.28158
94.28158
94.28158
94.31056
94.31056
94.31056
94.31056
94.31056
94.35386
94.35386
94.35386
94.35386
94.35386
94.3539
94.3539
94.3539
94.3539
94.3539
94.31075
94.31075
94.31075
94.31075
94.31075
94.28195
94.28195
94.28195
94.28195
94.28195
94.2822
94.2822
94.2822
94.2822
94.2822
94.31156
94.31156
94.31156
94.31156
94.31156
94.35534
94.35534
94.35534
94.35534
94.35534
94.35553
94.35553
94.35553
94.35553
94.35553
94.31244
94.31244
94.31244
94.31244
94.31244
94.28377
94.28377
94.28377
94.28377
94.28377
94.28433
94.28433
94.28433
94.28433
94.28433
94.31434
94.31434
94.31434
94.31434
94.31434
94.35903
94.35903
94.35903
94.35903
94.35903
94.35974
94.35974
94.35974
94.35974
94.35974
94.31744
94.31744
94.31744
94.31744
94.31744
94.29001
94.29001
94.29001
94.29001
94.29001
94.29273
94.29273
94.29273
94.29273
94.29273
94.327
94.327
94.327
94.327
94.327
94.37864
94.37864
94.37864
94.37864
94.37864
94.39418
94.39418
94.39418
94.39418
94.39418
94.40673
94.40673
94.40673
94.40673
94.40673
94.39946
94.39946
94.39946
94.39946
94.39946
94.37517
94.37517
94.37517
94.37517
94.37517
94.35534
94.35534
94.35534
94.35534
94.35534
94.35314
94.35314
94.35314
94.35314
94.35314
94.36755
94.36755
94.36755
94.36755
94.36755
94.3856
94.3856
94.3856
94.3856
94.3856
94.38487
94.38487
94.38487
94.38487
94.38487
94.3642
94.3642
94.3642
94.3642
94.3642
94.34713
94.34713
94.34713
94.34713
94.34713
94.34657
94.34657
94.34657
94.34657
94.34657
94.36226
94.36226
94.36226
94.36226
94.36226
94.38134
94.38134
94.38134
94.38134
94.38134
94.38112
94.38112
94.38112
94.38112
94.38112
94.36122
94.36122
94.36122
94.36122
94.36122
94.34473
94.34473
94.34473
94.34473
94.34473
94.34447
94.34447
94.34447
94.34447
94.34447
94.36036
94.36036
94.36036
94.36036
94.36036
94.37962
94.37962
94.37962
94.37962
94.37962
94.37956
94.37956
94.37956
94.37956
94.37956
94.36009
94.36009
94.36009
94.36009
94.36009
94.34395
94.34395
94.34395
94.34395
94.34395
94.34395
94.34395
94.34395
94.34395
94.34395
94.36008
94.36008
94.36008
94.36008
94.36008
94.37956
94.37956
94.37956
94.37956
94.37956
94.37962
94.37962
94.37962
94.37962
94.37962
94.36036
94.36036
94.36036
94.36036
94.36036
94.34447
94.34447
94.34447
94.34447
94.34447
94.34472
94.34472
94.34472
94.34472
94.34472
94.3612
94.3612
94.3612
94.3612
94.3612
94.38111
94.38111
94.38111
94.38111
94.38111
94.38134
94.38134
94.38134
94.38134
94.38134
94.36226
94.36226
94.36226
94.36226
94.36226
94.34656
94.34656
94.34656
94.34656
94.34656
94.34712
94.34712
94.34712
94.34712
94.34712
94.36418
94.36418
94.36418
94.36418
94.36418
94.38484
94.38484
94.38484
94.38484
94.38484
94.38557
94.38557
94.38557
94.38557
94.38557
94.36751
94.36751
94.36751
94.36751
94.36751
94.35308
94.35308
94.35308
94.35308
94.35308
94.35528
94.35528
94.35528
94.35528
94.35528
94.3751
94.3751
94.3751
94.3751
94.3751
94.39941
94.39941
94.39941
94.39941
94.39941
94.40669
94.40669
94.40669
94.40669
94.40669
94.41949
94.41949
94.41949
94.41949
94.41949
94.41731
94.41731
94.41731
94.41731
94.41731
94.41013
94.41013
94.41013
94.41013
94.41013
94.40052
94.40052
94.40052
94.40052
94.40052
94.39875
94.39875
94.39875
94.39875
94.39875
94.40431
94.40431
94.40431
94.40431
94.40431
94.4075
94.4075
94.4075
94.4075
94.4075
94.40681
94.40681
94.40681
94.40681
94.40681
94.4011
94.4011
94.4011
94.4011
94.4011
94.39306
94.39306
94.39306
94.39306
94.39306
94.39249
94.39249
94.39249
94.39249
94.39249
94.39918
94.39918
94.39918
94.39918
94.39918
94.40345
94.40345
94.40345
94.40345
94.40345
94.40323
94.40323
94.40323
94.40323
94.40323
94.39815
94.39815
94.39815
94.39815
94.39815
94.39062
94.39062
94.39062
94.39062
94.39062
94.39035
94.39035
94.39035
94.39035
94.39035
94.3973
94.3973
94.3973
94.3973
94.3973
94.40181
94.40181
94.40181
94.40181
94.40181
94.40176
94.40176
94.40176
94.40176
94.40176
94.39708
94.39708
94.39708
94.39708
94.39708
94.38989
94.38989
94.38989
94.38989
94.38989
94.38988
94.38988
94.38988
94.38988
94.38988
94.39707
94.39707
94.39707
94.39707
94.39707
94.40176
94.40176
94.40176
94.40176
94.40176
94.40182
94.40182
94.40182
94.40182
94.40182
94.39735
94.39735
94.39735
94.39735
94.39735
94.3904
94.3904
94.3904
94.3904
94.3904
94.39062
94.39062
94.39062
94.39062
94.39062
94.39814
94.39814
94.39814
94.39814
94.39814
94.40322
94.40322
94.40322
94.40322
94.40322
94.40345
94.40345
94.40345
94.40345
94.40345
94.39919
94.39919
94.39919
94.39919
94.39919
94.39248
94.39248
94.39248
94.39248
94.39248
94.39304
94.39304
94.39304
94.39304
94.39304
94.40108
94.40108
94.40108
94.40108
94.40108
94.40679
94.40679
94.40679
94.40679
94.40679
94.40748
94.40748
94.40748
94.40748
94.40748
94.40429
94.40429
94.40429
94.40429
94.40429
94.39873
94.39873
94.39873
94.39873
94.39873
94.40048
94.40048
94.40048
94.40048
94.40048
94.41008
94.41008
94.41008
94.41008
94.41008
94.41726
94.41726
94.41726
94.41726
94.41726
94.41946
94.41946
94.41946
94.41946
94.41946
94.43219
94.43219
94.43219
94.43219
94.43219
94.43313
94.43313
94.43313
94.43313
94.43313
94.43656
94.43656
94.43656
94.43656
94.43656
94.43376
94.43376
94.43376
94.43376
94.43376
94.43247
94.43247
94.43247
94.43247
94.43247
94.43238
94.43238
94.43238
94.43238
94.43238
94.42651
94.42651
94.42651
94.42651
94.42651
94.42588
94.42588
94.42588
94.42588
94.42588
94.42947
94.42947
94.42947
94.42947
94.42947
94.42735
94.42735
94.42735
94.42735
94.42735
94.42679
94.42679
94.42679
94.42679
94.42679
94.42762
94.42762
94.42762
94.42762
94.42762
94.42272
94.42272
94.42272
94.42272
94.42272
94.42248
94.42248
94.42248
94.42248
94.42248
94.42652
94.42652
94.42652
94.42652
94.42652
94.42482
94.42482
94.42482
94.42482
94.42482
94.42455
94.42455
94.42455
94.42455
94.42455
94.42566
94.42566
94.42566
94.42566
94.42566
94.42103
94.42103
94.42103
94.42103
94.42103
94.42097
94.42097
94.42097
94.42097
94.42097
94.42539
94.42539
94.42539
94.42539
94.42539
94.42404
94.42404
94.42404
94.42404
94.42404
94.42404
94.42404
94.42404
94.42404
94.42404
94.42539
94.42539
94.42539
94.42539
94.42539
94.42096
94.42096
94.42096
94.42096
94.42096
94.42102
94.42102
94.42102
94.42102
94.42102
94.42565
94.42565
94.42565
94.42565
94.42565
94.42453
94.42453
94.42453
94.42453
94.42453
94.42479
94.42479
94.42479
94.42479
94.42479
94.4265
94.4265
94.4265
94.4265
94.4265
94.42244
94.42244
94.42244
94.42244
94.42244
94.42267
94.42267
94.42267
94.42267
94.42267
94.42756
94.42756
94.42756
94.42756
94.42756
94.42674
94.42674
94.42674
94.42674
94.42674
94.42734
94.42734
94.42734
94.42734
94.42734
94.42946
94.42946
94.42946
94.42946
94.42946
94.42587
94.42587
94.42587
94.42587
94.42587
94.42651
94.42651
94.42651
94.42651
94.42651
94.4324
94.4324
94.4324
94.4324
94.4324
94.43253
94.43253
94.43253
94.43253
94.43253
94.43385
94.43385
94.43385
94.43385
94.43385
94.43664
94.43664
94.43664
94.43664
94.43664
94.43319
94.43319
94.43319
94.43319
94.43319
94.43224
94.43224
94.43224
94.43224
94.43224
94.44482
94.44482
94.44482
94.44482
94.44482
94.44775
94.44775
94.44775
94.44775
94.44775
94.45793
94.45793
94.45793
94.45793
94.45793
94.45963
94.45963
94.45963
94.45963
94.45963
94.45868
94.45868
94.45868
94.45868
94.45868
94.45494
94.45494
94.45494
94.45494
94.45494
94.44339
94.44339
94.44339
94.44339
94.44339
94.44282
94.44282
94.44282
94.44282
94.44282
94.45233
94.45233
94.45233
94.45233
94.45233
94.45408
94.45408
94.45408
94.45408
94.45408
94.45353
94.45353
94.45353
94.45353
94.45353
94.45055
94.45055
94.45055
94.45055
94.45055
94.43987
94.43987
94.43987
94.43987
94.43987
94.43965
94.43965
94.43965
94.43965
94.43965
94.44954
94.44954
94.44954
94.44954
94.44954
94.45164
94.45164
94.45164
94.45164
94.45164
94.45138
94.45138
94.45138
94.45138
94.45138
94.4487
94.4487
94.4487
94.4487
94.4487
94.43829
94.43829
94.43829
94.43829
94.43829
94.43824
94.43824
94.43824
94.43824
94.43824
94.44845
94.44845
94.44845
94.44845
94.44845
94.45091
94.45091
94.45091
94.45091
94.45091
94.4509
94.4509
94.4509
94.4509
94.4509
94.44845
94.44845
94.44845
94.44845
94.44845
94.43823
94.43823
94.43823
94.43823
94.43823
94.4383
94.4383
94.4383
94.4383
94.4383
94.44872
94.44872
94.44872
94.44872
94.44872
94.45139
94.45139
94.45139
94.45139
94.45139
94.45165
94.45165
94.45165
94.45165
94.45165
94.44952
94.44952
94.44952
94.44952
94.44952
94.43966
94.43966
94.43966
94.43966
94.43966
94.43988
94.43988
94.43988
94.43988
94.43988
94.45057
94.45057
94.45057
94.45057
94.45057
94.45353
94.45353
94.45353
94.45353
94.45353
94.45405
94.45405
94.45405
94.45405
94.45405
94.45229
94.45229
94.45229
94.45229
94.45229
94.44278
94.44278
94.44278
94.44278
94.44278
94.44335
94.44335
94.44335
94.44335
94.44335
94.45488
94.45488
94.45488
94.45488
94.45488
94.45857
94.45857
94.45857
94.45857
94.45857
94.45949
94.45949
94.45949
94.45949
94.45949
94.45778
94.45778
94.45778
94.45778
94.45778
94.44762
94.44762
94.44762
94.44762
94.44762
94.44471
94.44471
94.44471
94.44471
94.44471
94.45709
94.45709
94.45709
94.45709
94.45709
94.46129
94.46129
94.46129
94.46129
94.46129
94.47586
94.47586
94.47586
94.47586
94.47586
94.48056
94.48056
94.48056
94.48056
94.48056
94.47992
94.47992
94.47992
94.47992
94.47992
94.47389
94.47389
94.47389
94.47389
94.47389
94.45871
94.45871
94.45871
94.45871
94.45871
94.45824
94.45824
94.45824
94.45824
94.45824
94.4717
94.4717
94.4717
94.4717
94.4717
94.47609
94.47609
94.47609
94.47609
94.47609
94.47561
94.47561
94.47561
94.47561
94.47561
94.47013
94.47013
94.47013
94.47013
94.47013
94.45561
94.45561
94.45561
94.45561
94.45561
94.4554
94.4554
94.4554
94.4554
94.4554
94.46919
94.46919
94.46919
94.46919
94.46919
94.47391
94.47391
94.47391
94.47391
94.47391
94.47369
94.47369
94.47369
94.47369
94.47369
94.46846
94.46846
94.46846
94.46846
94.46846
94.45419
94.45419
94.45419
94.45419
94.45419
94.45413
94.45413
94.45413
94.45413
94.45413
94.4682
94.4682
94.4682
94.4682
94.4682
94.47321
94.47321
94.47321
94.47321
94.47321
94.4732
94.4732
94.4732
94.4732
94.4732
94.46819
94.46819
94.46819
94.46819
94.46819
94.45412
94.45412
94.45412
94.45412
94.45412
94.45418
94.45418
94.45418
94.45418
94.45418
94.46842
94.46842
94.46842
94.46842
94.46842
94.47364
94.47364
94.47364
94.47364
94.47364
94.47388
94.47388
94.47388
94.47388
94.47388
94.46917
94.46917
94.46917
94.46917
94.46917
94.45539
94.45539
94.45539
94.45539
94.45539
94.45558
94.45558
94.45558
94.45558
94.45558
94.4701
94.4701
94.4701
94.4701
94.4701
94.47559
94.47559
94.47559
94.47559
94.47559
94.47606
94.47606
94.47606
94.47606
94.47606
94.47167
94.47167
94.47167
94.47167
94.47167
94.45821
94.45821
94.45821
94.45821
94.45821
94.45868
94.45868
94.45868
94.45868
94.45868
94.47385
94.47385
94.47385
94.47385
94.47385
94.47987
94.47987
94.47987
94.47987
94.47987
94.4805
94.4805
94.4805
94.4805
94.4805
94.4758
94.4758
94.4758
94.4758
94.4758
94.46125
94.46125
94.46125
94.46125
94.46125
94.45705
94.45705
94.45705
94.45705
94.45705
94.46919
94.46919
94.46919
94.46919
94.46919
94.4743
94.4743
94.4743
94.4743
94.4743
94.49194
94.49194
94.49194
94.49194
94.49194
94.49877
94.49877
94.49877
94.49877
94.49877
94.49837
94.49837
94.49837
94.49837
94.49837
94.49077
94.49077
94.49077
94.49077
94.49077
94.4731
94.4731
94.4731
94.4731
94.4731
94.47272
94.47272
94.47272
94.47272
94.47272
94.48903
94.48903
94.48903
94.48903
94.48903
94.49533
94.49533
94.49533
94.49533
94.49533
94.49487
94.49487
94.49487
94.49487
94.49487
94.48758
94.48758
94.48758
94.48758
94.48758
94.47032
94.47032
94.47032
94.47032
94.47032
94.47013
94.47013
94.47013
94.47013
94.47013
94.48666
94.48666
94.48666
94.48666
94.48666
94.49322
94.49322
94.49322
94.49322
94.49322
94.49299
94.49299
94.49299
94.49299
94.49299
94.48594
94.48594
94.48594
94.48594
94.48594
94.46896
94.46896
94.46896
94.46896
94.46896
94.4689
94.4689
94.4689
94.4689
94.4689
94.48565
94.48565
94.48565
94.48565
94.48565
94.49245
94.49245
94.49245
94.49245
94.49245
94.49244
94.49244
94.49244
94.49244
94.49244
94.48564
94.48564
94.48564
94.48564
94.48564
94.46889
94.46889
94.46889
94.46889
94.46889
94.46895
94.46895
94.46895
94.46895
94.46895
94.48594
94.48594
94.48594
94.48594
94.48594
94.49298
94.49298
94.49298
94.49298
94.49298
94.4932
94.4932
94.4932
94.4932
94.4932
94.48664
94.48664
94.48664
94.48664
94.48664
94.47011
94.47011
94.47011
94.47011
94.47011
94.47031
94.47031
94.47031
94.47031
94.47031
94.48757
94.48757
94.48757
94.48757
94.48757
94.49485
94.49485
94.49485
94.49485
94.49485
94.4953
94.4953
94.4953
94.4953
94.4953
94.48901
94.48901
94.48901
94.48901
94.48901
94.4727
94.4727
94.4727
94.4727
94.4727
94.47308
94.47308
94.47308
94.47308
94.47308
94.49074
94.49074
94.49074
94.49074
94.49074
94.49833
94.49833
94.49833
94.49833
94.49833
94.49872
94.49872
94.49872
94.49872
94.49872
94.49189
94.49189
94.49189
94.49189
94.49189
94.47426
94.47426
94.47426
94.47426
94.47426
94.46915
94.46915
94.46915
94.46915
94.46915
94.48099
94.48099
94.48099
94.48099
94.48099
94.48677
94.48677
94.48677
94.48677
94.48677
94.50664
94.50664
94.50664
94.50664
94.50664
94.51503
94.51503
94.51503
94.51503
94.51503
94.51484
94.51484
94.51484
94.51484
94.51484
94.50608
94.50608
94.50608
94.50608
94.50608
94.4866
94.4866
94.4866
94.4866
94.4866
94.4863
94.4863
94.4863
94.4863
94.4863
94.50474
94.50474
94.50474
94.50474
94.50474
94.51248
94.51248
94.51248
94.51248
94.51248
94.51206
94.51206
94.51206
94.51206
94.51206
94.50342
94.50342
94.50342
94.50342
94.50342
94.48419
94.48419
94.48419
94.48419
94.48419
94.48403
94.48403
94.48403
94.48403
94.48403
94.50265
94.50265
94.50265
94.50265
94.50265
94.51063
94.51063
94.51063
94.51063
94.51063
94.51041
94.51041
94.51041
94.51041
94.51041
94.502
94.502
94.502
94.502
94.502
94.48299
94.48299
94.48299
94.48299
94.48299
94.48294
94.48294
94.48294
94.48294
94.48294
94.50173
94.50173
94.50173
94.50173
94.50173
94.5099
94.5099
94.5099
94.5099
94.5099
94.5099
94.5099
94.5099
94.5099
94.5099
94.50173
94.50173
94.50173
94.50173
94.50173
94.48293
94.48293
94.48293
94.48293
94.48293
94.483
94.483
94.483
94.483
94.483
94.50204
94.50204
94.50204
94.50204
94.50204
94.51045
94.51045
94.51045
94.51045
94.51045
94.51063
94.51063
94.51063
94.51063
94.51063
94.50264
94.50264
94.50264
94.50264
94.50264
94.48402
94.48402
94.48402
94.48402
94.48402
94.48419
94.48419
94.48419
94.48419
94.48419
94.50342
94.50342
94.50342
94.50342
94.50342
94.51204
94.51204
94.51204
94.51204
94.51204
94.51246
94.51246
94.51246
94.51246
94.51246
94.50471
94.50471
94.50471
94.50471
94.50471
94.48628
94.48628
94.48628
94.48628
94.48628
94.48658
94.48658
94.48658
94.48658
94.48658
94.50607
94.50607
94.50607
94.50607
94.50607
94.51482
94.51482
94.51482
94.51482
94.51482
94.515
94.515
94.515
94.515
94.515
94.50659
94.50659
94.50659
94.50659
94.50659
94.48672
94.48672
94.48672
94.48672
94.48672
94.48096
94.48096
94.48096
94.48096
94.48096
94.49243
94.49243
94.49243
94.49243
94.49243
94.49874
94.49874
94.49874
94.49874
94.49874
94.52041
94.52041
94.52041
94.52041
94.52041
94.53009
94.53009
94.53009
94.53009
94.53009
94.53009
94.53009
94.53009
94.53009
94.53009
94.52043
94.52043
94.52043
94.52043
94.52043
94.49949
94.49949
94.49949
94.49949
94.49949
94.49926
94.49926
94.49926
94.49926
94.49926
94.5194
94.5194
94.5194
94.5194
94.5194
94.52832
94.52832
94.52832
94.52832
94.52832
94.52791
94.52791
94.52791
94.52791
94.52791
94.51821
94.51821
94.51821
94.51821
94.51821
94.4974
94.4974
94.4974
94.4974
94.4974
94.49724
94.49724
94.49724
94.49724
94.49724
94.51752
94.51752
94.51752
94.51752
94.51752
94.52665
94.52665
94.52665
94.52665
94.52665
94.52643
94.52643
94.52643
94.52643
94.52643
94.51689
94.51689
94.51689
94.51689
94.51689
94.49624
94.49624
94.49624
94.49624
94.49624
94.49617
94.49617
94.49617
94.49617
94.49617
94.5166
94.5166
94.5166
94.5166
94.5166
94.52589
94.52589
94.52589
94.52589
94.52589
94.52589
94.52589
94.52589
94.52589
94.52589
94.5166
94.5166
94.5166
94.5166
94.5166
94.49616
94.49616
94.49616
94.49616
94.49616
94.49623
94.49623
94.49623
94.49623
94.49623
94.51688
94.51688
94.51688
94.51688
94.51688
94.52642
94.52642
94.52642
94.52642
94.52642
94.52662
94.52662
94.52662
94.52662
94.52662
94.5175
94.5175
94.5175
94.5175
94.5175
94.4972
94.4972
94.4972
94.4972
94.4972
94.49736
94.49736
94.49736
94.49736
94.49736
94.51816
94.51816
94.51816
94.51816
94.51816
94.52787
94.52787
94.52787
94.52787
94.52787
94.5283
94.5283
94.5283
94.5283
94.5283
94.51939
94.51939
94.51939
94.51939
94.51939
94.49926
94.49926
94.49926
94.49926
94.49926
94.49949
94.49949
94.49949
94.49949
94.49949
94.52045
94.52045
94.52045
94.52045
94.52045
94.53014
94.53014
94.53014
94.53014
94.53014
94.53017
94.53017
94.53017
94.53017
94.53017
94.52048
94.52048
94.52048
94.52048
94.52048
94.49879
94.49879
94.49879
94.49879
94.49879
94.49248
94.49248
94.49248
94.49248
94.49248
94.50352
94.50352
94.50352
94.50352
94.50352
94.51028
94.51028
94.51028
94.51028
94.51028
94.53348
94.53348
94.53348
94.53348
94.53348
94.54424
94.54424
94.54424
94.54424
94.54424
94.54434
94.54434
94.54434
94.54434
94.54434
94.53387
94.53387
94.53387
94.53387
94.53387
94.5117
94.5117
94.5117
94.5117
94.5117
94.51153
94.51153
94.51153
94.51153
94.51153
94.53309
94.53309
94.53309
94.53309
94.53309
94.54299
94.54299
94.54299
94.54299
94.54299
94.54257
94.54257
94.54257
94.54257
94.54257
94.53197
94.53197
94.53197
94.53197
94.53197
94.50984
94.50984
94.50984
94.50984
94.50984
94.50972
94.50972
94.50972
94.50972
94.50972
94.53142
94.53142
94.53142
94.53142
94.53142
94.54153
94.54153
94.54153
94.54153
94.54153
94.54132
94.54132
94.54132
94.54132
94.54132
94.53084
94.53084
94.53084
94.53084
94.53084
94.50882
94.50882
94.50882
94.50882
94.50882
94.50877
94.50877
94.50877
94.50877
94.50877
94.53062
94.53062
94.53062
94.53062
94.53062
94.54088
94.54088
94.54088
94.54088
94.54088
94.54088
94.54088
94.54088
94.54088
94.54088
94.53061
94.53061
94.53061
94.53061
94.53061
94.50877
94.50877
94.50877
94.50877
94.50877
94.50882
94.50882
94.50882
94.50882
94.50882
94.53085
94.53085
94.53085
94.53085
94.53085
94.54132
94.54132
94.54132
94.54132
94.54132
94.54152
94.54152
94.54152
94.54152
94.54152
94.5314
94.5314
94.5314
94.5314
94.5314
94.50972
94.50972
94.50972
94.50972
94.50972
94.50985
94.50985
94.50985
94.50985
94.50985
94.53198
94.53198
94.53198
94.53198
94.53198
94.54257
94.54257
94.54257
94.54257
94.54257
94.54294
94.54294
94.54294
94.54294
94.54294
94.53304
94.53304
94.53304
94.53304
94.53304
94.51148
94.51148
94.51148
94.51148
94.51148
94.51165
94.51165
94.51165
94.51165
94.51165
94.5338
94.5338
94.5338
94.5338
94.5338
94.54424
94.54424
94.54424
94.54424
94.54424
94.54409
94.54409
94.54409
94.54409
94.54409
94.53333
94.53333
94.53333
94.53333
94.53333
94.51016
94.51016
94.51016
94.51016
94.51016
94.50341
94.50341
94.50341
94.50341
94.50341
94.5139
94.5139
94.5139
94.5139
94.5139
94.52104
94.52104
94.52104
94.52104
94.52104
94.54551
94.54551
94.54551
94.54551
94.54551
94.5572
94.5572
94.5572
94.5572
94.5572
94.55743
94.55743
94.55743
94.55743
94.55743
94.5463
94.5463
94.5463
94.5463
94.5463
94.52311
94.52311
94.52311
94.52311
94.52311
94.523
94.523
94.523
94.523
94.523
94.54578
94.54578
94.54578
94.54578
94.54578
94.55655
94.55655
94.55655
94.55655
94.55655
94.55619
94.55619
94.55619
94.55619
94.55619
94.54483
94.54483
94.54483
94.54483
94.54483
94.52157
94.52157
94.52157
94.52157
94.52157
94.52146
94.52146
94.52146
94.52146
94.52146
94.54437
94.54437
94.54437
94.54437
94.54437
94.55535
94.55535
94.55535
94.55535
94.55535
94.55518
94.55518
94.55518
94.55518
94.55518
94.54389
94.54389
94.54389
94.54389
94.54389
94.5207
94.5207
94.5207
94.5207
94.5207
94.52067
94.52067
94.52067
94.52067
94.52067
94.54374
94.54374
94.54374
94.54374
94.54374
94.55487
94.55487
94.55487
94.55487
94.55487
94.55487
94.55487
94.55487
94.55487
94.55487
94.54373
94.54373
94.54373
94.54373
94.54373
94.52066
94.52066
94.52066
94.52066
94.52066
94.52069
94.52069
94.52069
94.52069
94.52069
94.54386
94.54386
94.54386
94.54386
94.54386
94.55514
94.55514
94.55514
94.55514
94.55514
94.55533
94.55533
94.55533
94.55533
94.55533
94.54435
94.54435
94.54435
94.54435
94.54435
94.52144
94.52144
94.52144
94.52144
94.52144
94.52155
94.52155
94.52155
94.52155
94.52155
94.54481
94.54481
94.54481
94.54481
94.54481
94.55617
94.55617
94.55617
94.55617
94.55617
94.55652
94.55652
94.55652
94.55652
94.55652
94.54575
94.54575
94.54575
94.54575
94.54575
94.52297
94.52297
94.52297
94.52297
94.52297
94.52308
94.52308
94.52308
94.52308
94.52308
94.54626
94.54626
94.54626
94.54626
94.54626
94.55736
94.55736
94.55736
94.55736
94.55736
94.55712
94.55712
94.55712
94.55712
94.55712
94.54544
94.54544
94.54544
94.54544
94.54544
94.52099
94.52099
94.52099
94.52099
94.52099
94.51386
94.51386
94.51386
94.51386
94.51386
94.52376
94.52376
94.52376
94.52376
94.52376
94.53124
94.53124
94.53124
94.53124
94.53124
94.5569
94.5569
94.5569
94.5569
94.5569
94.56942
94.56942
94.56942
94.56942
94.56942
94.56975
94.56975
94.56975
94.56975
94.56975
94.55802
94.55802
94.55802
94.55802
94.55802
94.53391
94.53391
94.53391
94.53391
94.53391
94.53385
94.53385
94.53385
94.53385
94.53385
94.55775
94.55775
94.55775
94.55775
94.55775
94.56932
94.56932
94.56932
94.56932
94.56932
94.569
94.569
94.569
94.569
94.569
94.55691
94.55691
94.55691
94.55691
94.55691
94.53258
94.53258
94.53258
94.53258
94.53258
94.53247
94.53247
94.53247
94.53247
94.53247
94.55644
94.55644
94.55644
94.55644
94.55644
94.56818
94.56818
94.56818
94.56818
94.56818
94.56798
94.56798
94.56798
94.56798
94.56798
94.55597
94.55597
94.55597
94.55597
94.55597
94.53175
94.53175
94.53175
94.53175
94.53175
94.53173
94.53173
94.53173
94.53173
94.53173
94.55588
94.55588
94.55588
94.55588
94.55588
94.56778
94.56778
94.56778
94.56778
94.56778
94.56777
94.56777
94.56777
94.56777
94.56777
94.55587
94.55587
94.55587
94.55587
94.55587
94.53172
94.53172
94.53172
94.53172
94.53172
94.53175
94.53175
94.53175
94.53175
94.53175
94.55596
94.55596
94.55596
94.55596
94.55596
94.56798
94.56798
94.56798
94.56798
94.56798
94.56817
94.56817
94.56817
94.56817
94.56817
94.55643
94.55643
94.55643
94.55643
94.55643
94.53245
94.53245
94.53245
94.53245
94.53245
94.53257
94.53257
94.53257
94.53257
94.53257
94.55689
94.55689
94.55689
94.55689
94.55689
94.56898
94.56898
94.56898
94.56898
94.56898
94.56929
94.56929
94.56929
94.56929
94.56929
94.55772
94.55772
94.55772
94.55772
94.55772
94.53382
94.53382
94.53382
94.53382
94.53382
94.53389
94.53389
94.53389
94.53389
94.53389
94.55798
94.55798
94.55798
94.55798
94.55798
94.5697
94.5697
94.5697
94.5697
94.5697
94.56935
94.56935
94.56935
94.56935
94.56935
94.55683
94.55683
94.55683
94.55683
94.55683
94.53119
94.53119
94.53119
94.53119
94.53119
94.52372
94.52372
94.52372
94.52372
94.52372
94.53294
94.53294
94.53294
94.53294
94.53294
94.54073
94.54073
94.54073
94.54073
94.54073
94.56742
94.56742
94.56742
94.56742
94.56742
94.5807
94.5807
94.5807
94.5807
94.5807
94.58112
94.58112
94.58112
94.58112
94.58112
94.56883
94.56883
94.56883
94.56883
94.56883
94.54389
94.54389
94.54389
94.54389
94.54389
94.54387
94.54387
94.54387
94.54387
94.54387
94.56881
94.56881
94.56881
94.56881
94.56881
94.58113
94.58113
94.58113
94.58113
94.58113
94.58085
94.58085
94.58085
94.58085
94.58085
94.56809
94.56809
94.56809
94.56809
94.56809
94.5428
94.5428
94.5428
94.5428
94.5428
94.5427
94.5427
94.5427
94.5427
94.5427
94.56767
94.56767
94.56767
94.56767
94.56767
94.58011
94.58011
94.58011
94.58011
94.58011
94.57993
94.57993
94.57993
94.57993
94.57993
94.56726
94.56726
94.56726
94.56726
94.56726
94.54209
94.54209
94.54209
94.54209
94.54209
94.54208
94.54208
94.54208
94.54208
94.54208
94.56725
94.56725
94.56725
94.56725
94.56725
94.57987
94.57987
94.57987
94.57987
94.57987
94.57986
94.57986
94.57986
94.57986
94.57986
94.56724
94.56724
94.56724
94.56724
94.56724
94.54208
94.54208
94.54208
94.54208
94.54208
94.5421
94.5421
94.5421
94.5421
94.5421
94.56729
94.56729
94.56729
94.56729
94.56729
94.57996
94.57996
94.57996
94.57996
94.57996
94.58011
94.58011
94.58011
94.58011
94.58011
94.56766
94.56766
94.56766
94.56766
94.56766
94.54268
94.54268
94.54268
94.54268
94.54268
94.54279
94.54279
94.54279
94.54279
94.54279
94.56809
94.56809
94.56809
94.56809
94.56809
94.58084
94.58084
94.58084
94.58084
94.58084
94.58111
94.58111
94.58111
94.58111
94.58111
94.56878
94.56878
94.56878
94.56878
94.56878
94.54385
94.54385
94.54385
94.54385
94.54385
94.54387
94.54387
94.54387
94.54387
94.54387
94.56881
94.56881
94.56881
94.56881
94.56881
94.58109
94.58109
94.58109
94.58109
94.58109
94.58065
94.58065
94.58065
94.58065
94.58065
94.56736
94.56736
94.56736
94.56736
94.56736
94.54068
94.54068
94.54068
94.54068
94.54068
94.5329
94.5329
94.5329
94.5329
94.5329
94.54139
94.54139
94.54139
94.54139
94.54139
94.54948
94.54948
94.54948
94.54948
94.54948
94.57719
94.57719
94.57719
94.57719
94.57719
94.5912
94.5912
94.5912
94.5912
94.5912
94.59174
94.59174
94.59174
94.59174
94.59174
94.57893
94.57893
94.57893
94.57893
94.57893
94.55317
94.55317
94.55317
94.55317
94.55317
94.55319
94.55319
94.55319
94.55319
94.55319
94.57912
94.57912
94.57912
94.57912
94.57912
94.59217
94.59217
94.59217
94.59217
94.59217
94.59193
94.59193
94.59193
94.59193
94.59193
94.57851
94.57851
94.57851
94.57851
94.57851
94.55226
94.55226
94.55226
94.55226
94.55226
94.55215
94.55215
94.55215
94.55215
94.55215
94.57806
94.57806
94.57806
94.57806
94.57806
94.59116
94.59116
94.59116
94.59116
94.59116
94.591
94.591
94.591
94.591
94.591
94.57768
94.57768
94.57768
94.57768
94.57768
94.55156
94.55156
94.55156
94.55156
94.55156
94.55154
94.55154
94.55154
94.55154
94.55154
94.57764
94.57764
94.57764
94.57764
94.57764
94.59093
94.59093
94.59093
94.59093
94.59093
94.59093
94.59093
94.59093
94.59093
94.59093
94.57763
94.57763
94.57763
94.57763
94.57763
94.55153
94.55153
94.55153
94.55153
94.55153
94.55155
94.55155
94.55155
94.55155
94.55155
94.57767
94.57767
94.57767
94.57767
94.57767
94.59098
94.59098
94.59098
94.59098
94.59098
94.59114
94.59114
94.59114
94.59114
94.59114
94.57804
94.57804
94.57804
94.57804
94.57804
94.55211
94.55211
94.55211
94.55211
94.55211
94.55222
94.55222
94.55222
94.55222
94.55222
94.57848
94.57848
94.57848
94.57848
94.57848
94.59189
94.59189
94.59189
94.59189
94.59189
94.59216
94.59216
94.59216
94.59216
94.59216
94.57911
94.57911
94.57911
94.57911
94.57911
94.55318
94.55318
94.55318
94.55318
94.55318
94.55317
94.55317
94.55317
94.55317
94.55317
94.57894
94.57894
94.57894
94.57894
94.57894
94.59178
94.59178
94.59178
94.59178
94.59178
94.59126
94.59126
94.59126
94.59126
94.59126
94.57723
94.57723
94.57723
94.57723
94.57723
94.54951
94.54951
94.54951
94.54951
94.54951
94.54142
94.54142
94.54142
94.54142
94.54142
94.54912
94.54912
94.54912
94.54912
94.54912
94.55752
94.55752
94.55752
94.55752
94.55752
94.58626
94.58626
94.58626
94.58626
94.58626
94.60102
94.60102
94.60102
94.60102
94.60102
94.60163
94.60163
94.60163
94.60163
94.60163
94.58824
94.58824
94.58824
94.58824
94.58824
94.56162
94.56162
94.56162
94.56162
94.56162
94.56167
94.56167
94.56167
94.56167
94.56167
94.58856
94.58856
94.58856
94.58856
94.58856
94.60232
94.60232
94.60232
94.60232
94.60232
94.60208
94.60208
94.60208
94.60208
94.60208
94.58801
94.58801
94.58801
94.58801
94.58801
94.56082
94.56082
94.56082
94.56082
94.56082
94.56072
94.56072
94.56072
94.56072
94.56072
94.5876
94.5876
94.5876
94.5876
94.5876
94.60137
94.60137
94.60137
94.60137
94.60137
94.60123
94.60123
94.60123
94.60123
94.60123
94.58726
94.58726
94.58726
94.58726
94.58726
94.5602
94.5602
94.5602
94.5602
94.5602
94.56018
94.56018
94.56018
94.56018
94.56018
94.5872
94.5872
94.5872
94.5872
94.5872
94.60116
94.60116
94.60116
94.60116
94.60116
94.60115
94.60115
94.60115
94.60115
94.60115
94.58719
94.58719
94.58719
94.58719
94.58719
94.56017
94.56017
94.56017
94.56017
94.56017
94.5602
94.5602
94.5602
94.5602
94.5602
94.58726
94.58726
94.58726
94.58726
94.58726
94.60123
94.60123
94.60123
94.60123
94.60123
94.60136
94.60136
94.60136
94.60136
94.60136
94.58758
94.58758
94.58758
94.58758
94.58758
94.56072
94.56072
94.56072
94.56072
94.56072
94.56082
94.56082
94.56082
94.56082
94.56082
94.58801
94.58801
94.58801
94.58801
94.58801
94.60208
94.60208
94.60208
94.60208
94.60208
94.60227
94.60227
94.60227
94.60227
94.60227
94.58849
94.58849
94.58849
94.58849
94.58849
94.56161
94.56161
94.56161
94.56161
94.56161
94.56156
94.56156
94.56156
94.56156
94.56156
94.58815
94.58815
94.58815
94.58815
94.58815
94.6015
94.6015
94.6015
94.6015
94.6015
94.60086
94.60086
94.60086
94.60086
94.60086
94.5861
94.5861
94.5861
94.5861
94.5861
94.55739
94.55739
94.55739
94.55739
94.55739
94.54901
94.54901
94.54901
94.54901
94.54901
94.55583
94.55583
94.55583
94.55583
94.55583
94.56451
94.56451
94.56451
94.56451
94.56451
94.59424
94.59424
94.59424
94.59424
94.59424
94.60973
94.60973
94.60973
94.60973
94.60973
94.61043
94.61043
94.61043
94.61043
94.61043
94.59651
94.59651
94.59651
94.59651
94.59651
94.56907
94.56907
94.56907
94.56907
94.56907
94.56915
94.56915
94.56915
94.56915
94.56915
94.59697
94.59697
94.59697
94.59697
94.59697
94.61143
94.61143
94.61143
94.61143
94.61143
94.61125
94.61125
94.61125
94.61125
94.61125
94.59655
94.59655
94.59655
94.59655
94.59655
94.56847
94.56847
94.56847
94.56847
94.56847
94.56838
94.56838
94.56838
94.56838
94.56838
94.5962
94.5962
94.5962
94.5962
94.5962
94.61066
94.61066
94.61066
94.61066
94.61066
94.61057
94.61057
94.61057
94.61057
94.61057
94.59595
94.59595
94.59595
94.59595
94.59595
94.56795
94.56795
94.56795
94.56795
94.56795
94.56793
94.56793
94.56793
94.56793
94.56793
94.59587
94.59587
94.59587
94.59587
94.59587
94.61047
94.61047
94.61047
94.61047
94.61047
94.61047
94.61047
94.61047
94.61047
94.61047
94.59586
94.59586
94.59586
94.59586
94.59586
94.56792
94.56792
94.56792
94.56792
94.56792
94.56794
94.56794
94.56794
94.56794
94.56794
94.59591
94.59591
94.59591
94.59591
94.59591
94.61053
94.61053
94.61053
94.61053
94.61053
94.61064
94.61064
94.61064
94.61064
94.61064
94.59617
94.59617
94.59617
94.59617
94.59617
94.56836
94.56836
94.56836
94.56836
94.56836
94.56845
94.56845
94.56845
94.56845
94.56845
94.59653
94.59653
94.59653
94.59653
94.59653
94.61123
94.61123
94.61123
94.61123
94.61123
94.6114
94.6114
94.6114
94.6114
94.6114
94.59693
94.59693
94.59693
94.59693
94.59693
94.56911
94.56911
94.56911
94.56911
94.56911
94.56904
94.56904
94.56904
94.56904
94.56904
94.59645
94.59645
94.59645
94.59645
94.59645
94.61035
94.61035
94.61035
94.61035
94.61035
94.60964
94.60964
94.60964
94.60964
94.60964
94.59416
94.59416
94.59416
94.59416
94.59416
94.56445
94.56445
94.56445
94.56445
94.56445
94.55578
94.55578
94.55578
94.55578
94.55578
94.56168
94.56168
94.56168
94.56168
94.56168
94.57069
94.57069
94.57069
94.57069
94.57069
94.60152
94.60152
94.60152
94.60152
94.60152
94.61782
94.61782
94.61782
94.61782
94.61782
94.61861
94.61861
94.61861
94.61861
94.61861
94.60408
94.60408
94.60408
94.60408
94.60408
94.57572
94.57572
94.57572
94.57572
94.57572
94.57582
94.57582
94.57582
94.57582
94.57582
94.60465
94.60465
94.60465
94.60465
94.60465
94.61985
94.61985
94.61985
94.61985
94.61985
94.61968
94.61968
94.61968
94.61968
94.61968
94.60429
94.60429
94.60429
94.60429
94.60429
94.57521
94.57521
94.57521
94.57521
94.57521
94.57513
94.57513
94.57513
94.57513
94.57513
94.60393
94.60393
94.60393
94.60393
94.60393
94.6191
94.6191
94.6191
94.6191
94.6191
94.61899
94.61899
94.61899
94.61899
94.61899
94.60367
94.60367
94.60367
94.60367
94.60367
94.5747
94.5747
94.5747
94.5747
94.5747
94.57468
94.57468
94.57468
94.57468
94.57468
94.60359
94.60359
94.60359
94.60359
94.60359
94.61886
94.61886
94.61886
94.61886
94.61886
94.61886
94.61886
94.61886
94.61886
94.61886
94.60358
94.60358
94.60358
94.60358
94.60358
94.57467
94.57467
94.57467
94.57467
94.57467
94.5747
94.5747
94.5747
94.5747
94.5747
94.60366
94.60366
94.60366
94.60366
94.60366
94.61898
94.61898
94.61898
94.61898
94.61898
94.61908
94.61908
94.61908
94.61908
94.61908
94.60391
94.60391
94.60391
94.60391
94.60391
94.57511
94.57511
94.57511
94.57511
94.57511
94.5752
94.5752
94.5752
94.5752
94.5752
94.60427
94.60427
94.60427
94.60427
94.60427
94.61967
94.61967
94.61967
94.61967
94.61967
94.61982
94.61982
94.61982
94.61982
94.61982
94.60462
94.60462
94.60462
94.60462
94.60462
94.57579
94.57579
94.57579
94.57579
94.57579
94.57569
94.57569
94.57569
94.57569
94.57569
94.60403
94.60403
94.60403
94.60403
94.60403
94.61855
94.61855
94.61855
94.61855
94.61855
94.61775
94.61775
94.61775
94.61775
94.61775
94.60145
94.60145
94.60145
94.60145
94.60145
94.57063
94.57063
94.57063
94.57063
94.57063
94.56164
94.56164
94.56164
94.56164
94.56164
94.56658
94.56658
94.56658
94.56658
94.56658
94.57592
94.57592
94.57592
94.57592
94.57592
94.60791
94.60791
94.60791
94.60791
94.60791
94.62513
94.62513
94.62513
94.62513
94.62513
94.62603
94.62603
94.62603
94.62603
94.62603
94.61079
94.61079
94.61079
94.61079
94.61079
94.58138
94.58138
94.58138
94.58138
94.58138
94.58151
94.58151
94.58151
94.58151
94.58151
94.61145
94.61145
94.61145
94.61145
94.61145
94.62747
94.62747
94.62747
94.62747
94.62747
94.62732
94.62732
94.62732
94.62732
94.62732
94.61114
94.61114
94.61114
94.61114
94.61114
94.581
94.581
94.581
94.581
94.581
94.58094
94.58094
94.58094
94.58094
94.58094
94.61084
94.61084
94.61084
94.61084
94.61084
94.62681
94.62681
94.62681
94.62681
94.62681
94.62671
94.62671
94.62671
94.62671
94.62671
94.61061
94.61061
94.61061
94.61061
94.61061
94.58058
94.58058
94.58058
94.58058
94.58058
94.58056
94.58056
94.58056
94.58056
94.58056
94.61055
94.61055
94.61055
94.61055
94.61055
94.62661
94.62661
94.62661
94.62661
94.62661
94.62661
94.62661
94.62661
94.62661
94.62661
94.61054
94.61054
94.61054
94.61054
94.61054
94.58056
94.58056
94.58056
94.58056
94.58056
94.58058
94.58058
94.58058
94.58058
94.58058
94.61064
94.61064
94.61064
94.61064
94.61064
94.62674
94.62674
94.62674
94.62674
94.62674
94.62681
94.62681
94.62681
94.62681
94.62681
94.61082
94.61082
94.61082
94.61082
94.61082
94.58092
94.58092
94.58092
94.58092
94.58092
94.581
94.581
94.581
94.581
94.581
94.61114
94.61114
94.61114
94.61114
94.61114
94.62731
94.62731
94.62731
94.62731
94.62731
94.62745
94.62745
94.62745
94.62745
94.62745
94.61142
94.61142
94.61142
94.61142
94.61142
94.58149
94.58149
94.58149
94.58149
94.58149
94.58136
94.58136
94.58136
94.58136
94.58136
94.61076
94.61076
94.61076
94.61076
94.61076
94.62599
94.62599
94.62599
94.62599
94.62599
94.62508
94.62508
94.62508
94.62508
94.62508
94.60785
94.60785
94.60785
94.60785
94.60785
94.57586
94.57586
94.57586
94.57586
94.57586
94.56654
94.56654
94.56654
94.56654
94.56654
94.57047
94.57047
94.57047
94.57047
94.57047
94.58024
94.58024
94.58024
94.58024
94.58024
94.6137
94.6137
94.6137
94.6137
94.6137
94.63205
94.63205
94.63205
94.63205
94.63205
94.63309
94.63309
94.63309
94.63309
94.63309
94.61698
94.61698
94.61698
94.61698
94.61698
94.58626
94.58626
94.58626
94.58626
94.58626
94.5864
94.5864
94.5864
94.5864
94.5864
94.61773
94.61773
94.61773
94.61773
94.61773
94.63475
94.63475
94.63475
94.63475
94.63475
94.63462
94.63462
94.63462
94.63462
94.63462
94.61747
94.61747
94.61747
94.61747
94.61747
94.58596
94.58596
94.58596
94.58596
94.58596
94.58589
94.58589
94.58589
94.58589
94.58589
94.61714
94.61714
94.61714
94.61714
94.61714
94.63409
94.63409
94.63409
94.63409
94.63409
94.63399
94.63399
94.63399
94.63399
94.63399
94.61691
94.61691
94.61691
94.61691
94.61691
94.5855
94.5855
94.5855
94.5855
94.5855
94.58547
94.58547
94.58547
94.58547
94.58547
94.61681
94.61681
94.61681
94.61681
94.61681
94.63383
94.63383
94.63383
94.63383
94.63383
94.63382
94.63382
94.63382
94.63382
94.63382
94.6168
94.6168
94.6168
94.6168
94.6168
94.58547
94.58547
94.58547
94.58547
94.58547
94.58549
94.58549
94.58549
94.58549
94.58549
94.61691
94.61691
94.61691
94.61691
94.61691
94.63397
94.63397
94.63397
94.63397
94.63397
94.63406
94.63406
94.63406
94.63406
94.63406
94.61712
94.61712
94.61712
94.61712
94.61712
94.58585
94.58585
94.58585
94.58585
94.58585
94.58593
94.58593
94.58593
94.58593
94.58593
94.61744
94.61744
94.61744
94.61744
94.61744
94.63459
94.63459
94.63459
94.63459
94.63459
94.63475
94.63475
94.63475
94.63475
94.63475
94.61773
94.61773
94.61773
94.61773
94.61773
94.5864
94.5864
94.5864
94.5864
94.5864
94.58626
94.58626
94.58626
94.58626
94.58626
94.617
94.617
94.617
94.617
94.617
94.63312
94.63312
94.63312
94.63312
94.63312
94.6321
94.6321
94.6321
94.6321
94.6321
94.61374
94.61374
94.61374
94.61374
94.61374
94.58026
94.58026
94.58026
94.58026
94.58026
94.5705
94.5705
94.5705
94.5705
94.5705
94.57337
94.57337
94.57337
94.57337
94.57337
94.58369
94.58369
94.58369
94.58369
94.58369
94.6192
94.6192
94.6192
94.6192
94.6192
94.6394
94.6394
94.6394
94.6394
94.6394
94.64063
94.64063
94.64063
94.64063
94.64063
94.623
94.623
94.623
94.623
94.623
94.59029
94.59029
94.59029
94.59029
94.59029
94.59047
94.59047
94.59047
94.59047
94.59047
94.62383
94.62383
94.62383
94.62383
94.62383
94.64249
94.64249
94.64249
94.64249
94.64249
94.64234
94.64234
94.64234
94.64234
94.64234
94.62357
94.62357
94.62357
94.62357
94.62357
94.59003
94.59003
94.59003
94.59003
94.59003
94.58997
94.58997
94.58997
94.58997
94.58997
94.62327
94.62327
94.62327
94.62327
94.62327
94.64184
94.64184
94.64184
94.64184
94.64184
94.64175
94.64175
94.64175
94.64175
94.64175
94.62305
94.62305
94.62305
94.62305
94.62305
94.58961
94.58961
94.58961
94.58961
94.58961
94.58959
94.58959
94.58959
94.58959
94.58959
94.62296
94.62296
94.62296
94.62296
94.62296
94.64159
94.64159
94.64159
94.64159
94.64159
94.64159
94.64159
94.64159
94.64159
94.64159
94.62295
94.62295
94.62295
94.62295
94.62295
94.58958
94.58958
94.58958
94.58958
94.58958
94.58961
94.58961
94.58961
94.58961
94.58961
94.62305
94.62305
94.62305
94.62305
94.62305
94.64175
94.64175
94.64175
94.64175
94.64175
94.64183
94.64183
94.64183
94.64183
94.64183
94.62325
94.62325
94.62325
94.62325
94.62325
94.58996
94.58996
94.58996
94.58996
94.58996
94.59003
94.59003
94.59003
94.59003
94.59003
94.62357
94.62357
94.62357
94.62357
94.62357
94.64232
94.64232
94.64232
94.64232
94.64232
94.64243
94.64243
94.64243
94.64243
94.64243
94.62376
94.62376
94.62376
94.62376
94.62376
94.5904
94.5904
94.5904
94.5904
94.5904
94.59023
94.59023
94.59023
94.59023
94.59023
94.62291
94.62291
94.62291
94.62291
94.62291
94.64048
94.64048
94.64048
94.64048
94.64048
94.63922
94.63922
94.63922
94.63922
94.63922
94.61902
94.61902
94.61902
94.61902
94.61902
94.58355
94.58355
94.58355
94.58355
94.58355
94.57324
94.57324
94.57324
94.57324
94.57324
94.57481
94.57481
94.57481
94.57481
94.57481
94.58562
94.58562
94.58562
94.58562
94.58562
94.62298
94.62298
94.62298
94.62298
94.62298
94.6451
94.6451
94.6451
94.6451
94.6451
94.64659
94.64659
94.64659
94.64659
94.64659
94.6273
94.6273
94.6273
94.6273
94.6273
94.59276
94.59276
94.59276
94.59276
94.59276
94.59297
94.59297
94.59297
94.59297
94.59297
94.62831
94.62831
94.62831
94.62831
94.62831
94.64878
94.64878
94.64878
94.64878
94.64878
94.6487
94.6487
94.6487
94.6487
94.6487
94.62813
94.62813
94.62813
94.62813
94.62813
94.59264
94.59264
94.59264
94.59264
94.59264
94.59259
94.59259
94.59259
94.59259
94.59259
94.62789
94.62789
94.62789
94.62789
94.62789
94.64831
94.64831
94.64831
94.64831
94.64831
94.64826
94.64826
94.64826
94.64826
94.64826
94.62773
94.62773
94.62773
94.62773
94.62773
94.59229
94.59229
94.59229
94.59229
94.59229
94.59227
94.59227
94.59227
94.59227
94.59227
94.62766
94.62766
94.62766
94.62766
94.62766
94.64813
94.64813
94.64813
94.64813
94.64813
94.64813
94.64813
94.64813
94.64813
94.64813
94.62765
94.62765
94.62765
94.62765
94.62765
94.59226
94.59226
94.59226
94.59226
94.59226
94.59228
94.59228
94.59228
94.59228
94.59228
94.62769
94.62769
94.62769
94.62769
94.62769
94.64821
94.64821
94.64821
94.64821
94.64821
94.64828
94.64828
94.64828
94.64828
94.64828
94.62786
94.62786
94.62786
94.62786
94.62786
94.59256
94.59256
94.59256
94.59256
94.59256
94.59262
94.59262
94.59262
94.59262
94.59262
94.62811
94.62811
94.62811
94.62811
94.62811
94.64867
94.64867
94.64867
94.64867
94.64867
94.64874
94.64874
94.64874
94.64874
94.64874
94.62826
94.62826
94.62826
94.62826
94.62826
94.59293
94.59293
94.59293
94.59293
94.59293
94.59272
94.59272
94.59272
94.59272
94.59272
94.62723
94.62723
94.62723
94.62723
94.62723
94.64649
94.64649
94.64649
94.64649
94.64649
94.64499
94.64499
94.64499
94.64499
94.64499
94.62288
94.62288
94.62288
94.62288
94.62288
94.58555
94.58555
94.58555
94.58555
94.58555
94.57475
94.57475
94.57475
94.57475
94.57475
)
;

boundaryField
{
    electrolyteSides
    {
        type            zeroGradient;
    }
    electrolyte_to_fuel
    {
        type            zeroGradient;
    }
    electrolyte_to_air
    {
        type            zeroGradient;
    }
}


// ************************************************************************* //
