/*--------------------------------*- C++ -*----------------------------------*\
| =========                 |                                                 |
| \\      /  F ield         | OpenFOAM: The Open Source CFD Toolbox           |
|  \\    /   O peration     | Version:  4.0                                   |
|   \\  /    A nd           | Web:      www.OpenFOAM.org                      |
|    \\/     M anipulation  |                                                 |
\*---------------------------------------------------------------------------*/
FoamFile
{
    version     2.0;
    format      ascii;
    class       volScalarField;
    location    "60/electrolyte";
    object      i0C;
}
// * * * * * * * * * * * * * * * * * * * * * * * * * * * * * * * * * * * * * //

dimensions      [0 -2 0 0 0 1 0];

internalField   nonuniform List<scalar> 
4840
(
0.0423444
0.0423444
0.0423444
0.0423444
0.0423444
0.04231938
0.04231938
0.04231938
0.04231938
0.04231938
0.0422368
0.0422368
0.0422368
0.0422368
0.0422368
0.04218968
0.04218968
0.04218968
0.04218968
0.04218968
0.04218694
0.04218694
0.04218694
0.04218694
0.04218694
0.04222654
0.04222654
0.04222654
0.04222654
0.04222654
0.04229711
0.04229711
0.04229711
0.04229711
0.04229711
0.04229653
0.04229653
0.04229653
0.04229653
0.04229653
0.04222418
0.04222418
0.04222418
0.04222418
0.04222418
0.04218242
0.04218242
0.04218242
0.04218242
0.04218242
0.04218188
0.04218188
0.04218188
0.04218188
0.04218188
0.04222241
0.04222241
0.04222241
0.04222241
0.04222241
0.0422933
0.0422933
0.0422933
0.0422933
0.0422933
0.04229314
0.04229314
0.04229314
0.04229314
0.04229314
0.04222175
0.04222175
0.04222175
0.04222175
0.04222175
0.04218065
0.04218065
0.04218065
0.04218065
0.04218065
0.04218043
0.04218043
0.04218043
0.04218043
0.04218043
0.04222101
0.04222101
0.04222101
0.04222101
0.04222101
0.0422918
0.0422918
0.0422918
0.0422918
0.0422918
0.04229176
0.04229176
0.04229176
0.04229176
0.04229176
0.04222084
0.04222084
0.04222084
0.04222084
0.04222084
0.04218011
0.04218011
0.04218011
0.04218011
0.04218011
0.04218011
0.04218011
0.04218011
0.04218011
0.04218011
0.04222084
0.04222084
0.04222084
0.04222084
0.04222084
0.04229176
0.04229176
0.04229176
0.04229176
0.04229176
0.04229181
0.04229181
0.04229181
0.04229181
0.04229181
0.04222103
0.04222103
0.04222103
0.04222103
0.04222103
0.04218045
0.04218045
0.04218045
0.04218045
0.04218045
0.04218067
0.04218067
0.04218067
0.04218067
0.04218067
0.04222176
0.04222176
0.04222176
0.04222176
0.04222176
0.04229317
0.04229317
0.04229317
0.04229317
0.04229317
0.04229334
0.04229334
0.04229334
0.04229334
0.04229334
0.04222247
0.04222247
0.04222247
0.04222247
0.04222247
0.04218192
0.04218192
0.04218192
0.04218192
0.04218192
0.04218241
0.04218241
0.04218241
0.04218241
0.04218241
0.04222414
0.04222414
0.04222414
0.04222414
0.04222414
0.04229649
0.04229649
0.04229649
0.04229649
0.04229649
0.04229705
0.04229705
0.04229705
0.04229705
0.04229705
0.04222643
0.04222643
0.04222643
0.04222643
0.04222643
0.04218676
0.04218676
0.04218676
0.04218676
0.04218676
0.04218944
0.04218944
0.04218944
0.04218944
0.04218944
0.04223657
0.04223657
0.04223657
0.04223657
0.04223657
0.0423192
0.0423192
0.0423192
0.0423192
0.0423192
0.04234424
0.04234424
0.04234424
0.04234424
0.04234424
0.042354
0.042354
0.042354
0.042354
0.042354
0.04233979
0.04233979
0.04233979
0.04233979
0.04233979
0.04229324
0.04229324
0.04229324
0.04229324
0.04229324
0.04226178
0.04226178
0.04226178
0.04226178
0.04226178
0.04225921
0.04225921
0.04225921
0.04225921
0.04225921
0.0422843
0.0422843
0.0422843
0.0422843
0.0422843
0.04232232
0.04232232
0.04232232
0.04232232
0.04232232
0.04232167
0.04232167
0.04232167
0.04232167
0.04232167
0.04228141
0.04228141
0.04228141
0.04228141
0.04228141
0.04225386
0.04225386
0.04225386
0.04225386
0.04225386
0.04225332
0.04225332
0.04225332
0.04225332
0.04225332
0.04227963
0.04227963
0.04227963
0.04227963
0.04227963
0.04231844
0.04231844
0.04231844
0.04231844
0.04231844
0.04231826
0.04231826
0.04231826
0.04231826
0.04231826
0.04227883
0.04227883
0.04227883
0.04227883
0.04227883
0.04225188
0.04225188
0.04225188
0.04225188
0.04225188
0.04225168
0.04225168
0.04225168
0.04225168
0.04225168
0.0422781
0.0422781
0.0422781
0.0422781
0.0422781
0.04231695
0.04231695
0.04231695
0.04231695
0.04231695
0.0423169
0.0423169
0.0423169
0.0423169
0.0423169
0.04227789
0.04227789
0.04227789
0.04227789
0.04227789
0.04225129
0.04225129
0.04225129
0.04225129
0.04225129
0.04225129
0.04225129
0.04225129
0.04225129
0.04225129
0.04227789
0.04227789
0.04227789
0.04227789
0.04227789
0.04231689
0.04231689
0.04231689
0.04231689
0.04231689
0.04231694
0.04231694
0.04231694
0.04231694
0.04231694
0.04227806
0.04227806
0.04227806
0.04227806
0.04227806
0.04225163
0.04225163
0.04225163
0.04225163
0.04225163
0.04225187
0.04225187
0.04225187
0.04225187
0.04225187
0.04227882
0.04227882
0.04227882
0.04227882
0.04227882
0.04231825
0.04231825
0.04231825
0.04231825
0.04231825
0.04231843
0.04231843
0.04231843
0.04231843
0.04231843
0.04227962
0.04227962
0.04227962
0.04227962
0.04227962
0.04225332
0.04225332
0.04225332
0.04225332
0.04225332
0.04225384
0.04225384
0.04225384
0.04225384
0.04225384
0.04228139
0.04228139
0.04228139
0.04228139
0.04228139
0.04232164
0.04232164
0.04232164
0.04232164
0.04232164
0.04232228
0.04232228
0.04232228
0.04232228
0.04232228
0.04228424
0.04228424
0.04228424
0.04228424
0.04228424
0.04225912
0.04225912
0.04225912
0.04225912
0.04225912
0.04226168
0.04226168
0.04226168
0.04226168
0.04226168
0.04229316
0.04229316
0.04229316
0.04229316
0.04229316
0.04233973
0.04233973
0.04233973
0.04233973
0.04233973
0.04235395
0.04235395
0.04235395
0.04235395
0.04235395
0.04236559
0.04236559
0.04236559
0.04236559
0.04236559
0.04235891
0.04235891
0.04235891
0.04235891
0.04235891
0.04233684
0.04233684
0.04233684
0.04233684
0.04233684
0.04231861
0.04231861
0.04231861
0.04231861
0.04231861
0.04231653
0.04231653
0.04231653
0.04231653
0.04231653
0.04232976
0.04232976
0.04232976
0.04232976
0.04232976
0.04234617
0.04234617
0.04234617
0.04234617
0.04234617
0.0423455
0.0423455
0.0423455
0.0423455
0.0423455
0.04232668
0.04232668
0.04232668
0.04232668
0.04232668
0.04231097
0.04231097
0.04231097
0.04231097
0.04231097
0.04231044
0.04231044
0.04231044
0.04231044
0.04231044
0.04232488
0.04232488
0.04232488
0.04232488
0.04232488
0.04234227
0.04234227
0.04234227
0.04234227
0.04234227
0.04234206
0.04234206
0.04234206
0.04234206
0.04234206
0.04232392
0.04232392
0.04232392
0.04232392
0.04232392
0.04230875
0.04230875
0.04230875
0.04230875
0.04230875
0.0423085
0.0423085
0.0423085
0.0423085
0.0423085
0.04232313
0.04232313
0.04232313
0.04232313
0.04232313
0.04234069
0.04234069
0.04234069
0.04234069
0.04234069
0.04234064
0.04234064
0.04234064
0.04234064
0.04234064
0.04232288
0.04232288
0.04232288
0.04232288
0.04232288
0.04230803
0.04230803
0.04230803
0.04230803
0.04230803
0.04230802
0.04230802
0.04230802
0.04230802
0.04230802
0.04232287
0.04232287
0.04232287
0.04232287
0.04232287
0.04234063
0.04234063
0.04234063
0.04234063
0.04234063
0.04234069
0.04234069
0.04234069
0.04234069
0.04234069
0.04232312
0.04232312
0.04232312
0.04232312
0.04232312
0.0423085
0.0423085
0.0423085
0.0423085
0.0423085
0.04230874
0.04230874
0.04230874
0.04230874
0.04230874
0.04232391
0.04232391
0.04232391
0.04232391
0.04232391
0.04234205
0.04234205
0.04234205
0.04234205
0.04234205
0.04234226
0.04234226
0.04234226
0.04234226
0.04234226
0.04232487
0.04232487
0.04232487
0.04232487
0.04232487
0.04231043
0.04231043
0.04231043
0.04231043
0.04231043
0.04231096
0.04231096
0.04231096
0.04231096
0.04231096
0.04232666
0.04232666
0.04232666
0.04232666
0.04232666
0.04234548
0.04234548
0.04234548
0.04234548
0.04234548
0.04234614
0.04234614
0.04234614
0.04234614
0.04234614
0.04232972
0.04232972
0.04232972
0.04232972
0.04232972
0.04231647
0.04231647
0.04231647
0.04231647
0.04231647
0.04231855
0.04231855
0.04231855
0.04231855
0.04231855
0.04233678
0.04233678
0.04233678
0.04233678
0.04233678
0.04235887
0.04235887
0.04235887
0.04235887
0.04235887
0.04236555
0.04236555
0.04236555
0.04236555
0.04236555
0.04237743
0.04237743
0.04237743
0.04237743
0.04237743
0.04237542
0.04237542
0.04237542
0.04237542
0.04237542
0.04236876
0.04236876
0.04236876
0.04236876
0.04236876
0.04235988
0.04235988
0.04235988
0.04235988
0.04235988
0.04235822
0.04235822
0.04235822
0.04235822
0.04235822
0.04236338
0.04236338
0.04236338
0.04236338
0.04236338
0.04236645
0.04236645
0.04236645
0.04236645
0.04236645
0.04236581
0.04236581
0.04236581
0.04236581
0.04236581
0.04236044
0.04236044
0.04236044
0.04236044
0.04236044
0.04235298
0.04235298
0.04235298
0.04235298
0.04235298
0.04235244
0.04235244
0.04235244
0.04235244
0.04235244
0.04235866
0.04235866
0.04235866
0.04235866
0.04235866
0.04236274
0.04236274
0.04236274
0.04236274
0.04236274
0.04236254
0.04236254
0.04236254
0.04236254
0.04236254
0.04235772
0.04235772
0.04235772
0.04235772
0.04235772
0.04235072
0.04235072
0.04235072
0.04235072
0.04235072
0.04235047
0.04235047
0.04235047
0.04235047
0.04235047
0.04235693
0.04235693
0.04235693
0.04235693
0.04235693
0.04236124
0.04236124
0.04236124
0.04236124
0.04236124
0.04236119
0.04236119
0.04236119
0.04236119
0.04236119
0.04235672
0.04235672
0.04235672
0.04235672
0.04235672
0.04235004
0.04235004
0.04235004
0.04235004
0.04235004
0.04235004
0.04235004
0.04235004
0.04235004
0.04235004
0.04235672
0.04235672
0.04235672
0.04235672
0.04235672
0.04236119
0.04236119
0.04236119
0.04236119
0.04236119
0.04236125
0.04236125
0.04236125
0.04236125
0.04236125
0.04235698
0.04235698
0.04235698
0.04235698
0.04235698
0.04235052
0.04235052
0.04235052
0.04235052
0.04235052
0.04235073
0.04235073
0.04235073
0.04235073
0.04235073
0.04235771
0.04235771
0.04235771
0.04235771
0.04235771
0.04236253
0.04236253
0.04236253
0.04236253
0.04236253
0.04236274
0.04236274
0.04236274
0.04236274
0.04236274
0.04235866
0.04235866
0.04235866
0.04235866
0.04235866
0.04235243
0.04235243
0.04235243
0.04235243
0.04235243
0.04235296
0.04235296
0.04235296
0.04235296
0.04235296
0.04236042
0.04236042
0.04236042
0.04236042
0.04236042
0.04236579
0.04236579
0.04236579
0.04236579
0.04236579
0.04236643
0.04236643
0.04236643
0.04236643
0.04236643
0.04236336
0.04236336
0.04236336
0.04236336
0.04236336
0.0423582
0.0423582
0.0423582
0.0423582
0.0423582
0.04235986
0.04235986
0.04235986
0.04235986
0.04235986
0.04236872
0.04236872
0.04236872
0.04236872
0.04236872
0.04237538
0.04237538
0.04237538
0.04237538
0.04237538
0.04237741
0.04237741
0.04237741
0.04237741
0.04237741
0.04238921
0.04238921
0.04238921
0.04238921
0.04238921
0.04239007
0.04239007
0.04239007
0.04239007
0.04239007
0.04239302
0.04239302
0.04239302
0.04239302
0.04239302
0.04239038
0.04239038
0.04239038
0.04239038
0.04239038
0.04238918
0.04238918
0.04238918
0.04238918
0.04238918
0.04238917
0.04238917
0.04238917
0.04238917
0.04238917
0.04238407
0.04238407
0.04238407
0.04238407
0.04238407
0.04238349
0.04238349
0.04238349
0.04238349
0.04238349
0.04238651
0.04238651
0.04238651
0.04238651
0.04238651
0.04238447
0.04238447
0.04238447
0.04238447
0.04238447
0.04238394
0.04238394
0.04238394
0.04238394
0.04238394
0.0423848
0.0423848
0.0423848
0.0423848
0.0423848
0.0423806
0.0423806
0.0423806
0.0423806
0.0423806
0.04238039
0.04238039
0.04238039
0.04238039
0.04238039
0.04238379
0.04238379
0.04238379
0.04238379
0.04238379
0.04238213
0.04238213
0.04238213
0.04238213
0.04238213
0.04238188
0.04238188
0.04238188
0.04238188
0.04238188
0.04238299
0.04238299
0.04238299
0.04238299
0.04238299
0.04237906
0.04237906
0.04237906
0.04237906
0.04237906
0.042379
0.042379
0.042379
0.042379
0.042379
0.04238275
0.04238275
0.04238275
0.04238275
0.04238275
0.0423814
0.0423814
0.0423814
0.0423814
0.0423814
0.0423814
0.0423814
0.0423814
0.0423814
0.0423814
0.04238274
0.04238274
0.04238274
0.04238274
0.04238274
0.042379
0.042379
0.042379
0.042379
0.042379
0.04237905
0.04237905
0.04237905
0.04237905
0.04237905
0.04238298
0.04238298
0.04238298
0.04238298
0.04238298
0.04238186
0.04238186
0.04238186
0.04238186
0.04238186
0.04238211
0.04238211
0.04238211
0.04238211
0.04238211
0.04238377
0.04238377
0.04238377
0.04238377
0.04238377
0.04238034
0.04238034
0.04238034
0.04238034
0.04238034
0.04238056
0.04238056
0.04238056
0.04238056
0.04238056
0.04238474
0.04238474
0.04238474
0.04238474
0.04238474
0.04238389
0.04238389
0.04238389
0.04238389
0.04238389
0.04238446
0.04238446
0.04238446
0.04238446
0.04238446
0.0423865
0.0423865
0.0423865
0.0423865
0.0423865
0.04238348
0.04238348
0.04238348
0.04238348
0.04238348
0.04238407
0.04238407
0.04238407
0.04238407
0.04238407
0.04238919
0.04238919
0.04238919
0.04238919
0.04238919
0.04238923
0.04238923
0.04238923
0.04238923
0.04238923
0.04239047
0.04239047
0.04239047
0.04239047
0.04239047
0.04239309
0.04239309
0.04239309
0.04239309
0.04239309
0.04239012
0.04239012
0.04239012
0.04239012
0.04239012
0.04238927
0.04238927
0.04238927
0.04238927
0.04238927
0.04240093
0.04240093
0.04240093
0.04240093
0.04240093
0.04240361
0.04240361
0.04240361
0.04240361
0.04240361
0.04241269
0.04241269
0.04241269
0.04241269
0.04241269
0.04241419
0.04241419
0.04241419
0.04241419
0.04241419
0.0424133
0.0424133
0.0424133
0.0424133
0.0424133
0.04240995
0.04240995
0.04240995
0.04240995
0.04240995
0.04239972
0.04239972
0.04239972
0.04239972
0.04239972
0.0423992
0.0423992
0.0423992
0.0423992
0.0423992
0.04240758
0.04240758
0.04240758
0.04240758
0.04240758
0.04240911
0.04240911
0.04240911
0.04240911
0.04240911
0.04240857
0.04240857
0.04240857
0.04240857
0.04240857
0.04240593
0.04240593
0.04240593
0.04240593
0.04240593
0.0423965
0.0423965
0.0423965
0.0423965
0.0423965
0.0423963
0.0423963
0.0423963
0.0423963
0.0423963
0.042405
0.042405
0.042405
0.042405
0.042405
0.04240684
0.04240684
0.04240684
0.04240684
0.04240684
0.0424066
0.0424066
0.0424066
0.0424066
0.0424066
0.04240423
0.04240423
0.04240423
0.04240423
0.04240423
0.04239506
0.04239506
0.04239506
0.04239506
0.04239506
0.04239501
0.04239501
0.04239501
0.04239501
0.04239501
0.042404
0.042404
0.042404
0.042404
0.042404
0.04240615
0.04240615
0.04240615
0.04240615
0.04240615
0.04240615
0.04240615
0.04240615
0.04240615
0.04240615
0.04240399
0.04240399
0.04240399
0.04240399
0.04240399
0.04239501
0.04239501
0.04239501
0.04239501
0.04239501
0.04239507
0.04239507
0.04239507
0.04239507
0.04239507
0.04240424
0.04240424
0.04240424
0.04240424
0.04240424
0.04240661
0.04240661
0.04240661
0.04240661
0.04240661
0.04240685
0.04240685
0.04240685
0.04240685
0.04240685
0.04240499
0.04240499
0.04240499
0.04240499
0.04240499
0.04239631
0.04239631
0.04239631
0.04239631
0.04239631
0.04239652
0.04239652
0.04239652
0.04239652
0.04239652
0.04240595
0.04240595
0.04240595
0.04240595
0.04240595
0.04240858
0.04240858
0.04240858
0.04240858
0.04240858
0.04240907
0.04240907
0.04240907
0.04240907
0.04240907
0.04240754
0.04240754
0.04240754
0.04240754
0.04240754
0.04239916
0.04239916
0.04239916
0.04239916
0.04239916
0.04239968
0.04239968
0.04239968
0.04239968
0.04239968
0.0424099
0.0424099
0.0424099
0.0424099
0.0424099
0.0424132
0.0424132
0.0424132
0.0424132
0.0424132
0.04241406
0.04241406
0.04241406
0.04241406
0.04241406
0.04241255
0.04241255
0.04241255
0.04241255
0.04241255
0.0424035
0.0424035
0.0424035
0.0424035
0.0424035
0.04240083
0.04240083
0.04240083
0.04240083
0.04240083
0.0424123
0.0424123
0.0424123
0.0424123
0.0424123
0.04241617
0.04241617
0.04241617
0.04241617
0.04241617
0.04242924
0.04242924
0.04242924
0.04242924
0.04242924
0.04243351
0.04243351
0.04243351
0.04243351
0.04243351
0.04243291
0.04243291
0.04243291
0.04243291
0.04243291
0.04242745
0.04242745
0.04242745
0.04242745
0.04242745
0.04241392
0.04241392
0.04241392
0.04241392
0.04241392
0.04241349
0.04241349
0.04241349
0.04241349
0.04241349
0.04242546
0.04242546
0.04242546
0.04242546
0.04242546
0.04242942
0.04242942
0.04242942
0.04242942
0.04242942
0.04242896
0.04242896
0.04242896
0.04242896
0.04242896
0.042424
0.042424
0.042424
0.042424
0.042424
0.04241109
0.04241109
0.04241109
0.04241109
0.04241109
0.04241091
0.04241091
0.04241091
0.04241091
0.04241091
0.04242314
0.04242314
0.04242314
0.04242314
0.04242314
0.0424274
0.0424274
0.0424274
0.0424274
0.0424274
0.04242719
0.04242719
0.04242719
0.04242719
0.04242719
0.04242247
0.04242247
0.04242247
0.04242247
0.04242247
0.0424098
0.0424098
0.0424098
0.0424098
0.0424098
0.04240974
0.04240974
0.04240974
0.04240974
0.04240974
0.04242223
0.04242223
0.04242223
0.04242223
0.04242223
0.04242674
0.04242674
0.04242674
0.04242674
0.04242674
0.04242674
0.04242674
0.04242674
0.04242674
0.04242674
0.04242222
0.04242222
0.04242222
0.04242222
0.04242222
0.04240974
0.04240974
0.04240974
0.04240974
0.04240974
0.04240979
0.04240979
0.04240979
0.04240979
0.04240979
0.04242243
0.04242243
0.04242243
0.04242243
0.04242243
0.04242715
0.04242715
0.04242715
0.04242715
0.04242715
0.04242738
0.04242738
0.04242738
0.04242738
0.04242738
0.04242312
0.04242312
0.04242312
0.04242312
0.04242312
0.04241089
0.04241089
0.04241089
0.04241089
0.04241089
0.04241107
0.04241107
0.04241107
0.04241107
0.04241107
0.04242398
0.04242398
0.04242398
0.04242398
0.04242398
0.04242894
0.04242894
0.04242894
0.04242894
0.04242894
0.0424294
0.0424294
0.0424294
0.0424294
0.0424294
0.04242543
0.04242543
0.04242543
0.04242543
0.04242543
0.04241346
0.04241346
0.04241346
0.04241346
0.04241346
0.0424139
0.0424139
0.0424139
0.0424139
0.0424139
0.04242741
0.04242741
0.04242741
0.04242741
0.04242741
0.04243286
0.04243286
0.04243286
0.04243286
0.04243286
0.04243345
0.04243345
0.04243345
0.04243345
0.04243345
0.04242918
0.04242918
0.04242918
0.04242918
0.04242918
0.04241613
0.04241613
0.04241613
0.04241613
0.04241613
0.04241226
0.04241226
0.04241226
0.04241226
0.04241226
0.04242351
0.04242351
0.04242351
0.04242351
0.04242351
0.04242822
0.04242822
0.04242822
0.04242822
0.04242822
0.04244409
0.04244409
0.04244409
0.04244409
0.04244409
0.04245034
0.04245034
0.04245034
0.04245034
0.04245034
0.04244997
0.04244997
0.04244997
0.04244997
0.04244997
0.04244305
0.04244305
0.04244305
0.04244305
0.04244305
0.04242726
0.04242726
0.04242726
0.04242726
0.04242726
0.04242691
0.04242691
0.04242691
0.04242691
0.04242691
0.04244146
0.04244146
0.04244146
0.04244146
0.04244146
0.0424472
0.0424472
0.0424472
0.0424472
0.0424472
0.04244677
0.04244677
0.04244677
0.04244677
0.04244677
0.04244012
0.04244012
0.04244012
0.04244012
0.04244012
0.04242473
0.04242473
0.04242473
0.04242473
0.04242473
0.04242455
0.04242455
0.04242455
0.04242455
0.04242455
0.04243928
0.04243928
0.04243928
0.04243928
0.04243928
0.04244525
0.04244525
0.04244525
0.04244525
0.04244525
0.04244503
0.04244503
0.04244503
0.04244503
0.04244503
0.04243861
0.04243861
0.04243861
0.04243861
0.04243861
0.04242348
0.04242348
0.04242348
0.04242348
0.04242348
0.04242343
0.04242343
0.04242343
0.04242343
0.04242343
0.04243835
0.04243835
0.04243835
0.04243835
0.04243835
0.04244453
0.04244453
0.04244453
0.04244453
0.04244453
0.04244453
0.04244453
0.04244453
0.04244453
0.04244453
0.04243834
0.04243834
0.04243834
0.04243834
0.04243834
0.04242342
0.04242342
0.04242342
0.04242342
0.04242342
0.04242348
0.04242348
0.04242348
0.04242348
0.04242348
0.04243861
0.04243861
0.04243861
0.04243861
0.04243861
0.04244502
0.04244502
0.04244502
0.04244502
0.04244502
0.04244523
0.04244523
0.04244523
0.04244523
0.04244523
0.04243926
0.04243926
0.04243926
0.04243926
0.04243926
0.04242454
0.04242454
0.04242454
0.04242454
0.04242454
0.04242472
0.04242472
0.04242472
0.04242472
0.04242472
0.04244011
0.04244011
0.04244011
0.04244011
0.04244011
0.04244675
0.04244675
0.04244675
0.04244675
0.04244675
0.04244718
0.04244718
0.04244718
0.04244718
0.04244718
0.04244144
0.04244144
0.04244144
0.04244144
0.04244144
0.04242689
0.04242689
0.04242689
0.04242689
0.04242689
0.04242724
0.04242724
0.04242724
0.04242724
0.04242724
0.04244302
0.04244302
0.04244302
0.04244302
0.04244302
0.04244994
0.04244994
0.04244994
0.04244994
0.04244994
0.04245029
0.04245029
0.04245029
0.04245029
0.04245029
0.04244404
0.04244404
0.04244404
0.04244404
0.04244404
0.04242818
0.04242818
0.04242818
0.04242818
0.04242818
0.04242348
0.04242348
0.04242348
0.04242348
0.04242348
0.04243445
0.04243445
0.04243445
0.04243445
0.04243445
0.04243977
0.04243977
0.04243977
0.04243977
0.04243977
0.04245767
0.04245767
0.04245767
0.04245767
0.04245767
0.04246538
0.04246538
0.04246538
0.04246538
0.04246538
0.04246521
0.04246521
0.04246521
0.04246521
0.04246521
0.0424572
0.0424572
0.0424572
0.0424572
0.0424572
0.04243976
0.04243976
0.04243976
0.04243976
0.04243976
0.04243949
0.04243949
0.04243949
0.04243949
0.04243949
0.04245597
0.04245597
0.04245597
0.04245597
0.04245597
0.04246306
0.04246306
0.04246306
0.04246306
0.04246306
0.04246266
0.04246266
0.04246266
0.04246266
0.04246266
0.04245476
0.04245476
0.04245476
0.04245476
0.04245476
0.04243758
0.04243758
0.04243758
0.04243758
0.04243758
0.04243743
0.04243743
0.04243743
0.04243743
0.04243743
0.04245405
0.04245405
0.04245405
0.04245405
0.04245405
0.04246134
0.04246134
0.04246134
0.04246134
0.04246134
0.04246114
0.04246114
0.04246114
0.04246114
0.04246114
0.04245345
0.04245345
0.04245345
0.04245345
0.04245345
0.04243649
0.04243649
0.04243649
0.04243649
0.04243649
0.04243643
0.04243643
0.04243643
0.04243643
0.04243643
0.04245321
0.04245321
0.04245321
0.04245321
0.04245321
0.04246068
0.04246068
0.04246068
0.04246068
0.04246068
0.04246067
0.04246067
0.04246067
0.04246067
0.04246067
0.04245321
0.04245321
0.04245321
0.04245321
0.04245321
0.04243643
0.04243643
0.04243643
0.04243643
0.04243643
0.04243649
0.04243649
0.04243649
0.04243649
0.04243649
0.04245349
0.04245349
0.04245349
0.04245349
0.04245349
0.04246117
0.04246117
0.04246117
0.04246117
0.04246117
0.04246134
0.04246134
0.04246134
0.04246134
0.04246134
0.04245404
0.04245404
0.04245404
0.04245404
0.04245404
0.04243742
0.04243742
0.04243742
0.04243742
0.04243742
0.04243758
0.04243758
0.04243758
0.04243758
0.04243758
0.04245477
0.04245477
0.04245477
0.04245477
0.04245477
0.04246265
0.04246265
0.04246265
0.04246265
0.04246265
0.04246304
0.04246304
0.04246304
0.04246304
0.04246304
0.04245595
0.04245595
0.04245595
0.04245595
0.04245595
0.04243947
0.04243947
0.04243947
0.04243947
0.04243947
0.04243975
0.04243975
0.04243975
0.04243975
0.04243975
0.04245719
0.04245719
0.04245719
0.04245719
0.04245719
0.04246519
0.04246519
0.04246519
0.04246519
0.04246519
0.04246536
0.04246536
0.04246536
0.04246536
0.04246536
0.04245763
0.04245763
0.04245763
0.04245763
0.04245763
0.04243973
0.04243973
0.04243973
0.04243973
0.04243973
0.04243442
0.04243442
0.04243442
0.04243442
0.04243442
0.04244505
0.04244505
0.04244505
0.04244505
0.04244505
0.04245086
0.04245086
0.04245086
0.04245086
0.04245086
0.04247041
0.04247041
0.04247041
0.04247041
0.04247041
0.04247932
0.04247932
0.04247932
0.04247932
0.04247932
0.04247932
0.04247932
0.04247932
0.04247932
0.04247932
0.04247046
0.04247046
0.04247046
0.04247046
0.04247046
0.0424517
0.0424517
0.0424517
0.0424517
0.0424517
0.04245149
0.04245149
0.04245149
0.04245149
0.04245149
0.04246952
0.04246952
0.04246952
0.04246952
0.04246952
0.04247771
0.04247771
0.04247771
0.04247771
0.04247771
0.04247733
0.04247733
0.04247733
0.04247733
0.04247733
0.04246843
0.04246843
0.04246843
0.04246843
0.04246843
0.04244981
0.04244981
0.04244981
0.04244981
0.04244981
0.04244966
0.04244966
0.04244966
0.04244966
0.04244966
0.04246779
0.04246779
0.04246779
0.04246779
0.04246779
0.04247615
0.04247615
0.04247615
0.04247615
0.04247615
0.04247595
0.04247595
0.04247595
0.04247595
0.04247595
0.04246722
0.04246722
0.04246722
0.04246722
0.04246722
0.04244875
0.04244875
0.04244875
0.04244875
0.04244875
0.04244869
0.04244869
0.04244869
0.04244869
0.04244869
0.04246695
0.04246695
0.04246695
0.04246695
0.04246695
0.04247546
0.04247546
0.04247546
0.04247546
0.04247546
0.04247546
0.04247546
0.04247546
0.04247546
0.04247546
0.04246694
0.04246694
0.04246694
0.04246694
0.04246694
0.04244868
0.04244868
0.04244868
0.04244868
0.04244868
0.04244874
0.04244874
0.04244874
0.04244874
0.04244874
0.04246721
0.04246721
0.04246721
0.04246721
0.04246721
0.04247594
0.04247594
0.04247594
0.04247594
0.04247594
0.04247612
0.04247612
0.04247612
0.04247612
0.04247612
0.04246777
0.04246777
0.04246777
0.04246777
0.04246777
0.04244963
0.04244963
0.04244963
0.04244963
0.04244963
0.04244977
0.04244977
0.04244977
0.04244977
0.04244977
0.04246839
0.04246839
0.04246839
0.04246839
0.04246839
0.04247729
0.04247729
0.04247729
0.04247729
0.04247729
0.04247769
0.04247769
0.04247769
0.04247769
0.04247769
0.04246952
0.04246952
0.04246952
0.04246952
0.04246952
0.04245149
0.04245149
0.04245149
0.04245149
0.04245149
0.0424517
0.0424517
0.0424517
0.0424517
0.0424517
0.04247048
0.04247048
0.04247048
0.04247048
0.04247048
0.04247937
0.04247937
0.04247937
0.04247937
0.04247937
0.04247939
0.04247939
0.04247939
0.04247939
0.04247939
0.04247046
0.04247046
0.04247046
0.04247046
0.04247046
0.0424509
0.0424509
0.0424509
0.0424509
0.0424509
0.04244509
0.04244509
0.04244509
0.04244509
0.04244509
0.04245531
0.04245531
0.04245531
0.04245531
0.04245531
0.04246154
0.04246154
0.04246154
0.04246154
0.04246154
0.04248248
0.04248248
0.04248248
0.04248248
0.04248248
0.04249241
0.04249241
0.04249241
0.04249241
0.04249241
0.04249251
0.04249251
0.04249251
0.04249251
0.04249251
0.04248289
0.04248289
0.04248289
0.04248289
0.04248289
0.04246301
0.04246301
0.04246301
0.04246301
0.04246301
0.04246285
0.04246285
0.04246285
0.04246285
0.04246285
0.04248217
0.04248217
0.04248217
0.04248217
0.04248217
0.04249127
0.04249127
0.04249127
0.04249127
0.04249127
0.0424909
0.0424909
0.0424909
0.0424909
0.0424909
0.04248116
0.04248116
0.04248116
0.04248116
0.04248116
0.04246133
0.04246133
0.04246133
0.04246133
0.04246133
0.04246121
0.04246121
0.04246121
0.04246121
0.04246121
0.04248063
0.04248063
0.04248063
0.04248063
0.04248063
0.0424899
0.0424899
0.0424899
0.0424899
0.0424899
0.04248972
0.04248972
0.04248972
0.04248972
0.04248972
0.0424801
0.0424801
0.0424801
0.0424801
0.0424801
0.0424604
0.0424604
0.0424604
0.0424604
0.0424604
0.04246036
0.04246036
0.04246036
0.04246036
0.04246036
0.0424799
0.0424799
0.0424799
0.0424799
0.0424799
0.04248932
0.04248932
0.04248932
0.04248932
0.04248932
0.04248931
0.04248931
0.04248931
0.04248931
0.04248931
0.04247989
0.04247989
0.04247989
0.04247989
0.04247989
0.04246035
0.04246035
0.04246035
0.04246035
0.04246035
0.0424604
0.0424604
0.0424604
0.0424604
0.0424604
0.04248011
0.04248011
0.04248011
0.04248011
0.04248011
0.04248972
0.04248972
0.04248972
0.04248972
0.04248972
0.0424899
0.0424899
0.0424899
0.0424899
0.0424899
0.04248061
0.04248061
0.04248061
0.04248061
0.04248061
0.04246121
0.04246121
0.04246121
0.04246121
0.04246121
0.04246134
0.04246134
0.04246134
0.04246134
0.04246134
0.04248117
0.04248117
0.04248117
0.04248117
0.04248117
0.0424909
0.0424909
0.0424909
0.0424909
0.0424909
0.04249124
0.04249124
0.04249124
0.04249124
0.04249124
0.04248212
0.04248212
0.04248212
0.04248212
0.04248212
0.0424628
0.0424628
0.0424628
0.0424628
0.0424628
0.04246296
0.04246296
0.04246296
0.04246296
0.04246296
0.04248282
0.04248282
0.04248282
0.04248282
0.04248282
0.04249241
0.04249241
0.04249241
0.04249241
0.04249241
0.04249227
0.04249227
0.04249227
0.04249227
0.04249227
0.04248234
0.04248234
0.04248234
0.04248234
0.04248234
0.04246142
0.04246142
0.04246142
0.04246142
0.04246142
0.04245521
0.04245521
0.04245521
0.04245521
0.04245521
0.04246493
0.04246493
0.04246493
0.04246493
0.04246493
0.04247149
0.04247149
0.04247149
0.04247149
0.04247149
0.0424936
0.0424936
0.0424936
0.0424936
0.0424936
0.0425044
0.0425044
0.0425044
0.0425044
0.0425044
0.04250462
0.04250462
0.04250462
0.04250462
0.04250462
0.04249438
0.04249438
0.04249438
0.04249438
0.04249438
0.04247357
0.04247357
0.04247357
0.04247357
0.04247357
0.04247346
0.04247346
0.04247346
0.04247346
0.04247346
0.0424939
0.0424939
0.0424939
0.0424939
0.0424939
0.04250381
0.04250381
0.04250381
0.04250381
0.04250381
0.0425035
0.0425035
0.0425035
0.0425035
0.0425035
0.04249304
0.04249304
0.04249304
0.04249304
0.04249304
0.04247219
0.04247219
0.04247219
0.04247219
0.04247219
0.04247208
0.04247208
0.04247208
0.04247208
0.04247208
0.0424926
0.0424926
0.0424926
0.0424926
0.0424926
0.04250269
0.04250269
0.04250269
0.04250269
0.04250269
0.04250254
0.04250254
0.04250254
0.04250254
0.04250254
0.04249217
0.04249217
0.04249217
0.04249217
0.04249217
0.0424714
0.0424714
0.0424714
0.0424714
0.0424714
0.04247137
0.04247137
0.04247137
0.04247137
0.04247137
0.04249202
0.04249202
0.04249202
0.04249202
0.04249202
0.04250225
0.04250225
0.04250225
0.04250225
0.04250225
0.04250225
0.04250225
0.04250225
0.04250225
0.04250225
0.04249202
0.04249202
0.04249202
0.04249202
0.04249202
0.04247136
0.04247136
0.04247136
0.04247136
0.04247136
0.04247139
0.04247139
0.04247139
0.04247139
0.04247139
0.04249214
0.04249214
0.04249214
0.04249214
0.04249214
0.0425025
0.0425025
0.0425025
0.0425025
0.0425025
0.04250267
0.04250267
0.04250267
0.04250267
0.04250267
0.04249258
0.04249258
0.04249258
0.04249258
0.04249258
0.04247206
0.04247206
0.04247206
0.04247206
0.04247206
0.04247217
0.04247217
0.04247217
0.04247217
0.04247217
0.04249302
0.04249302
0.04249302
0.04249302
0.04249302
0.04250348
0.04250348
0.04250348
0.04250348
0.04250348
0.04250379
0.04250379
0.04250379
0.04250379
0.04250379
0.04249387
0.04249387
0.04249387
0.04249387
0.04249387
0.04247343
0.04247343
0.04247343
0.04247343
0.04247343
0.04247354
0.04247354
0.04247354
0.04247354
0.04247354
0.04249433
0.04249433
0.04249433
0.04249433
0.04249433
0.04250455
0.04250455
0.04250455
0.04250455
0.04250455
0.04250432
0.04250432
0.04250432
0.04250432
0.04250432
0.04249354
0.04249354
0.04249354
0.04249354
0.04249354
0.04247145
0.04247145
0.04247145
0.04247145
0.04247145
0.04246488
0.04246488
0.04246488
0.04246488
0.04246488
0.04247404
0.04247404
0.04247404
0.04247404
0.04247404
0.04248094
0.04248094
0.04248094
0.04248094
0.04248094
0.04250412
0.04250412
0.04250412
0.04250412
0.04250412
0.0425157
0.0425157
0.0425157
0.0425157
0.0425157
0.04251601
0.04251601
0.04251601
0.04251601
0.04251601
0.04250521
0.04250521
0.04250521
0.04250521
0.04250521
0.04248356
0.04248356
0.04248356
0.04248356
0.04248356
0.0424835
0.0424835
0.0424835
0.0424835
0.0424835
0.04250496
0.04250496
0.04250496
0.04250496
0.04250496
0.04251562
0.04251562
0.04251562
0.04251562
0.04251562
0.04251534
0.04251534
0.04251534
0.04251534
0.04251534
0.0425042
0.0425042
0.0425042
0.0425042
0.0425042
0.04248237
0.04248237
0.04248237
0.04248237
0.04248237
0.04248227
0.04248227
0.04248227
0.04248227
0.04248227
0.04250376
0.04250376
0.04250376
0.04250376
0.04250376
0.04251456
0.04251456
0.04251456
0.04251456
0.04251456
0.04251439
0.04251439
0.04251439
0.04251439
0.04251439
0.04250333
0.04250333
0.04250333
0.04250333
0.04250333
0.04248163
0.04248163
0.04248163
0.04248163
0.04248163
0.0424816
0.0424816
0.0424816
0.0424816
0.0424816
0.04250324
0.04250324
0.04250324
0.04250324
0.04250324
0.04251418
0.04251418
0.04251418
0.04251418
0.04251418
0.04251418
0.04251418
0.04251418
0.04251418
0.04251418
0.04250323
0.04250323
0.04250323
0.04250323
0.04250323
0.0424816
0.0424816
0.0424816
0.0424816
0.0424816
0.04248162
0.04248162
0.04248162
0.04248162
0.04248162
0.04250333
0.04250333
0.04250333
0.04250333
0.04250333
0.04251438
0.04251438
0.04251438
0.04251438
0.04251438
0.04251454
0.04251454
0.04251454
0.04251454
0.04251454
0.04250374
0.04250374
0.04250374
0.04250374
0.04250374
0.04248225
0.04248225
0.04248225
0.04248225
0.04248225
0.04248236
0.04248236
0.04248236
0.04248236
0.04248236
0.04250419
0.04250419
0.04250419
0.04250419
0.04250419
0.04251532
0.04251532
0.04251532
0.04251532
0.04251532
0.0425156
0.0425156
0.0425156
0.0425156
0.0425156
0.04250493
0.04250493
0.04250493
0.04250493
0.04250493
0.04248348
0.04248348
0.04248348
0.04248348
0.04248348
0.04248354
0.04248354
0.04248354
0.04248354
0.04248354
0.04250518
0.04250518
0.04250518
0.04250518
0.04250518
0.04251597
0.04251597
0.04251597
0.04251597
0.04251597
0.04251564
0.04251564
0.04251564
0.04251564
0.04251564
0.04250406
0.04250406
0.04250406
0.04250406
0.04250406
0.04248089
0.04248089
0.04248089
0.04248089
0.04248089
0.04247401
0.04247401
0.04247401
0.04247401
0.04247401
0.04248254
0.04248254
0.04248254
0.04248254
0.04248254
0.04248972
0.04248972
0.04248972
0.04248972
0.04248972
0.04251385
0.04251385
0.04251385
0.04251385
0.04251385
0.04252613
0.04252613
0.04252613
0.04252613
0.04252613
0.04252654
0.04252654
0.04252654
0.04252654
0.04252654
0.04251521
0.04251521
0.04251521
0.04251521
0.04251521
0.04249279
0.04249279
0.04249279
0.04249279
0.04249279
0.04249278
0.04249278
0.04249278
0.04249278
0.04249278
0.04251518
0.04251518
0.04251518
0.04251518
0.04251518
0.04252655
0.04252655
0.04252655
0.04252655
0.04252655
0.0425263
0.0425263
0.0425263
0.0425263
0.0425263
0.04251453
0.04251453
0.04251453
0.04251453
0.04251453
0.04249183
0.04249183
0.04249183
0.04249183
0.04249183
0.04249174
0.04249174
0.04249174
0.04249174
0.04249174
0.04251414
0.04251414
0.04251414
0.04251414
0.04251414
0.0425256
0.0425256
0.0425256
0.0425256
0.0425256
0.04252544
0.04252544
0.04252544
0.04252544
0.04252544
0.04251377
0.04251377
0.04251377
0.04251377
0.04251377
0.0424912
0.0424912
0.0424912
0.0424912
0.0424912
0.04249118
0.04249118
0.04249118
0.04249118
0.04249118
0.04251375
0.04251375
0.04251375
0.04251375
0.04251375
0.04252536
0.04252536
0.04252536
0.04252536
0.04252536
0.04252536
0.04252536
0.04252536
0.04252536
0.04252536
0.04251374
0.04251374
0.04251374
0.04251374
0.04251374
0.04249118
0.04249118
0.04249118
0.04249118
0.04249118
0.0424912
0.0424912
0.0424912
0.0424912
0.0424912
0.0425138
0.0425138
0.0425138
0.0425138
0.0425138
0.04252547
0.04252547
0.04252547
0.04252547
0.04252547
0.04252559
0.04252559
0.04252559
0.04252559
0.04252559
0.04251413
0.04251413
0.04251413
0.04251413
0.04251413
0.04249172
0.04249172
0.04249172
0.04249172
0.04249172
0.04249183
0.04249183
0.04249183
0.04249183
0.04249183
0.04251453
0.04251453
0.04251453
0.04251453
0.04251453
0.04252629
0.04252629
0.04252629
0.04252629
0.04252629
0.04252653
0.04252653
0.04252653
0.04252653
0.04252653
0.04251515
0.04251515
0.04251515
0.04251515
0.04251515
0.04249276
0.04249276
0.04249276
0.04249276
0.04249276
0.04249277
0.04249277
0.04249277
0.04249277
0.04249277
0.04251519
0.04251519
0.04251519
0.04251519
0.04251519
0.04252651
0.04252651
0.04252651
0.04252651
0.04252651
0.04252609
0.04252609
0.04252609
0.04252609
0.04252609
0.04251379
0.04251379
0.04251379
0.04251379
0.04251379
0.04248967
0.04248967
0.04248967
0.04248967
0.04248967
0.04248251
0.04248251
0.04248251
0.04248251
0.04248251
0.04249036
0.04249036
0.04249036
0.04249036
0.04249036
0.04249782
0.04249782
0.04249782
0.04249782
0.04249782
0.04252288
0.04252288
0.04252288
0.04252288
0.04252288
0.04253585
0.04253585
0.04253585
0.04253585
0.04253585
0.04253637
0.04253637
0.04253637
0.04253637
0.04253637
0.04252454
0.04252454
0.04252454
0.04252454
0.04252454
0.04250138
0.04250138
0.04250138
0.04250138
0.04250138
0.0425014
0.0425014
0.0425014
0.0425014
0.0425014
0.0425247
0.0425247
0.0425247
0.0425247
0.0425247
0.04253675
0.04253675
0.04253675
0.04253675
0.04253675
0.04253654
0.04253654
0.04253654
0.04253654
0.04253654
0.04252417
0.04252417
0.04252417
0.04252417
0.04252417
0.04250058
0.04250058
0.04250058
0.04250058
0.04250058
0.04250048
0.04250048
0.04250048
0.04250048
0.04250048
0.04252374
0.04252374
0.04252374
0.04252374
0.04252374
0.04253582
0.04253582
0.04253582
0.04253582
0.04253582
0.04253568
0.04253568
0.04253568
0.04253568
0.04253568
0.0425234
0.0425234
0.0425234
0.0425234
0.0425234
0.04249996
0.04249996
0.04249996
0.04249996
0.04249996
0.04249993
0.04249993
0.04249993
0.04249993
0.04249993
0.04252335
0.04252335
0.04252335
0.04252335
0.04252335
0.04253559
0.04253559
0.04253559
0.04253559
0.04253559
0.04253559
0.04253559
0.04253559
0.04253559
0.04253559
0.04252334
0.04252334
0.04252334
0.04252334
0.04252334
0.04249993
0.04249993
0.04249993
0.04249993
0.04249993
0.04249995
0.04249995
0.04249995
0.04249995
0.04249995
0.04252339
0.04252339
0.04252339
0.04252339
0.04252339
0.04253566
0.04253566
0.04253566
0.04253566
0.04253566
0.0425358
0.0425358
0.0425358
0.0425358
0.0425358
0.04252372
0.04252372
0.04252372
0.04252372
0.04252372
0.04250045
0.04250045
0.04250045
0.04250045
0.04250045
0.04250055
0.04250055
0.04250055
0.04250055
0.04250055
0.04252413
0.04252413
0.04252413
0.04252413
0.04252413
0.04253651
0.04253651
0.04253651
0.04253651
0.04253651
0.04253674
0.04253674
0.04253674
0.04253674
0.04253674
0.0425247
0.0425247
0.0425247
0.0425247
0.0425247
0.04250139
0.04250139
0.04250139
0.04250139
0.04250139
0.04250138
0.04250138
0.04250138
0.04250138
0.04250138
0.04252455
0.04252455
0.04252455
0.04252455
0.04252455
0.0425364
0.0425364
0.0425364
0.0425364
0.0425364
0.0425359
0.0425359
0.0425359
0.0425359
0.0425359
0.04252292
0.04252292
0.04252292
0.04252292
0.04252292
0.04249784
0.04249784
0.04249784
0.04249784
0.04249784
0.04249039
0.04249039
0.04249039
0.04249039
0.04249039
0.04249752
0.04249752
0.04249752
0.04249752
0.04249752
0.04250525
0.04250525
0.04250525
0.04250525
0.04250525
0.04253126
0.04253126
0.04253126
0.04253126
0.04253126
0.04254493
0.04254493
0.04254493
0.04254493
0.04254493
0.04254551
0.04254551
0.04254551
0.04254551
0.04254551
0.04253314
0.04253314
0.04253314
0.04253314
0.04253314
0.0425092
0.0425092
0.0425092
0.0425092
0.0425092
0.04250924
0.04250924
0.04250924
0.04250924
0.04250924
0.04253343
0.04253343
0.04253343
0.04253343
0.04253343
0.04254613
0.04254613
0.04254613
0.04254613
0.04254613
0.04254592
0.04254592
0.04254592
0.04254592
0.04254592
0.04253293
0.04253293
0.04253293
0.04253293
0.04253293
0.0425085
0.0425085
0.0425085
0.0425085
0.0425085
0.04250841
0.04250841
0.04250841
0.04250841
0.04250841
0.04253255
0.04253255
0.04253255
0.04253255
0.04253255
0.04254525
0.04254525
0.04254525
0.04254525
0.04254525
0.04254513
0.04254513
0.04254513
0.04254513
0.04254513
0.04253225
0.04253225
0.04253225
0.04253225
0.04253225
0.04250795
0.04250795
0.04250795
0.04250795
0.04250795
0.04250793
0.04250793
0.04250793
0.04250793
0.04250793
0.04253219
0.04253219
0.04253219
0.04253219
0.04253219
0.04254504
0.04254504
0.04254504
0.04254504
0.04254504
0.04254504
0.04254504
0.04254504
0.04254504
0.04254504
0.04253218
0.04253218
0.04253218
0.04253218
0.04253218
0.04250792
0.04250792
0.04250792
0.04250792
0.04250792
0.04250795
0.04250795
0.04250795
0.04250795
0.04250795
0.04253225
0.04253225
0.04253225
0.04253225
0.04253225
0.04254513
0.04254513
0.04254513
0.04254513
0.04254513
0.04254525
0.04254525
0.04254525
0.04254525
0.04254525
0.04253253
0.04253253
0.04253253
0.04253253
0.04253253
0.04250841
0.04250841
0.04250841
0.04250841
0.04250841
0.0425085
0.0425085
0.0425085
0.0425085
0.0425085
0.04253294
0.04253294
0.04253294
0.04253294
0.04253294
0.04254591
0.04254591
0.04254591
0.04254591
0.04254591
0.04254608
0.04254608
0.04254608
0.04254608
0.04254608
0.04253337
0.04253337
0.04253337
0.04253337
0.04253337
0.04250919
0.04250919
0.04250919
0.04250919
0.04250919
0.04250914
0.04250914
0.04250914
0.04250914
0.04250914
0.04253306
0.04253306
0.04253306
0.04253306
0.04253306
0.04254539
0.04254539
0.04254539
0.04254539
0.04254539
0.04254478
0.04254478
0.04254478
0.04254478
0.04254478
0.04253111
0.04253111
0.04253111
0.04253111
0.04253111
0.04250513
0.04250513
0.04250513
0.04250513
0.04250513
0.04249741
0.04249741
0.04249741
0.04249741
0.04249741
0.04250372
0.04250372
0.04250372
0.04250372
0.04250372
0.04251172
0.04251172
0.04251172
0.04251172
0.04251172
0.04253863
0.04253863
0.04253863
0.04253863
0.04253863
0.04255298
0.04255298
0.04255298
0.04255298
0.04255298
0.04255364
0.04255364
0.04255364
0.04255364
0.04255364
0.04254078
0.04254078
0.04254078
0.04254078
0.04254078
0.04251609
0.04251609
0.04251609
0.04251609
0.04251609
0.04251616
0.04251616
0.04251616
0.04251616
0.04251616
0.0425412
0.0425412
0.0425412
0.0425412
0.0425412
0.04255455
0.04255455
0.04255455
0.04255455
0.04255455
0.04255439
0.04255439
0.04255439
0.04255439
0.04255439
0.04254083
0.04254083
0.04254083
0.04254083
0.04254083
0.04251558
0.04251558
0.04251558
0.04251558
0.04251558
0.0425155
0.0425155
0.0425155
0.0425155
0.0425155
0.04254049
0.04254049
0.04254049
0.04254049
0.04254049
0.04255384
0.04255384
0.04255384
0.04255384
0.04255384
0.04255375
0.04255375
0.04255375
0.04255375
0.04255375
0.04254027
0.04254027
0.04254027
0.04254027
0.04254027
0.04251512
0.04251512
0.04251512
0.04251512
0.04251512
0.0425151
0.0425151
0.0425151
0.0425151
0.0425151
0.0425402
0.0425402
0.0425402
0.0425402
0.0425402
0.04255365
0.04255365
0.04255365
0.04255365
0.04255365
0.04255365
0.04255365
0.04255365
0.04255365
0.04255365
0.04254019
0.04254019
0.04254019
0.04254019
0.04254019
0.04251509
0.04251509
0.04251509
0.04251509
0.04251509
0.04251511
0.04251511
0.04251511
0.04251511
0.04251511
0.04254024
0.04254024
0.04254024
0.04254024
0.04254024
0.04255372
0.04255372
0.04255372
0.04255372
0.04255372
0.04255381
0.04255381
0.04255381
0.04255381
0.04255381
0.04254047
0.04254047
0.04254047
0.04254047
0.04254047
0.04251548
0.04251548
0.04251548
0.04251548
0.04251548
0.04251556
0.04251556
0.04251556
0.04251556
0.04251556
0.0425408
0.0425408
0.0425408
0.0425408
0.0425408
0.04255437
0.04255437
0.04255437
0.04255437
0.04255437
0.04255451
0.04255451
0.04255451
0.04255451
0.04255451
0.04254116
0.04254116
0.04254116
0.04254116
0.04254116
0.04251613
0.04251613
0.04251613
0.04251613
0.04251613
0.04251606
0.04251606
0.04251606
0.04251606
0.04251606
0.04254073
0.04254073
0.04254073
0.04254073
0.04254073
0.04255356
0.04255356
0.04255356
0.04255356
0.04255356
0.04255289
0.04255289
0.04255289
0.04255289
0.04255289
0.04253856
0.04253856
0.04253856
0.04253856
0.04253856
0.04251166
0.04251166
0.04251166
0.04251166
0.04251166
0.04250367
0.04250367
0.04250367
0.04250367
0.04250367
0.04250914
0.04250914
0.04250914
0.04250914
0.04250914
0.04251743
0.04251743
0.04251743
0.04251743
0.04251743
0.04254535
0.04254535
0.04254535
0.04254535
0.04254535
0.04256044
0.04256044
0.04256044
0.04256044
0.04256044
0.04256118
0.04256118
0.04256118
0.04256118
0.04256118
0.04254776
0.04254776
0.04254776
0.04254776
0.04254776
0.04252224
0.04252224
0.04252224
0.04252224
0.04252224
0.04252233
0.04252233
0.04252233
0.04252233
0.04252233
0.04254829
0.04254829
0.04254829
0.04254829
0.04254829
0.04256231
0.04256231
0.04256231
0.04256231
0.04256231
0.04256217
0.04256217
0.04256217
0.04256217
0.04256217
0.04254797
0.04254797
0.04254797
0.04254797
0.04254797
0.04252181
0.04252181
0.04252181
0.04252181
0.04252181
0.04252173
0.04252173
0.04252173
0.04252173
0.04252173
0.04254763
0.04254763
0.04254763
0.04254763
0.04254763
0.04256162
0.04256162
0.04256162
0.04256162
0.04256162
0.04256153
0.04256153
0.04256153
0.04256153
0.04256153
0.0425474
0.0425474
0.0425474
0.0425474
0.0425474
0.04252136
0.04252136
0.04252136
0.04252136
0.04252136
0.04252134
0.04252134
0.04252134
0.04252134
0.04252134
0.04254732
0.04254732
0.04254732
0.04254732
0.04254732
0.0425614
0.0425614
0.0425614
0.0425614
0.0425614
0.0425614
0.0425614
0.0425614
0.0425614
0.0425614
0.04254731
0.04254731
0.04254731
0.04254731
0.04254731
0.04252134
0.04252134
0.04252134
0.04252134
0.04252134
0.04252136
0.04252136
0.04252136
0.04252136
0.04252136
0.04254739
0.04254739
0.04254739
0.04254739
0.04254739
0.04256152
0.04256152
0.04256152
0.04256152
0.04256152
0.04256161
0.04256161
0.04256161
0.04256161
0.04256161
0.04254761
0.04254761
0.04254761
0.04254761
0.04254761
0.04252172
0.04252172
0.04252172
0.04252172
0.04252172
0.0425218
0.0425218
0.0425218
0.0425218
0.0425218
0.04254796
0.04254796
0.04254796
0.04254796
0.04254796
0.04256216
0.04256216
0.04256216
0.04256216
0.04256216
0.04256229
0.04256229
0.04256229
0.04256229
0.04256229
0.04254826
0.04254826
0.04254826
0.04254826
0.04254826
0.0425223
0.0425223
0.0425223
0.0425223
0.0425223
0.04252221
0.04252221
0.04252221
0.04252221
0.04252221
0.04254772
0.04254772
0.04254772
0.04254772
0.04254772
0.04256113
0.04256113
0.04256113
0.04256113
0.04256113
0.04256037
0.04256037
0.04256037
0.04256037
0.04256037
0.04254528
0.04254528
0.04254528
0.04254528
0.04254528
0.04251738
0.04251738
0.04251738
0.04251738
0.04251738
0.0425091
0.0425091
0.0425091
0.0425091
0.0425091
0.04251366
0.04251366
0.04251366
0.04251366
0.04251366
0.04252227
0.04252227
0.04252227
0.04252227
0.04252227
0.04255123
0.04255123
0.04255123
0.04255123
0.04255123
0.04256717
0.04256717
0.04256717
0.04256717
0.04256717
0.04256801
0.04256801
0.04256801
0.04256801
0.04256801
0.04255394
0.04255394
0.04255394
0.04255394
0.04255394
0.04252747
0.04252747
0.04252747
0.04252747
0.04252747
0.04252759
0.04252759
0.04252759
0.04252759
0.04252759
0.04255455
0.04255455
0.04255455
0.04255455
0.04255455
0.04256933
0.04256933
0.04256933
0.04256933
0.04256933
0.04256921
0.04256921
0.04256921
0.04256921
0.04256921
0.04255429
0.04255429
0.04255429
0.04255429
0.04255429
0.04252717
0.04252717
0.04252717
0.04252717
0.04252717
0.04252711
0.04252711
0.04252711
0.04252711
0.04252711
0.042554
0.042554
0.042554
0.042554
0.042554
0.04256873
0.04256873
0.04256873
0.04256873
0.04256873
0.04256864
0.04256864
0.04256864
0.04256864
0.04256864
0.0425538
0.0425538
0.0425538
0.0425538
0.0425538
0.04252679
0.04252679
0.04252679
0.04252679
0.04252679
0.04252678
0.04252678
0.04252678
0.04252678
0.04252678
0.04255374
0.04255374
0.04255374
0.04255374
0.04255374
0.04256854
0.04256854
0.04256854
0.04256854
0.04256854
0.04256854
0.04256854
0.04256854
0.04256854
0.04256854
0.04255374
0.04255374
0.04255374
0.04255374
0.04255374
0.04252677
0.04252677
0.04252677
0.04252677
0.04252677
0.0425268
0.0425268
0.0425268
0.0425268
0.0425268
0.04255383
0.04255383
0.04255383
0.04255383
0.04255383
0.04256867
0.04256867
0.04256867
0.04256867
0.04256867
0.04256872
0.04256872
0.04256872
0.04256872
0.04256872
0.04255399
0.04255399
0.04255399
0.04255399
0.04255399
0.04252709
0.04252709
0.04252709
0.04252709
0.04252709
0.04252717
0.04252717
0.04252717
0.04252717
0.04252717
0.04255429
0.04255429
0.04255429
0.04255429
0.04255429
0.04256919
0.04256919
0.04256919
0.04256919
0.04256919
0.04256931
0.04256931
0.04256931
0.04256931
0.04256931
0.04255453
0.04255453
0.04255453
0.04255453
0.04255453
0.04252757
0.04252757
0.04252757
0.04252757
0.04252757
0.04252745
0.04252745
0.04252745
0.04252745
0.04252745
0.04255392
0.04255392
0.04255392
0.04255392
0.04255392
0.04256798
0.04256798
0.04256798
0.04256798
0.04256798
0.04256712
0.04256712
0.04256712
0.04256712
0.04256712
0.04255118
0.04255118
0.04255118
0.04255118
0.04255118
0.04252222
0.04252222
0.04252222
0.04252222
0.04252222
0.04251363
0.04251363
0.04251363
0.04251363
0.04251363
0.04251726
0.04251726
0.04251726
0.04251726
0.04251726
0.04252626
0.04252626
0.04252626
0.04252626
0.04252626
0.04255656
0.04255656
0.04255656
0.04255656
0.04255656
0.04257353
0.04257353
0.04257353
0.04257353
0.04257353
0.04257451
0.04257451
0.04257451
0.04257451
0.04257451
0.04255964
0.04255964
0.04255964
0.04255964
0.04255964
0.04253197
0.04253197
0.04253197
0.04253197
0.04253197
0.04253211
0.04253211
0.04253211
0.04253211
0.04253211
0.04256034
0.04256034
0.04256034
0.04256034
0.04256034
0.04257603
0.04257603
0.04257603
0.04257603
0.04257603
0.04257593
0.04257593
0.04257593
0.04257593
0.04257593
0.04256011
0.04256011
0.04256011
0.04256011
0.04256011
0.04253175
0.04253175
0.04253175
0.04253175
0.04253175
0.04253168
0.04253168
0.04253168
0.04253168
0.04253168
0.0425598
0.0425598
0.0425598
0.0425598
0.0425598
0.04257543
0.04257543
0.04257543
0.04257543
0.04257543
0.04257534
0.04257534
0.04257534
0.04257534
0.04257534
0.0425596
0.0425596
0.0425596
0.0425596
0.0425596
0.04253134
0.04253134
0.04253134
0.04253134
0.04253134
0.04253132
0.04253132
0.04253132
0.04253132
0.04253132
0.04255951
0.04255951
0.04255951
0.04255951
0.04255951
0.04257519
0.04257519
0.04257519
0.04257519
0.04257519
0.04257518
0.04257518
0.04257518
0.04257518
0.04257518
0.0425595
0.0425595
0.0425595
0.0425595
0.0425595
0.04253131
0.04253131
0.04253131
0.04253131
0.04253131
0.04253133
0.04253133
0.04253133
0.04253133
0.04253133
0.04255959
0.04255959
0.04255959
0.04255959
0.04255959
0.04257533
0.04257533
0.04257533
0.04257533
0.04257533
0.0425754
0.0425754
0.0425754
0.0425754
0.0425754
0.04255978
0.04255978
0.04255978
0.04255978
0.04255978
0.04253165
0.04253165
0.04253165
0.04253165
0.04253165
0.04253172
0.04253172
0.04253172
0.04253172
0.04253172
0.04256009
0.04256009
0.04256009
0.04256009
0.04256009
0.0425759
0.0425759
0.0425759
0.0425759
0.0425759
0.04257603
0.04257603
0.04257603
0.04257603
0.04257603
0.04256034
0.04256034
0.04256034
0.04256034
0.04256034
0.04253211
0.04253211
0.04253211
0.04253211
0.04253211
0.04253198
0.04253198
0.04253198
0.04253198
0.04253198
0.04255966
0.04255966
0.04255966
0.04255966
0.04255966
0.04257454
0.04257454
0.04257454
0.04257454
0.04257454
0.04257357
0.04257357
0.04257357
0.04257357
0.04257357
0.0425566
0.0425566
0.0425566
0.0425566
0.0425566
0.04252629
0.04252629
0.04252629
0.04252629
0.04252629
0.04251729
0.04251729
0.04251729
0.04251729
0.04251729
0.04251993
0.04251993
0.04251993
0.04251993
0.04251993
0.04252944
0.04252944
0.04252944
0.04252944
0.04252944
0.04256156
0.04256156
0.04256156
0.04256156
0.04256156
0.04258018
0.04258018
0.04258018
0.04258018
0.04258018
0.04258133
0.04258133
0.04258133
0.04258133
0.04258133
0.04256511
0.04256511
0.04256511
0.04256511
0.04256511
0.04253569
0.04253569
0.04253569
0.04253569
0.04253569
0.04253585
0.04253585
0.04253585
0.04253585
0.04253585
0.04256589
0.04256589
0.04256589
0.04256589
0.04256589
0.04258305
0.04258305
0.04258305
0.04258305
0.04258305
0.04258292
0.04258292
0.04258292
0.04258292
0.04258292
0.04256565
0.04256565
0.04256565
0.04256565
0.04256565
0.0425355
0.0425355
0.0425355
0.0425355
0.0425355
0.04253544
0.04253544
0.04253544
0.04253544
0.04253544
0.04256538
0.04256538
0.04256538
0.04256538
0.04256538
0.04258246
0.04258246
0.04258246
0.04258246
0.04258246
0.04258238
0.04258238
0.04258238
0.04258238
0.04258238
0.04256518
0.04256518
0.04256518
0.04256518
0.04256518
0.04253513
0.04253513
0.04253513
0.04253513
0.04253513
0.04253511
0.04253511
0.04253511
0.04253511
0.04253511
0.0425651
0.0425651
0.0425651
0.0425651
0.0425651
0.04258223
0.04258223
0.04258223
0.04258223
0.04258223
0.04258223
0.04258223
0.04258223
0.04258223
0.04258223
0.04256509
0.04256509
0.04256509
0.04256509
0.04256509
0.0425351
0.0425351
0.0425351
0.0425351
0.0425351
0.04253513
0.04253513
0.04253513
0.04253513
0.04253513
0.04256519
0.04256519
0.04256519
0.04256519
0.04256519
0.04258238
0.04258238
0.04258238
0.04258238
0.04258238
0.04258244
0.04258244
0.04258244
0.04258244
0.04258244
0.04256536
0.04256536
0.04256536
0.04256536
0.04256536
0.04253543
0.04253543
0.04253543
0.04253543
0.04253543
0.0425355
0.0425355
0.0425355
0.0425355
0.0425355
0.04256566
0.04256566
0.04256566
0.04256566
0.04256566
0.04258291
0.04258291
0.04258291
0.04258291
0.04258291
0.04258299
0.04258299
0.04258299
0.04258299
0.04258299
0.04256582
0.04256582
0.04256582
0.04256582
0.04256582
0.04253579
0.04253579
0.04253579
0.04253579
0.04253579
0.04253563
0.04253563
0.04253563
0.04253563
0.04253563
0.04256502
0.04256502
0.04256502
0.04256502
0.04256502
0.0425812
0.0425812
0.0425812
0.0425812
0.0425812
0.04258001
0.04258001
0.04258001
0.04258001
0.04258001
0.04256139
0.04256139
0.04256139
0.04256139
0.04256139
0.04252931
0.04252931
0.04252931
0.04252931
0.04252931
0.04251982
0.04251982
0.04251982
0.04251982
0.04251982
0.04252126
0.04252126
0.04252126
0.04252126
0.04252126
0.04253121
0.04253121
0.04253121
0.04253121
0.04253121
0.04256499
0.04256499
0.04256499
0.04256499
0.04256499
0.04258526
0.04258526
0.04258526
0.04258526
0.04258526
0.04258664
0.04258664
0.04258664
0.04258664
0.04258664
0.042569
0.042569
0.042569
0.042569
0.042569
0.04253795
0.04253795
0.04253795
0.04253795
0.04253795
0.04253815
0.04253815
0.04253815
0.04253815
0.04253815
0.04256994
0.04256994
0.04256994
0.04256994
0.04256994
0.04258866
0.04258866
0.04258866
0.04258866
0.04258866
0.0425886
0.0425886
0.0425886
0.0425886
0.0425886
0.04256979
0.04256979
0.04256979
0.04256979
0.04256979
0.04253789
0.04253789
0.04253789
0.04253789
0.04253789
0.04253784
0.04253784
0.04253784
0.04253784
0.04253784
0.04256957
0.04256957
0.04256957
0.04256957
0.04256957
0.04258824
0.04258824
0.04258824
0.04258824
0.04258824
0.0425882
0.0425882
0.0425882
0.0425882
0.0425882
0.04256942
0.04256942
0.04256942
0.04256942
0.04256942
0.04253758
0.04253758
0.04253758
0.04253758
0.04253758
0.04253757
0.04253757
0.04253757
0.04253757
0.04253757
0.04256936
0.04256936
0.04256936
0.04256936
0.04256936
0.04258808
0.04258808
0.04258808
0.04258808
0.04258808
0.04258807
0.04258807
0.04258807
0.04258807
0.04258807
0.04256935
0.04256935
0.04256935
0.04256935
0.04256935
0.04253756
0.04253756
0.04253756
0.04253756
0.04253756
0.04253757
0.04253757
0.04253757
0.04253757
0.04253757
0.04256938
0.04256938
0.04256938
0.04256938
0.04256938
0.04258815
0.04258815
0.04258815
0.04258815
0.04258815
0.04258821
0.04258821
0.04258821
0.04258821
0.04258821
0.04256954
0.04256954
0.04256954
0.04256954
0.04256954
0.04253782
0.04253782
0.04253782
0.04253782
0.04253782
0.04253787
0.04253787
0.04253787
0.04253787
0.04253787
0.04256976
0.04256976
0.04256976
0.04256976
0.04256976
0.04258857
0.04258857
0.04258857
0.04258857
0.04258857
0.04258862
0.04258862
0.04258862
0.04258862
0.04258862
0.04256989
0.04256989
0.04256989
0.04256989
0.04256989
0.04253811
0.04253811
0.04253811
0.04253811
0.04253811
0.04253791
0.04253791
0.04253791
0.04253791
0.04253791
0.04256893
0.04256893
0.04256893
0.04256893
0.04256893
0.04258655
0.04258655
0.04258655
0.04258655
0.04258655
0.04258515
0.04258515
0.04258515
0.04258515
0.04258515
0.0425649
0.0425649
0.0425649
0.0425649
0.0425649
0.04253115
0.04253115
0.04253115
0.04253115
0.04253115
0.04252121
0.04252121
0.04252121
0.04252121
0.04252121
)
;

boundaryField
{
    electrolyteSides
    {
        type            zeroGradient;
    }
    electrolyte_to_fuel
    {
        type            zeroGradient;
    }
    electrolyte_to_air
    {
        type            zeroGradient;
    }
}


// ************************************************************************* //
