/*--------------------------------*- C++ -*----------------------------------*\
| =========                 |                                                 |
| \\      /  F ield         | OpenFOAM: The Open Source CFD Toolbox           |
|  \\    /   O peration     | Version:  4.0                                   |
|   \\  /    A nd           | Web:      www.OpenFOAM.org                      |
|    \\/     M anipulation  |                                                 |
\*---------------------------------------------------------------------------*/
FoamFile
{
    version     2.0;
    format      ascii;
    class       volScalarField;
    location    "60/electrolyte";
    object      NernstPot;
}
// * * * * * * * * * * * * * * * * * * * * * * * * * * * * * * * * * * * * * //

dimensions      [0 0 0 0 0 0 0];

internalField   nonuniform List<scalar> 
4840
(
1.574901
1.574901
1.574901
1.574901
1.574901
1.577417
1.577417
1.577417
1.577417
1.577417
1.58
1.58
1.58
1.58
1.58
1.580252
1.580252
1.580252
1.580252
1.580252
1.58016
1.58016
1.58016
1.58016
1.58016
1.57993
1.57993
1.57993
1.57993
1.57993
1.577379
1.577379
1.577379
1.577379
1.577379
1.577531
1.577531
1.577531
1.577531
1.577531
1.579959
1.579959
1.579959
1.579959
1.579959
1.580161
1.580161
1.580161
1.580161
1.580161
1.580164
1.580164
1.580164
1.580164
1.580164
1.579954
1.579954
1.579954
1.579954
1.579954
1.577469
1.577469
1.577469
1.577469
1.577469
1.577513
1.577513
1.577513
1.577513
1.577513
1.579964
1.579964
1.579964
1.579964
1.579964
1.580171
1.580171
1.580171
1.580171
1.580171
1.580166
1.580166
1.580166
1.580166
1.580166
1.579962
1.579962
1.579962
1.579962
1.579962
1.577493
1.577493
1.577493
1.577493
1.577493
1.577507
1.577507
1.577507
1.577507
1.577507
1.579965
1.579965
1.579965
1.579965
1.579965
1.580166
1.580166
1.580166
1.580166
1.580166
1.580166
1.580166
1.580166
1.580166
1.580166
1.579965
1.579965
1.579965
1.579965
1.579965
1.577507
1.577507
1.577507
1.577507
1.577507
1.577489
1.577489
1.577489
1.577489
1.577489
1.579958
1.579958
1.579958
1.579958
1.579958
1.580162
1.580162
1.580162
1.580162
1.580162
1.580167
1.580167
1.580167
1.580167
1.580167
1.579964
1.579964
1.579964
1.579964
1.579964
1.577504
1.577504
1.577504
1.577504
1.577504
1.577459
1.577459
1.577459
1.577459
1.577459
1.579943
1.579943
1.579943
1.579943
1.579943
1.580154
1.580154
1.580154
1.580154
1.580154
1.580165
1.580165
1.580165
1.580165
1.580165
1.579963
1.579963
1.579963
1.579963
1.579963
1.577536
1.577536
1.577536
1.577536
1.577536
1.577384
1.577384
1.577384
1.577384
1.577384
1.579935
1.579935
1.579935
1.579935
1.579935
1.580173
1.580173
1.580173
1.580173
1.580173
1.580279
1.580279
1.580279
1.580279
1.580279
1.580027
1.580027
1.580027
1.580027
1.580027
1.577446
1.577446
1.577446
1.577446
1.577446
1.574931
1.574931
1.574931
1.574931
1.574931
1.574807
1.574807
1.574807
1.574807
1.574807
1.576829
1.576829
1.576829
1.576829
1.576829
1.579068
1.579068
1.579068
1.579068
1.579068
1.579375
1.579375
1.579375
1.579375
1.579375
1.579286
1.579286
1.579286
1.579286
1.579286
1.578918
1.578918
1.578918
1.578918
1.578918
1.576665
1.576665
1.576665
1.576665
1.576665
1.576842
1.576842
1.576842
1.576842
1.576842
1.578978
1.578978
1.578978
1.578978
1.578978
1.579292
1.579292
1.579292
1.579292
1.579292
1.57928
1.57928
1.57928
1.57928
1.57928
1.57894
1.57894
1.57894
1.57894
1.57894
1.576736
1.576736
1.576736
1.576736
1.576736
1.576804
1.576804
1.576804
1.576804
1.576804
1.578963
1.578963
1.578963
1.578963
1.578963
1.579285
1.579285
1.579285
1.579285
1.579285
1.579272
1.579272
1.579272
1.579272
1.579272
1.578942
1.578942
1.578942
1.578942
1.578942
1.576758
1.576758
1.576758
1.576758
1.576758
1.576776
1.576776
1.576776
1.576776
1.576776
1.578948
1.578948
1.578948
1.578948
1.578948
1.579272
1.579272
1.579272
1.579272
1.579272
1.579272
1.579272
1.579272
1.579272
1.579272
1.578948
1.578948
1.578948
1.578948
1.578948
1.576776
1.576776
1.576776
1.576776
1.576776
1.576758
1.576758
1.576758
1.576758
1.576758
1.578949
1.578949
1.578949
1.578949
1.578949
1.579279
1.579279
1.579279
1.579279
1.579279
1.579284
1.579284
1.579284
1.579284
1.579284
1.578963
1.578963
1.578963
1.578963
1.578963
1.576802
1.576802
1.576802
1.576802
1.576802
1.576736
1.576736
1.576736
1.576736
1.576736
1.57894
1.57894
1.57894
1.57894
1.57894
1.579278
1.579278
1.579278
1.579278
1.579278
1.579293
1.579293
1.579293
1.579293
1.579293
1.57898
1.57898
1.57898
1.57898
1.57898
1.576843
1.576843
1.576843
1.576843
1.576843
1.576667
1.576667
1.576667
1.576667
1.576667
1.57892
1.57892
1.57892
1.57892
1.57892
1.57929
1.57929
1.57929
1.57929
1.57929
1.579382
1.579382
1.579382
1.579382
1.579382
1.579074
1.579074
1.579074
1.579074
1.579074
1.576837
1.576837
1.576837
1.576837
1.576837
1.574819
1.574819
1.574819
1.574819
1.574819
1.574226
1.574226
1.574226
1.574226
1.574226
1.575973
1.575973
1.575973
1.575973
1.575973
1.578217
1.578217
1.578217
1.578217
1.578217
1.578639
1.578639
1.578639
1.578639
1.578639
1.57855
1.57855
1.57855
1.57855
1.57855
1.578063
1.578063
1.578063
1.578063
1.578063
1.575953
1.575953
1.575953
1.575953
1.575953
1.576135
1.576135
1.576135
1.576135
1.576135
1.578149
1.578149
1.578149
1.578149
1.578149
1.57857
1.57857
1.57857
1.57857
1.57857
1.578551
1.578551
1.578551
1.578551
1.578551
1.578096
1.578096
1.578096
1.578096
1.578096
1.576024
1.576024
1.576024
1.576024
1.576024
1.576102
1.576102
1.576102
1.576102
1.576102
1.578137
1.578137
1.578137
1.578137
1.578137
1.578569
1.578569
1.578569
1.578569
1.578569
1.57856
1.57856
1.57856
1.57856
1.57856
1.578118
1.578118
1.578118
1.578118
1.578118
1.576057
1.576057
1.576057
1.576057
1.576057
1.576077
1.576077
1.576077
1.576077
1.576077
1.578126
1.578126
1.578126
1.578126
1.578126
1.578565
1.578565
1.578565
1.578565
1.578565
1.578566
1.578566
1.578566
1.578566
1.578566
1.578126
1.578126
1.578126
1.578126
1.578126
1.576077
1.576077
1.576077
1.576077
1.576077
1.576057
1.576057
1.576057
1.576057
1.576057
1.578119
1.578119
1.578119
1.578119
1.578119
1.578562
1.578562
1.578562
1.578562
1.578562
1.578569
1.578569
1.578569
1.578569
1.578569
1.578137
1.578137
1.578137
1.578137
1.578137
1.5761
1.5761
1.5761
1.5761
1.5761
1.576023
1.576023
1.576023
1.576023
1.576023
1.578095
1.578095
1.578095
1.578095
1.578095
1.57855
1.57855
1.57855
1.57855
1.57855
1.57857
1.57857
1.57857
1.57857
1.57857
1.578151
1.578151
1.578151
1.578151
1.578151
1.576136
1.576136
1.576136
1.576136
1.576136
1.575954
1.575954
1.575954
1.575954
1.575954
1.578064
1.578064
1.578064
1.578064
1.578064
1.578552
1.578552
1.578552
1.578552
1.578552
1.578644
1.578644
1.578644
1.578644
1.578644
1.578222
1.578222
1.578222
1.578222
1.578222
1.57598
1.57598
1.57598
1.57598
1.57598
1.574235
1.574235
1.574235
1.574235
1.574235
1.573547
1.573547
1.573547
1.573547
1.573547
1.575011
1.575011
1.575011
1.575011
1.575011
1.577392
1.577392
1.577392
1.577392
1.577392
1.578005
1.578005
1.578005
1.578005
1.578005
1.577932
1.577932
1.577932
1.577932
1.577932
1.577282
1.577282
1.577282
1.577282
1.577282
1.575307
1.575307
1.575307
1.575307
1.575307
1.575428
1.575428
1.575428
1.575428
1.575428
1.577416
1.577416
1.577416
1.577416
1.577416
1.577964
1.577964
1.577964
1.577964
1.577964
1.577937
1.577937
1.577937
1.577937
1.577937
1.577326
1.577326
1.577326
1.577326
1.577326
1.575356
1.575356
1.575356
1.575356
1.575356
1.575406
1.575406
1.575406
1.575406
1.575406
1.577385
1.577385
1.577385
1.577385
1.577385
1.577954
1.577954
1.577954
1.577954
1.577954
1.577943
1.577943
1.577943
1.577943
1.577943
1.577347
1.577347
1.577347
1.577347
1.577347
1.575372
1.575372
1.575372
1.575372
1.575372
1.575385
1.575385
1.575385
1.575385
1.575385
1.577359
1.577359
1.577359
1.577359
1.577359
1.577942
1.577942
1.577942
1.577942
1.577942
1.577942
1.577942
1.577942
1.577942
1.577942
1.57736
1.57736
1.57736
1.57736
1.57736
1.575385
1.575385
1.575385
1.575385
1.575385
1.575372
1.575372
1.575372
1.575372
1.575372
1.577342
1.577342
1.577342
1.577342
1.577342
1.577937
1.577937
1.577937
1.577937
1.577937
1.577954
1.577954
1.577954
1.577954
1.577954
1.577385
1.577385
1.577385
1.577385
1.577385
1.575405
1.575405
1.575405
1.575405
1.575405
1.575353
1.575353
1.575353
1.575353
1.575353
1.577323
1.577323
1.577323
1.577323
1.577323
1.577936
1.577936
1.577936
1.577936
1.577936
1.577965
1.577965
1.577965
1.577965
1.577965
1.577416
1.577416
1.577416
1.577416
1.577416
1.575429
1.575429
1.575429
1.575429
1.575429
1.575308
1.575308
1.575308
1.575308
1.575308
1.577283
1.577283
1.577283
1.577283
1.577283
1.577934
1.577934
1.577934
1.577934
1.577934
1.578008
1.578008
1.578008
1.578008
1.578008
1.577399
1.577399
1.577399
1.577399
1.577399
1.575019
1.575019
1.575019
1.575019
1.575019
1.573554
1.573554
1.573554
1.573554
1.573554
1.572938
1.572938
1.572938
1.572938
1.572938
1.574217
1.574217
1.574217
1.574217
1.574217
1.576711
1.576711
1.576711
1.576711
1.576711
1.577485
1.577485
1.577485
1.577485
1.577485
1.577424
1.577424
1.577424
1.577424
1.577424
1.576677
1.576677
1.576677
1.576677
1.576677
1.574728
1.574728
1.574728
1.574728
1.574728
1.574811
1.574811
1.574811
1.574811
1.574811
1.576837
1.576837
1.576837
1.576837
1.576837
1.577471
1.577471
1.577471
1.577471
1.577471
1.577435
1.577435
1.577435
1.577435
1.577435
1.576724
1.576724
1.576724
1.576724
1.576724
1.574763
1.574763
1.574763
1.574763
1.574763
1.5748
1.5748
1.5748
1.5748
1.5748
1.576813
1.576813
1.576813
1.576813
1.576813
1.577469
1.577469
1.577469
1.577469
1.577469
1.577455
1.577455
1.577455
1.577455
1.577455
1.576771
1.576771
1.576771
1.576771
1.576771
1.574784
1.574784
1.574784
1.574784
1.574784
1.574793
1.574793
1.574793
1.574793
1.574793
1.576776
1.576776
1.576776
1.576776
1.576776
1.577456
1.577456
1.577456
1.577456
1.577456
1.577456
1.577456
1.577456
1.577456
1.577456
1.576777
1.576777
1.576777
1.576777
1.576777
1.574793
1.574793
1.574793
1.574793
1.574793
1.574786
1.574786
1.574786
1.574786
1.574786
1.576772
1.576772
1.576772
1.576772
1.576772
1.577456
1.577456
1.577456
1.577456
1.577456
1.577471
1.577471
1.577471
1.577471
1.577471
1.576812
1.576812
1.576812
1.576812
1.576812
1.574803
1.574803
1.574803
1.574803
1.574803
1.574766
1.574766
1.574766
1.574766
1.574766
1.576728
1.576728
1.576728
1.576728
1.576728
1.57744
1.57744
1.57744
1.57744
1.57744
1.577469
1.577469
1.577469
1.577469
1.577469
1.576835
1.576835
1.576835
1.576835
1.576835
1.57481
1.57481
1.57481
1.57481
1.57481
1.574727
1.574727
1.574727
1.574727
1.574727
1.576674
1.576674
1.576674
1.576674
1.576674
1.577417
1.577417
1.577417
1.577417
1.577417
1.577473
1.577473
1.577473
1.577473
1.577473
1.576703
1.576703
1.576703
1.576703
1.576703
1.574213
1.574213
1.574213
1.574213
1.574213
1.572936
1.572936
1.572936
1.572936
1.572936
1.572377
1.572377
1.572377
1.572377
1.572377
1.573539
1.573539
1.573539
1.573539
1.573539
1.5761
1.5761
1.5761
1.5761
1.5761
1.57703
1.57703
1.57703
1.57703
1.57703
1.576999
1.576999
1.576999
1.576999
1.576999
1.57618
1.57618
1.57618
1.57618
1.57618
1.574227
1.574227
1.574227
1.574227
1.574227
1.574293
1.574293
1.574293
1.574293
1.574293
1.576392
1.576392
1.576392
1.576392
1.576392
1.577082
1.577082
1.577082
1.577082
1.577082
1.577045
1.577045
1.577045
1.577045
1.577045
1.576265
1.576265
1.576265
1.576265
1.576265
1.574261
1.574261
1.574261
1.574261
1.574261
1.574289
1.574289
1.574289
1.574289
1.574289
1.576346
1.576346
1.576346
1.576346
1.576346
1.577077
1.577077
1.577077
1.577077
1.577077
1.577065
1.577065
1.577065
1.577065
1.577065
1.576312
1.576312
1.576312
1.576312
1.576312
1.574279
1.574279
1.574279
1.574279
1.574279
1.574283
1.574283
1.574283
1.574283
1.574283
1.576304
1.576304
1.576304
1.576304
1.576304
1.577058
1.577058
1.577058
1.577058
1.577058
1.577058
1.577058
1.577058
1.577058
1.577058
1.576304
1.576304
1.576304
1.576304
1.576304
1.574283
1.574283
1.574283
1.574283
1.574283
1.574278
1.574278
1.574278
1.574278
1.574278
1.576311
1.576311
1.576311
1.576311
1.576311
1.577063
1.577063
1.577063
1.577063
1.577063
1.577076
1.577076
1.577076
1.577076
1.577076
1.576346
1.576346
1.576346
1.576346
1.576346
1.574286
1.574286
1.574286
1.574286
1.574286
1.574259
1.574259
1.574259
1.574259
1.574259
1.576262
1.576262
1.576262
1.576262
1.576262
1.577042
1.577042
1.577042
1.577042
1.577042
1.577084
1.577084
1.577084
1.577084
1.577084
1.576395
1.576395
1.576395
1.576395
1.576395
1.574295
1.574295
1.574295
1.574295
1.574295
1.574229
1.574229
1.574229
1.574229
1.574229
1.576181
1.576181
1.576181
1.576181
1.576181
1.577004
1.577004
1.577004
1.577004
1.577004
1.57704
1.57704
1.57704
1.57704
1.57704
1.576112
1.576112
1.576112
1.576112
1.576112
1.573549
1.573549
1.573549
1.573549
1.573549
1.572386
1.572386
1.572386
1.572386
1.572386
1.571876
1.571876
1.571876
1.571876
1.571876
1.572991
1.572991
1.572991
1.572991
1.572991
1.575654
1.575654
1.575654
1.575654
1.575654
1.576688
1.576688
1.576688
1.576688
1.576688
1.576676
1.576676
1.576676
1.576676
1.576676
1.575804
1.575804
1.575804
1.575804
1.575804
1.573808
1.573808
1.573808
1.573808
1.573808
1.573883
1.573883
1.573883
1.573883
1.573883
1.576042
1.576042
1.576042
1.576042
1.576042
1.576783
1.576783
1.576783
1.576783
1.576783
1.576739
1.576739
1.576739
1.576739
1.576739
1.575914
1.575914
1.575914
1.575914
1.575914
1.573834
1.573834
1.573834
1.573834
1.573834
1.573855
1.573855
1.573855
1.573855
1.573855
1.575974
1.575974
1.575974
1.575974
1.575974
1.57676
1.57676
1.57676
1.57676
1.57676
1.576745
1.576745
1.576745
1.576745
1.576745
1.575943
1.575943
1.575943
1.575943
1.575943
1.573845
1.573845
1.573845
1.573845
1.573845
1.573846
1.573846
1.573846
1.573846
1.573846
1.575939
1.575939
1.575939
1.575939
1.575939
1.576739
1.576739
1.576739
1.576739
1.576739
1.576739
1.576739
1.576739
1.576739
1.576739
1.575939
1.575939
1.575939
1.575939
1.575939
1.573846
1.573846
1.573846
1.573846
1.573846
1.573845
1.573845
1.573845
1.573845
1.573845
1.575946
1.575946
1.575946
1.575946
1.575946
1.576749
1.576749
1.576749
1.576749
1.576749
1.57676
1.57676
1.57676
1.57676
1.57676
1.575973
1.575973
1.575973
1.575973
1.575973
1.573854
1.573854
1.573854
1.573854
1.573854
1.573835
1.573835
1.573835
1.573835
1.573835
1.575915
1.575915
1.575915
1.575915
1.575915
1.576738
1.576738
1.576738
1.576738
1.576738
1.576784
1.576784
1.576784
1.576784
1.576784
1.576043
1.576043
1.576043
1.576043
1.576043
1.573884
1.573884
1.573884
1.573884
1.573884
1.573808
1.573808
1.573808
1.573808
1.573808
1.575804
1.575804
1.575804
1.575804
1.575804
1.576678
1.576678
1.576678
1.576678
1.576678
1.576692
1.576692
1.576692
1.576692
1.576692
1.575658
1.575658
1.575658
1.575658
1.575658
1.572996
1.572996
1.572996
1.572996
1.572996
1.571881
1.571881
1.571881
1.571881
1.571881
1.571424
1.571424
1.571424
1.571424
1.571424
1.572527
1.572527
1.572527
1.572527
1.572527
1.57529
1.57529
1.57529
1.57529
1.57529
1.5764
1.5764
1.5764
1.5764
1.5764
1.57641
1.57641
1.57641
1.57641
1.57641
1.575517
1.575517
1.575517
1.575517
1.575517
1.573444
1.573444
1.573444
1.573444
1.573444
1.573505
1.573505
1.573505
1.573505
1.573505
1.575722
1.575722
1.575722
1.575722
1.575722
1.576516
1.576516
1.576516
1.576516
1.576516
1.576475
1.576475
1.576475
1.576475
1.576475
1.575612
1.575612
1.575612
1.575612
1.575612
1.573473
1.573473
1.573473
1.573473
1.573473
1.573488
1.573488
1.573488
1.573488
1.573488
1.57567
1.57567
1.57567
1.57567
1.57567
1.576499
1.576499
1.576499
1.576499
1.576499
1.57649
1.57649
1.57649
1.57649
1.57649
1.575644
1.575644
1.575644
1.575644
1.575644
1.573484
1.573484
1.573484
1.573484
1.573484
1.573485
1.573485
1.573485
1.573485
1.573485
1.575651
1.575651
1.575651
1.575651
1.575651
1.576488
1.576488
1.576488
1.576488
1.576488
1.576488
1.576488
1.576488
1.576488
1.576488
1.57565
1.57565
1.57565
1.57565
1.57565
1.573485
1.573485
1.573485
1.573485
1.573485
1.573484
1.573484
1.573484
1.573484
1.573484
1.575645
1.575645
1.575645
1.575645
1.575645
1.57649
1.57649
1.57649
1.57649
1.57649
1.576499
1.576499
1.576499
1.576499
1.576499
1.575669
1.575669
1.575669
1.575669
1.575669
1.573488
1.573488
1.573488
1.573488
1.573488
1.573472
1.573472
1.573472
1.573472
1.573472
1.575612
1.575612
1.575612
1.575612
1.575612
1.576475
1.576475
1.576475
1.576475
1.576475
1.576516
1.576516
1.576516
1.576516
1.576516
1.575724
1.575724
1.575724
1.575724
1.575724
1.573506
1.573506
1.573506
1.573506
1.573506
1.573444
1.573444
1.573444
1.573444
1.573444
1.575517
1.575517
1.575517
1.575517
1.575517
1.576412
1.576412
1.576412
1.576412
1.576412
1.576403
1.576403
1.576403
1.576403
1.576403
1.575294
1.575294
1.575294
1.575294
1.575294
1.572531
1.572531
1.572531
1.572531
1.572531
1.571428
1.571428
1.571428
1.571428
1.571428
1.571021
1.571021
1.571021
1.571021
1.571021
1.572133
1.572133
1.572133
1.572133
1.572133
1.574994
1.574994
1.574994
1.574994
1.574994
1.576165
1.576165
1.576165
1.576165
1.576165
1.576197
1.576197
1.576197
1.576197
1.576197
1.575287
1.575287
1.575287
1.575287
1.575287
1.573141
1.573141
1.573141
1.573141
1.573141
1.573189
1.573189
1.573189
1.573189
1.573189
1.575452
1.575452
1.575452
1.575452
1.575452
1.576292
1.576292
1.576292
1.576292
1.576292
1.576261
1.576261
1.576261
1.576261
1.576261
1.575376
1.575376
1.575376
1.575376
1.575376
1.573169
1.573169
1.573169
1.573169
1.573169
1.573176
1.573176
1.573176
1.573176
1.573176
1.575397
1.575397
1.575397
1.575397
1.575397
1.576271
1.576271
1.576271
1.576271
1.576271
1.576265
1.576265
1.576265
1.576265
1.576265
1.575373
1.575373
1.575373
1.575373
1.575373
1.573172
1.573172
1.573172
1.573172
1.573172
1.573183
1.573183
1.573183
1.573183
1.573183
1.575405
1.575405
1.575405
1.575405
1.575405
1.576269
1.576269
1.576269
1.576269
1.576269
1.576269
1.576269
1.576269
1.576269
1.576269
1.575405
1.575405
1.575405
1.575405
1.575405
1.573182
1.573182
1.573182
1.573182
1.573182
1.573172
1.573172
1.573172
1.573172
1.573172
1.575371
1.575371
1.575371
1.575371
1.575371
1.576261
1.576261
1.576261
1.576261
1.576261
1.576271
1.576271
1.576271
1.576271
1.576271
1.575396
1.575396
1.575396
1.575396
1.575396
1.573176
1.573176
1.573176
1.573176
1.573176
1.573168
1.573168
1.573168
1.573168
1.573168
1.575376
1.575376
1.575376
1.575376
1.575376
1.576261
1.576261
1.576261
1.576261
1.576261
1.576293
1.576293
1.576293
1.576293
1.576293
1.575455
1.575455
1.575455
1.575455
1.575455
1.57319
1.57319
1.57319
1.57319
1.57319
1.573141
1.573141
1.573141
1.573141
1.573141
1.575285
1.575285
1.575285
1.575285
1.575285
1.576197
1.576197
1.576197
1.576197
1.576197
1.576167
1.576167
1.576167
1.576167
1.576167
1.574999
1.574999
1.574999
1.574999
1.574999
1.572138
1.572138
1.572138
1.572138
1.572138
1.571025
1.571025
1.571025
1.571025
1.571025
1.570665
1.570665
1.570665
1.570665
1.570665
1.571792
1.571792
1.571792
1.571792
1.571792
1.574734
1.574734
1.574734
1.574734
1.574734
1.575956
1.575956
1.575956
1.575956
1.575956
1.576002
1.576002
1.576002
1.576002
1.576002
1.575084
1.575084
1.575084
1.575084
1.575084
1.572877
1.572877
1.572877
1.572877
1.572877
1.572914
1.572914
1.572914
1.572914
1.572914
1.575208
1.575208
1.575208
1.575208
1.575208
1.576087
1.576087
1.576087
1.576087
1.576087
1.576069
1.576069
1.576069
1.576069
1.576069
1.575171
1.575171
1.575171
1.575171
1.575171
1.572933
1.572933
1.572933
1.572933
1.572933
1.572909
1.572909
1.572909
1.572909
1.572909
1.575133
1.575133
1.575133
1.575133
1.575133
1.576061
1.576061
1.576061
1.576061
1.576061
1.576062
1.576062
1.576062
1.576062
1.576062
1.575137
1.575137
1.575137
1.575137
1.575137
1.572911
1.572911
1.572911
1.572911
1.572911
1.572931
1.572931
1.572931
1.572931
1.572931
1.575189
1.575189
1.575189
1.575189
1.575189
1.576081
1.576081
1.576081
1.576081
1.576081
1.576081
1.576081
1.576081
1.576081
1.576081
1.57519
1.57519
1.57519
1.57519
1.57519
1.57293
1.57293
1.57293
1.57293
1.57293
1.572912
1.572912
1.572912
1.572912
1.572912
1.575137
1.575137
1.575137
1.575137
1.575137
1.576063
1.576063
1.576063
1.576063
1.576063
1.576062
1.576062
1.576062
1.576062
1.576062
1.575132
1.575132
1.575132
1.575132
1.575132
1.572911
1.572911
1.572911
1.572911
1.572911
1.572936
1.572936
1.572936
1.572936
1.572936
1.575175
1.575175
1.575175
1.575175
1.575175
1.576072
1.576072
1.576072
1.576072
1.576072
1.576087
1.576087
1.576087
1.576087
1.576087
1.575209
1.575209
1.575209
1.575209
1.575209
1.572914
1.572914
1.572914
1.572914
1.572914
1.572876
1.572876
1.572876
1.572876
1.572876
1.57508
1.57508
1.57508
1.57508
1.57508
1.575997
1.575997
1.575997
1.575997
1.575997
1.575949
1.575949
1.575949
1.575949
1.575949
1.57473
1.57473
1.57473
1.57473
1.57473
1.57179
1.57179
1.57179
1.57179
1.57179
1.570663
1.570663
1.570663
1.570663
1.570663
1.570342
1.570342
1.570342
1.570342
1.570342
1.571485
1.571485
1.571485
1.571485
1.571485
1.574488
1.574488
1.574488
1.574488
1.574488
1.575757
1.575757
1.575757
1.575757
1.575757
1.575824
1.575824
1.575824
1.575824
1.575824
1.574901
1.574901
1.574901
1.574901
1.574901
1.572651
1.572651
1.572651
1.572651
1.572651
1.572677
1.572677
1.572677
1.572677
1.572677
1.574986
1.574986
1.574986
1.574986
1.574986
1.575906
1.575906
1.575906
1.575906
1.575906
1.575904
1.575904
1.575904
1.575904
1.575904
1.574996
1.574996
1.574996
1.574996
1.574996
1.572743
1.572743
1.572743
1.572743
1.572743
1.572684
1.572684
1.572684
1.572684
1.572684
1.574889
1.574889
1.574889
1.574889
1.574889
1.575867
1.575867
1.575867
1.575867
1.575867
1.575882
1.575882
1.575882
1.575882
1.575882
1.574942
1.574942
1.574942
1.574942
1.574942
1.572684
1.572684
1.572684
1.572684
1.572684
1.572696
1.572696
1.572696
1.572696
1.572696
1.57497
1.57497
1.57497
1.57497
1.57497
1.575896
1.575896
1.575896
1.575896
1.575896
1.575896
1.575896
1.575896
1.575896
1.575896
1.57497
1.57497
1.57497
1.57497
1.57497
1.572696
1.572696
1.572696
1.572696
1.572696
1.572683
1.572683
1.572683
1.572683
1.572683
1.574941
1.574941
1.574941
1.574941
1.574941
1.575881
1.575881
1.575881
1.575881
1.575881
1.575865
1.575865
1.575865
1.575865
1.575865
1.574889
1.574889
1.574889
1.574889
1.574889
1.572683
1.572683
1.572683
1.572683
1.572683
1.572743
1.572743
1.572743
1.572743
1.572743
1.574994
1.574994
1.574994
1.574994
1.574994
1.575902
1.575902
1.575902
1.575902
1.575902
1.575908
1.575908
1.575908
1.575908
1.575908
1.574989
1.574989
1.574989
1.574989
1.574989
1.572679
1.572679
1.572679
1.572679
1.572679
1.572653
1.572653
1.572653
1.572653
1.572653
1.574902
1.574902
1.574902
1.574902
1.574902
1.575829
1.575829
1.575829
1.575829
1.575829
1.575765
1.575765
1.575765
1.575765
1.575765
1.574497
1.574497
1.574497
1.574497
1.574497
1.571493
1.571493
1.571493
1.571493
1.571493
1.570348
1.570348
1.570348
1.570348
1.570348
1.570062
1.570062
1.570062
1.570062
1.570062
1.57122
1.57122
1.57122
1.57122
1.57122
1.574271
1.574271
1.574271
1.574271
1.574271
1.575589
1.575589
1.575589
1.575589
1.575589
1.575676
1.575676
1.575676
1.575676
1.575676
1.57474
1.57474
1.57474
1.57474
1.57474
1.572462
1.572462
1.572462
1.572462
1.572462
1.572479
1.572479
1.572479
1.572479
1.572479
1.574797
1.574797
1.574797
1.574797
1.574797
1.575752
1.575752
1.575752
1.575752
1.575752
1.575758
1.575758
1.575758
1.575758
1.575758
1.574841
1.574841
1.574841
1.574841
1.574841
1.572588
1.572588
1.572588
1.572588
1.572588
1.572493
1.572493
1.572493
1.572493
1.572493
1.574677
1.574677
1.574677
1.574677
1.574677
1.57569
1.57569
1.57569
1.57569
1.57569
1.575721
1.575721
1.575721
1.575721
1.575721
1.574776
1.574776
1.574776
1.574776
1.574776
1.572497
1.572497
1.572497
1.572497
1.572497
1.572489
1.572489
1.572489
1.572489
1.572489
1.574752
1.574752
1.574752
1.574752
1.574752
1.575717
1.575717
1.575717
1.575717
1.575717
1.575717
1.575717
1.575717
1.575717
1.575717
1.574752
1.574752
1.574752
1.574752
1.574752
1.572489
1.572489
1.572489
1.572489
1.572489
1.572496
1.572496
1.572496
1.572496
1.572496
1.574778
1.574778
1.574778
1.574778
1.574778
1.575723
1.575723
1.575723
1.575723
1.575723
1.57569
1.57569
1.57569
1.57569
1.57569
1.574677
1.574677
1.574677
1.574677
1.574677
1.572494
1.572494
1.572494
1.572494
1.572494
1.57259
1.57259
1.57259
1.57259
1.57259
1.574843
1.574843
1.574843
1.574843
1.574843
1.575758
1.575758
1.575758
1.575758
1.575758
1.575753
1.575753
1.575753
1.575753
1.575753
1.574799
1.574799
1.574799
1.574799
1.574799
1.57248
1.57248
1.57248
1.57248
1.57248
1.572463
1.572463
1.572463
1.572463
1.572463
1.57474
1.57474
1.57474
1.57474
1.57474
1.575678
1.575678
1.575678
1.575678
1.575678
1.575593
1.575593
1.575593
1.575593
1.575593
1.574274
1.574274
1.574274
1.574274
1.574274
1.571224
1.571224
1.571224
1.571224
1.571224
1.570066
1.570066
1.570066
1.570066
1.570066
1.569809
1.569809
1.569809
1.569809
1.569809
1.57098
1.57098
1.57098
1.57098
1.57098
1.574067
1.574067
1.574067
1.574067
1.574067
1.575428
1.575428
1.575428
1.575428
1.575428
1.575533
1.575533
1.575533
1.575533
1.575533
1.574594
1.574594
1.574594
1.574594
1.574594
1.572311
1.572311
1.572311
1.572311
1.572311
1.572302
1.572302
1.572302
1.572302
1.572302
1.574607
1.574607
1.574607
1.574607
1.574607
1.575597
1.575597
1.575597
1.575597
1.575597
1.575617
1.575617
1.575617
1.575617
1.575617
1.574695
1.574695
1.574695
1.574695
1.574695
1.572443
1.572443
1.572443
1.572443
1.572443
1.572328
1.572328
1.572328
1.572328
1.572328
1.574503
1.574503
1.574503
1.574503
1.574503
1.575536
1.575536
1.575536
1.575536
1.575536
1.575583
1.575583
1.575583
1.575583
1.575583
1.574636
1.574636
1.574636
1.574636
1.574636
1.572351
1.572351
1.572351
1.572351
1.572351
1.572315
1.572315
1.572315
1.572315
1.572315
1.574568
1.574568
1.574568
1.574568
1.574568
1.575563
1.575563
1.575563
1.575563
1.575563
1.575563
1.575563
1.575563
1.575563
1.575563
1.574568
1.574568
1.574568
1.574568
1.574568
1.572315
1.572315
1.572315
1.572315
1.572315
1.572351
1.572351
1.572351
1.572351
1.572351
1.574636
1.574636
1.574636
1.574636
1.574636
1.575583
1.575583
1.575583
1.575583
1.575583
1.575536
1.575536
1.575536
1.575536
1.575536
1.574502
1.574502
1.574502
1.574502
1.574502
1.572328
1.572328
1.572328
1.572328
1.572328
1.572443
1.572443
1.572443
1.572443
1.572443
1.574695
1.574695
1.574695
1.574695
1.574695
1.575618
1.575618
1.575618
1.575618
1.575618
1.575598
1.575598
1.575598
1.575598
1.575598
1.574608
1.574608
1.574608
1.574608
1.574608
1.572304
1.572304
1.572304
1.572304
1.572304
1.572312
1.572312
1.572312
1.572312
1.572312
1.574594
1.574594
1.574594
1.574594
1.574594
1.575534
1.575534
1.575534
1.575534
1.575534
1.575432
1.575432
1.575432
1.575432
1.575432
1.574072
1.574072
1.574072
1.574072
1.574072
1.570984
1.570984
1.570984
1.570984
1.570984
1.569812
1.569812
1.569812
1.569812
1.569812
1.56958
1.56958
1.56958
1.56958
1.56958
1.570761
1.570761
1.570761
1.570761
1.570761
1.573879
1.573879
1.573879
1.573879
1.573879
1.575282
1.575282
1.575282
1.575282
1.575282
1.575407
1.575407
1.575407
1.575407
1.575407
1.574472
1.574472
1.574472
1.574472
1.574472
1.572198
1.572198
1.572198
1.572198
1.572198
1.572154
1.572154
1.572154
1.572154
1.572154
1.57442
1.57442
1.57442
1.57442
1.57442
1.575452
1.575452
1.575452
1.575452
1.575452
1.575489
1.575489
1.575489
1.575489
1.575489
1.574558
1.574558
1.574558
1.574558
1.574558
1.572294
1.572294
1.572294
1.572294
1.572294
1.57218
1.57218
1.57218
1.57218
1.57218
1.574353
1.574353
1.574353
1.574353
1.574353
1.575398
1.575398
1.575398
1.575398
1.575398
1.575453
1.575453
1.575453
1.575453
1.575453
1.574502
1.574502
1.574502
1.574502
1.574502
1.572219
1.572219
1.572219
1.572219
1.572219
1.57216
1.57216
1.57216
1.57216
1.57216
1.574395
1.574395
1.574395
1.574395
1.574395
1.575414
1.575414
1.575414
1.575414
1.575414
1.575415
1.575415
1.575415
1.575415
1.575415
1.574395
1.574395
1.574395
1.574395
1.574395
1.57216
1.57216
1.57216
1.57216
1.57216
1.572218
1.572218
1.572218
1.572218
1.572218
1.5745
1.5745
1.5745
1.5745
1.5745
1.57545
1.57545
1.57545
1.57545
1.57545
1.575397
1.575397
1.575397
1.575397
1.575397
1.574352
1.574352
1.574352
1.574352
1.574352
1.57218
1.57218
1.57218
1.57218
1.57218
1.572294
1.572294
1.572294
1.572294
1.572294
1.574557
1.574557
1.574557
1.574557
1.574557
1.575489
1.575489
1.575489
1.575489
1.575489
1.575453
1.575453
1.575453
1.575453
1.575453
1.574423
1.574423
1.574423
1.574423
1.574423
1.572155
1.572155
1.572155
1.572155
1.572155
1.572197
1.572197
1.572197
1.572197
1.572197
1.574471
1.574471
1.574471
1.574471
1.574471
1.575408
1.575408
1.575408
1.575408
1.575408
1.575285
1.575285
1.575285
1.575285
1.575285
1.573884
1.573884
1.573884
1.573884
1.573884
1.570766
1.570766
1.570766
1.570766
1.570766
1.569584
1.569584
1.569584
1.569584
1.569584
1.569374
1.569374
1.569374
1.569374
1.569374
1.570567
1.570567
1.570567
1.570567
1.570567
1.57372
1.57372
1.57372
1.57372
1.57372
1.575147
1.575147
1.575147
1.575147
1.575147
1.575288
1.575288
1.575288
1.575288
1.575288
1.574363
1.574363
1.574363
1.574363
1.574363
1.572113
1.572113
1.572113
1.572113
1.572113
1.572024
1.572024
1.572024
1.572024
1.572024
1.574246
1.574246
1.574246
1.574246
1.574246
1.575303
1.575303
1.575303
1.575303
1.575303
1.575358
1.575358
1.575358
1.575358
1.575358
1.574422
1.574422
1.574422
1.574422
1.574422
1.572147
1.572147
1.572147
1.572147
1.572147
1.572043
1.572043
1.572043
1.572043
1.572043
1.574228
1.574228
1.574228
1.574228
1.574228
1.575274
1.575274
1.575274
1.575274
1.575274
1.575333
1.575333
1.575333
1.575333
1.575333
1.574382
1.574382
1.574382
1.574382
1.574382
1.572106
1.572106
1.572106
1.572106
1.572106
1.572029
1.572029
1.572029
1.572029
1.572029
1.574247
1.574247
1.574247
1.574247
1.574247
1.575281
1.575281
1.575281
1.575281
1.575281
1.575281
1.575281
1.575281
1.575281
1.575281
1.574248
1.574248
1.574248
1.574248
1.574248
1.572029
1.572029
1.572029
1.572029
1.572029
1.572107
1.572107
1.572107
1.572107
1.572107
1.574381
1.574381
1.574381
1.574381
1.574381
1.575333
1.575333
1.575333
1.575333
1.575333
1.575275
1.575275
1.575275
1.575275
1.575275
1.574227
1.574227
1.574227
1.574227
1.574227
1.572045
1.572045
1.572045
1.572045
1.572045
1.57215
1.57215
1.57215
1.57215
1.57215
1.574424
1.574424
1.574424
1.574424
1.574424
1.57536
1.57536
1.57536
1.57536
1.57536
1.575302
1.575302
1.575302
1.575302
1.575302
1.574246
1.574246
1.574246
1.574246
1.574246
1.572024
1.572024
1.572024
1.572024
1.572024
1.57211
1.57211
1.57211
1.57211
1.57211
1.57436
1.57436
1.57436
1.57436
1.57436
1.575284
1.575284
1.575284
1.575284
1.575284
1.575141
1.575141
1.575141
1.575141
1.575141
1.573717
1.573717
1.573717
1.573717
1.573717
1.570566
1.570566
1.570566
1.570566
1.570566
1.569373
1.569373
1.569373
1.569373
1.569373
1.569181
1.569181
1.569181
1.569181
1.569181
1.570379
1.570379
1.570379
1.570379
1.570379
1.573541
1.573541
1.573541
1.573541
1.573541
1.575004
1.575004
1.575004
1.575004
1.575004
1.575168
1.575168
1.575168
1.575168
1.575168
1.574263
1.574263
1.574263
1.574263
1.574263
1.57204
1.57204
1.57204
1.57204
1.57204
1.57191
1.57191
1.57191
1.57191
1.57191
1.57407
1.57407
1.57407
1.57407
1.57407
1.575154
1.575154
1.575154
1.575154
1.575154
1.575232
1.575232
1.575232
1.575232
1.575232
1.574293
1.574293
1.574293
1.574293
1.574293
1.572008
1.572008
1.572008
1.572008
1.572008
1.571918
1.571918
1.571918
1.571918
1.571918
1.5741
1.5741
1.5741
1.5741
1.5741
1.575151
1.575151
1.575151
1.575151
1.575151
1.575213
1.575213
1.575213
1.575213
1.575213
1.574261
1.574261
1.574261
1.574261
1.574261
1.571989
1.571989
1.571989
1.571989
1.571989
1.571906
1.571906
1.571906
1.571906
1.571906
1.574099
1.574099
1.574099
1.574099
1.574099
1.575144
1.575144
1.575144
1.575144
1.575144
1.575144
1.575144
1.575144
1.575144
1.575144
1.574099
1.574099
1.574099
1.574099
1.574099
1.571907
1.571907
1.571907
1.571907
1.571907
1.571988
1.571988
1.571988
1.571988
1.571988
1.574259
1.574259
1.574259
1.574259
1.574259
1.575212
1.575212
1.575212
1.575212
1.575212
1.57515
1.57515
1.57515
1.57515
1.57515
1.574101
1.574101
1.574101
1.574101
1.574101
1.571918
1.571918
1.571918
1.571918
1.571918
1.572008
1.572008
1.572008
1.572008
1.572008
1.574292
1.574292
1.574292
1.574292
1.574292
1.575231
1.575231
1.575231
1.575231
1.575231
1.575157
1.575157
1.575157
1.575157
1.575157
1.574074
1.574074
1.574074
1.574074
1.574074
1.571912
1.571912
1.571912
1.571912
1.571912
1.572041
1.572041
1.572041
1.572041
1.572041
1.574264
1.574264
1.574264
1.574264
1.574264
1.575173
1.575173
1.575173
1.575173
1.575173
1.575012
1.575012
1.575012
1.575012
1.575012
1.573549
1.573549
1.573549
1.573549
1.573549
1.570385
1.570385
1.570385
1.570385
1.570385
1.569186
1.569186
1.569186
1.569186
1.569186
1.569009
1.569009
1.569009
1.569009
1.569009
1.570208
1.570208
1.570208
1.570208
1.570208
1.573371
1.573371
1.573371
1.573371
1.573371
1.574877
1.574877
1.574877
1.574877
1.574877
1.575069
1.575069
1.575069
1.575069
1.575069
1.574178
1.574178
1.574178
1.574178
1.574178
1.571977
1.571977
1.571977
1.571977
1.571977
1.571815
1.571815
1.571815
1.571815
1.571815
1.573917
1.573917
1.573917
1.573917
1.573917
1.575025
1.575025
1.575025
1.575025
1.575025
1.575117
1.575117
1.575117
1.575117
1.575117
1.574177
1.574177
1.574177
1.574177
1.574177
1.571894
1.571894
1.571894
1.571894
1.571894
1.571805
1.571805
1.571805
1.571805
1.571805
1.573972
1.573972
1.573972
1.573972
1.573972
1.57503
1.57503
1.57503
1.57503
1.57503
1.575095
1.575095
1.575095
1.575095
1.575095
1.574138
1.574138
1.574138
1.574138
1.574138
1.571858
1.571858
1.571858
1.571858
1.571858
1.571789
1.571789
1.571789
1.571789
1.571789
1.573978
1.573978
1.573978
1.573978
1.573978
1.575021
1.575021
1.575021
1.575021
1.575021
1.575021
1.575021
1.575021
1.575021
1.575021
1.573978
1.573978
1.573978
1.573978
1.573978
1.571789
1.571789
1.571789
1.571789
1.571789
1.571858
1.571858
1.571858
1.571858
1.571858
1.57414
1.57414
1.57414
1.57414
1.57414
1.575097
1.575097
1.575097
1.575097
1.575097
1.57503
1.57503
1.57503
1.57503
1.57503
1.573972
1.573972
1.573972
1.573972
1.573972
1.571805
1.571805
1.571805
1.571805
1.571805
1.571895
1.571895
1.571895
1.571895
1.571895
1.574177
1.574177
1.574177
1.574177
1.574177
1.575118
1.575118
1.575118
1.575118
1.575118
1.575027
1.575027
1.575027
1.575027
1.575027
1.573919
1.573919
1.573919
1.573919
1.573919
1.571816
1.571816
1.571816
1.571816
1.571816
1.571977
1.571977
1.571977
1.571977
1.571977
1.574177
1.574177
1.574177
1.574177
1.574177
1.57507
1.57507
1.57507
1.57507
1.57507
1.574881
1.574881
1.574881
1.574881
1.574881
1.573375
1.573375
1.573375
1.573375
1.573375
1.570212
1.570212
1.570212
1.570212
1.570212
1.569012
1.569012
1.569012
1.569012
1.569012
1.568843
1.568843
1.568843
1.568843
1.568843
1.570028
1.570028
1.570028
1.570028
1.570028
1.573146
1.573146
1.573146
1.573146
1.573146
1.574721
1.574721
1.574721
1.574721
1.574721
1.574953
1.574953
1.574953
1.574953
1.574953
1.574078
1.574078
1.574078
1.574078
1.574078
1.571896
1.571896
1.571896
1.571896
1.571896
1.571718
1.571718
1.571718
1.571718
1.571718
1.573748
1.573748
1.573748
1.573748
1.573748
1.574883
1.574883
1.574883
1.574883
1.574883
1.574997
1.574997
1.574997
1.574997
1.574997
1.574052
1.574052
1.574052
1.574052
1.574052
1.571775
1.571775
1.571775
1.571775
1.571775
1.571694
1.571694
1.571694
1.571694
1.571694
1.573828
1.573828
1.573828
1.573828
1.573828
1.574905
1.574905
1.574905
1.574905
1.574905
1.574976
1.574976
1.574976
1.574976
1.574976
1.574001
1.574001
1.574001
1.574001
1.574001
1.571731
1.571731
1.571731
1.571731
1.571731
1.571679
1.571679
1.571679
1.571679
1.571679
1.57386
1.57386
1.57386
1.57386
1.57386
1.574908
1.574908
1.574908
1.574908
1.574908
1.574908
1.574908
1.574908
1.574908
1.574908
1.57386
1.57386
1.57386
1.57386
1.57386
1.57168
1.57168
1.57168
1.57168
1.57168
1.571732
1.571732
1.571732
1.571732
1.571732
1.574001
1.574001
1.574001
1.574001
1.574001
1.574976
1.574976
1.574976
1.574976
1.574976
1.574905
1.574905
1.574905
1.574905
1.574905
1.573829
1.573829
1.573829
1.573829
1.573829
1.571694
1.571694
1.571694
1.571694
1.571694
1.571775
1.571775
1.571775
1.571775
1.571775
1.574052
1.574052
1.574052
1.574052
1.574052
1.574997
1.574997
1.574997
1.574997
1.574997
1.574884
1.574884
1.574884
1.574884
1.574884
1.573749
1.573749
1.573749
1.573749
1.573749
1.571719
1.571719
1.571719
1.571719
1.571719
1.571897
1.571897
1.571897
1.571897
1.571897
1.574077
1.574077
1.574077
1.574077
1.574077
1.574954
1.574954
1.574954
1.574954
1.574954
1.574724
1.574724
1.574724
1.574724
1.574724
1.57315
1.57315
1.57315
1.57315
1.57315
1.570032
1.570032
1.570032
1.570032
1.570032
1.568846
1.568846
1.568846
1.568846
1.568846
1.568672
1.568672
1.568672
1.568672
1.568672
1.569808
1.569808
1.569808
1.569808
1.569808
1.572793
1.572793
1.572793
1.572793
1.572793
1.574513
1.574513
1.574513
1.574513
1.574513
1.574823
1.574823
1.574823
1.574823
1.574823
1.573954
1.573954
1.573954
1.573954
1.573954
1.571757
1.571757
1.571757
1.571757
1.571757
1.571609
1.571609
1.571609
1.571609
1.571609
1.573555
1.573555
1.573555
1.573555
1.573555
1.57473
1.57473
1.57473
1.57473
1.57473
1.574862
1.574862
1.574862
1.574862
1.574862
1.57388
1.57388
1.57388
1.57388
1.57388
1.571645
1.571645
1.571645
1.571645
1.571645
1.571577
1.571577
1.571577
1.571577
1.571577
1.573649
1.573649
1.573649
1.573649
1.573649
1.574765
1.574765
1.574765
1.574765
1.574765
1.574836
1.574836
1.574836
1.574836
1.574836
1.573812
1.573812
1.573812
1.573812
1.573812
1.571603
1.571603
1.571603
1.571603
1.571603
1.571563
1.571563
1.571563
1.571563
1.571563
1.573689
1.573689
1.573689
1.573689
1.573689
1.57477
1.57477
1.57477
1.57477
1.57477
1.57477
1.57477
1.57477
1.57477
1.57477
1.573689
1.573689
1.573689
1.573689
1.573689
1.571563
1.571563
1.571563
1.571563
1.571563
1.571603
1.571603
1.571603
1.571603
1.571603
1.573811
1.573811
1.573811
1.573811
1.573811
1.574834
1.574834
1.574834
1.574834
1.574834
1.574765
1.574765
1.574765
1.574765
1.574765
1.57365
1.57365
1.57365
1.57365
1.57365
1.571578
1.571578
1.571578
1.571578
1.571578
1.571644
1.571644
1.571644
1.571644
1.571644
1.573879
1.573879
1.573879
1.573879
1.573879
1.574862
1.574862
1.574862
1.574862
1.574862
1.574731
1.574731
1.574731
1.574731
1.574731
1.573556
1.573556
1.573556
1.573556
1.573556
1.57161
1.57161
1.57161
1.57161
1.57161
1.571758
1.571758
1.571758
1.571758
1.571758
1.573954
1.573954
1.573954
1.573954
1.573954
1.574824
1.574824
1.574824
1.574824
1.574824
1.574516
1.574516
1.574516
1.574516
1.574516
1.572798
1.572798
1.572798
1.572798
1.572798
1.569812
1.569812
1.569812
1.569812
1.569812
1.568675
1.568675
1.568675
1.568675
1.568675
1.568482
1.568482
1.568482
1.568482
1.568482
1.56957
1.56957
1.56957
1.56957
1.56957
1.572448
1.572448
1.572448
1.572448
1.572448
1.574294
1.574294
1.574294
1.574294
1.574294
1.574674
1.574674
1.574674
1.574674
1.574674
1.573808
1.573808
1.573808
1.573808
1.573808
1.571625
1.571625
1.571625
1.571625
1.571625
1.571482
1.571482
1.571482
1.571482
1.571482
1.573353
1.573353
1.573353
1.573353
1.573353
1.574569
1.574569
1.574569
1.574569
1.574569
1.574716
1.574716
1.574716
1.574716
1.574716
1.573693
1.573693
1.573693
1.573693
1.573693
1.571505
1.571505
1.571505
1.571505
1.571505
1.571447
1.571447
1.571447
1.571447
1.571447
1.573465
1.573465
1.573465
1.573465
1.573465
1.574622
1.574622
1.574622
1.574622
1.574622
1.574691
1.574691
1.574691
1.574691
1.574691
1.573616
1.573616
1.573616
1.573616
1.573616
1.571471
1.571471
1.571471
1.571471
1.571471
1.57144
1.57144
1.57144
1.57144
1.57144
1.573516
1.573516
1.573516
1.573516
1.573516
1.574635
1.574635
1.574635
1.574635
1.574635
1.574635
1.574635
1.574635
1.574635
1.574635
1.573517
1.573517
1.573517
1.573517
1.573517
1.57144
1.57144
1.57144
1.57144
1.57144
1.571471
1.571471
1.571471
1.571471
1.571471
1.573617
1.573617
1.573617
1.573617
1.573617
1.574692
1.574692
1.574692
1.574692
1.574692
1.574623
1.574623
1.574623
1.574623
1.574623
1.573466
1.573466
1.573466
1.573466
1.573466
1.571449
1.571449
1.571449
1.571449
1.571449
1.571506
1.571506
1.571506
1.571506
1.571506
1.573693
1.573693
1.573693
1.573693
1.573693
1.574717
1.574717
1.574717
1.574717
1.574717
1.574567
1.574567
1.574567
1.574567
1.574567
1.573351
1.573351
1.573351
1.573351
1.573351
1.571481
1.571481
1.571481
1.571481
1.571481
1.571624
1.571624
1.571624
1.571624
1.571624
1.573806
1.573806
1.573806
1.573806
1.573806
1.57467
1.57467
1.57467
1.57467
1.57467
1.57429
1.57429
1.57429
1.57429
1.57429
1.572447
1.572447
1.572447
1.572447
1.572447
1.569569
1.569569
1.569569
1.569569
1.569569
1.568482
1.568482
1.568482
1.568482
1.568482
1.568209
1.568209
1.568209
1.568209
1.568209
1.569095
1.569095
1.569095
1.569095
1.569095
1.571424
1.571424
1.571424
1.571424
1.571424
1.57371
1.57371
1.57371
1.57371
1.57371
1.574286
1.574286
1.574286
1.574286
1.574286
1.573228
1.573228
1.573228
1.573228
1.573228
1.571384
1.571384
1.571384
1.571384
1.571384
1.571261
1.571261
1.571261
1.571261
1.571261
1.572775
1.572775
1.572775
1.572775
1.572775
1.574217
1.574217
1.574217
1.574217
1.574217
1.574366
1.574366
1.574366
1.574366
1.574366
1.57308
1.57308
1.57308
1.57308
1.57308
1.571285
1.571285
1.571285
1.571285
1.571285
1.571235
1.571235
1.571235
1.571235
1.571235
1.572892
1.572892
1.572892
1.572892
1.572892
1.574283
1.574283
1.574283
1.574283
1.574283
1.574343
1.574343
1.574343
1.574343
1.574343
1.573007
1.573007
1.573007
1.573007
1.573007
1.571253
1.571253
1.571253
1.571253
1.571253
1.57123
1.57123
1.57123
1.57123
1.57123
1.57294
1.57294
1.57294
1.57294
1.57294
1.574297
1.574297
1.574297
1.574297
1.574297
1.574297
1.574297
1.574297
1.574297
1.574297
1.572941
1.572941
1.572941
1.572941
1.572941
1.57123
1.57123
1.57123
1.57123
1.57123
1.571253
1.571253
1.571253
1.571253
1.571253
1.573006
1.573006
1.573006
1.573006
1.573006
1.574342
1.574342
1.574342
1.574342
1.574342
1.574283
1.574283
1.574283
1.574283
1.574283
1.572893
1.572893
1.572893
1.572893
1.572893
1.571234
1.571234
1.571234
1.571234
1.571234
1.571284
1.571284
1.571284
1.571284
1.571284
1.573079
1.573079
1.573079
1.573079
1.573079
1.574365
1.574365
1.574365
1.574365
1.574365
1.57422
1.57422
1.57422
1.57422
1.57422
1.572778
1.572778
1.572778
1.572778
1.572778
1.571263
1.571263
1.571263
1.571263
1.571263
1.571386
1.571386
1.571386
1.571386
1.571386
1.57323
1.57323
1.57323
1.57323
1.57323
1.574291
1.574291
1.574291
1.574291
1.574291
1.573719
1.573719
1.573719
1.573719
1.573719
1.571432
1.571432
1.571432
1.571432
1.571432
1.569101
1.569101
1.569101
1.569101
1.569101
1.568215
1.568215
1.568215
1.568215
1.568215
1.56778
1.56778
1.56778
1.56778
1.56778
1.568374
1.568374
1.568374
1.568374
1.568374
1.569963
1.569963
1.569963
1.569963
1.569963
1.572337
1.572337
1.572337
1.572337
1.572337
1.573305
1.573305
1.573305
1.573305
1.573305
1.572174
1.572174
1.572174
1.572174
1.572174
1.570927
1.570927
1.570927
1.570927
1.570927
1.570829
1.570829
1.570829
1.570829
1.570829
1.571859
1.571859
1.571859
1.571859
1.571859
1.573309
1.573309
1.573309
1.573309
1.573309
1.573446
1.573446
1.573446
1.573446
1.573446
1.572064
1.572064
1.572064
1.572064
1.572064
1.570848
1.570848
1.570848
1.570848
1.570848
1.570808
1.570808
1.570808
1.570808
1.570808
1.571941
1.571941
1.571941
1.571941
1.571941
1.573378
1.573378
1.573378
1.573378
1.573378
1.573421
1.573421
1.573421
1.573421
1.573421
1.572004
1.572004
1.572004
1.572004
1.572004
1.570816
1.570816
1.570816
1.570816
1.570816
1.570802
1.570802
1.570802
1.570802
1.570802
1.571972
1.571972
1.571972
1.571972
1.571972
1.573396
1.573396
1.573396
1.573396
1.573396
1.573396
1.573396
1.573396
1.573396
1.573396
1.571972
1.571972
1.571972
1.571972
1.571972
1.570802
1.570802
1.570802
1.570802
1.570802
1.570816
1.570816
1.570816
1.570816
1.570816
1.572005
1.572005
1.572005
1.572005
1.572005
1.573424
1.573424
1.573424
1.573424
1.573424
1.573379
1.573379
1.573379
1.573379
1.573379
1.571942
1.571942
1.571942
1.571942
1.571942
1.570808
1.570808
1.570808
1.570808
1.570808
1.570848
1.570848
1.570848
1.570848
1.570848
1.572064
1.572064
1.572064
1.572064
1.572064
1.573446
1.573446
1.573446
1.573446
1.573446
1.57331
1.57331
1.57331
1.57331
1.57331
1.57186
1.57186
1.57186
1.57186
1.57186
1.570831
1.570831
1.570831
1.570831
1.570831
1.570928
1.570928
1.570928
1.570928
1.570928
1.572175
1.572175
1.572175
1.572175
1.572175
1.573307
1.573307
1.573307
1.573307
1.573307
1.572341
1.572341
1.572341
1.572341
1.572341
1.569967
1.569967
1.569967
1.569967
1.569967
1.568378
1.568378
1.568378
1.568378
1.568378
1.567784
1.567784
1.567784
1.567784
1.567784
)
;

boundaryField
{
    electrolyteSides
    {
        type            zeroGradient;
    }
    electrolyte_to_fuel
    {
        type            zeroGradient;
    }
    electrolyte_to_air
    {
        type            zeroGradient;
    }
}


// ************************************************************************* //
