/*--------------------------------*- C++ -*----------------------------------*\
| =========                 |                                                 |
| \\      /  F ield         | OpenFOAM: The Open Source CFD Toolbox           |
|  \\    /   O peration     | Version:  4.0                                   |
|   \\  /    A nd           | Web:      www.OpenFOAM.org                      |
|    \\/     M anipulation  |                                                 |
\*---------------------------------------------------------------------------*/
FoamFile
{
    version     2.0;
    format      ascii;
    class       volScalarField;
    location    "60/electrolyte";
    object      T;
}
// * * * * * * * * * * * * * * * * * * * * * * * * * * * * * * * * * * * * * //

dimensions      [0 0 0 1 0 0 0];

internalField   nonuniform List<scalar> 
4840
(
353.0104
353.0105
353.0106
353.0106
353.0104
353.01
353.0102
353.0102
353.0102
353.01
353.0087
353.0087
353.0087
353.0086
353.0084
353.0074
353.0074
353.0073
353.0072
353.007
353.0068
353.0069
353.0068
353.0067
353.0064
353.0074
353.0074
353.0074
353.0073
353.007
353.0089
353.009
353.0091
353.009
353.0089
353.0089
353.009
353.009
353.009
353.0089
353.0073
353.0074
353.0073
353.0072
353.007
353.0062
353.0063
353.0062
353.0061
353.0059
353.0062
353.0062
353.0062
353.006
353.0058
353.007
353.0071
353.0071
353.007
353.0068
353.0086
353.0088
353.0088
353.0088
353.0087
353.0086
353.0088
353.0088
353.0088
353.0087
353.0071
353.0071
353.0071
353.007
353.0068
353.0061
353.0061
353.0061
353.0059
353.0057
353.0061
353.0061
353.0061
353.0059
353.0057
353.007
353.007
353.007
353.0069
353.0067
353.0086
353.0087
353.0087
353.0087
353.0086
353.0086
353.0087
353.0087
353.0087
353.0086
353.007
353.0071
353.007
353.0069
353.0067
353.006
353.0061
353.006
353.0059
353.0057
353.006
353.0061
353.006
353.0059
353.0057
353.007
353.0071
353.007
353.0069
353.0067
353.0086
353.0087
353.0087
353.0087
353.0086
353.0086
353.0087
353.0087
353.0087
353.0086
353.007
353.007
353.007
353.0069
353.0067
353.0061
353.0061
353.0061
353.0059
353.0057
353.0061
353.0061
353.0061
353.0059
353.0057
353.0071
353.0071
353.0071
353.007
353.0068
353.0086
353.0088
353.0088
353.0088
353.0087
353.0086
353.0088
353.0088
353.0088
353.0087
353.007
353.0071
353.0071
353.007
353.0068
353.0062
353.0062
353.0062
353.006
353.0058
353.0062
353.0063
353.0062
353.0061
353.0059
353.0073
353.0074
353.0073
353.0072
353.007
353.0089
353.009
353.009
353.009
353.0089
353.0089
353.009
353.0091
353.009
353.0089
353.0074
353.0074
353.0074
353.0073
353.007
353.0068
353.0069
353.0068
353.0067
353.0064
353.0074
353.0074
353.0073
353.0072
353.007
353.0087
353.0087
353.0087
353.0086
353.0084
353.01
353.0102
353.0102
353.0102
353.01
353.0104
353.0105
353.0106
353.0106
353.0104
353.0101
353.0102
353.0103
353.0102
353.0101
353.0091
353.0092
353.0092
353.0092
353.009
353.0069
353.007
353.007
353.007
353.0068
353.0061
353.0062
353.0063
353.0062
353.006
353.0061
353.0062
353.0062
353.0061
353.0059
353.0065
353.0066
353.0067
353.0066
353.0064
353.0084
353.0085
353.0086
353.0085
353.0084
353.0082
353.0084
353.0084
353.0083
353.0082
353.0062
353.0063
353.0063
353.0063
353.0061
353.0055
353.0056
353.0056
353.0056
353.0054
353.0055
353.0056
353.0056
353.0056
353.0054
353.0061
353.0062
353.0062
353.0062
353.006
353.0081
353.0082
353.0082
353.0082
353.008
353.008
353.0081
353.0082
353.0081
353.008
353.006
353.0062
353.0062
353.0061
353.006
353.0054
353.0055
353.0055
353.0055
353.0053
353.0054
353.0055
353.0055
353.0055
353.0053
353.006
353.0061
353.0062
353.0061
353.0059
353.0079
353.0081
353.0081
353.0081
353.0079
353.0079
353.0081
353.0081
353.0081
353.0079
353.006
353.0061
353.0062
353.0061
353.0059
353.0054
353.0055
353.0055
353.0054
353.0053
353.0054
353.0055
353.0055
353.0054
353.0053
353.006
353.0061
353.0062
353.0061
353.0059
353.0079
353.0081
353.0081
353.0081
353.0079
353.0079
353.0081
353.0081
353.0081
353.0079
353.006
353.0061
353.0062
353.0061
353.0059
353.0054
353.0055
353.0055
353.0055
353.0053
353.0054
353.0055
353.0055
353.0055
353.0053
353.006
353.0062
353.0062
353.0061
353.006
353.008
353.0081
353.0082
353.0081
353.008
353.0081
353.0082
353.0082
353.0082
353.008
353.0061
353.0062
353.0062
353.0062
353.006
353.0055
353.0056
353.0056
353.0056
353.0054
353.0055
353.0056
353.0056
353.0056
353.0054
353.0062
353.0063
353.0063
353.0063
353.0061
353.0082
353.0084
353.0084
353.0083
353.0082
353.0084
353.0085
353.0086
353.0085
353.0084
353.0065
353.0066
353.0067
353.0066
353.0064
353.0061
353.0062
353.0062
353.0061
353.0059
353.0061
353.0062
353.0063
353.0062
353.006
353.0069
353.007
353.007
353.007
353.0068
353.0091
353.0092
353.0092
353.0092
353.009
353.0101
353.0102
353.0103
353.0102
353.0101
353.0097
353.0099
353.0099
353.0099
353.0098
353.0083
353.0085
353.0086
353.0085
353.0084
353.0063
353.0064
353.0065
353.0065
353.0064
353.0058
353.006
353.006
353.006
353.0059
353.006
353.0062
353.0062
353.0062
353.0061
353.0066
353.0067
353.0068
353.0068
353.0067
353.0085
353.0086
353.0087
353.0087
353.0086
353.0081
353.0083
353.0083
353.0083
353.0082
353.0061
353.0063
353.0064
353.0063
353.0062
353.0056
353.0057
353.0058
353.0058
353.0056
353.0056
353.0058
353.0058
353.0058
353.0057
353.0062
353.0064
353.0064
353.0064
353.0063
353.0081
353.0083
353.0084
353.0083
353.0082
353.008
353.0082
353.0082
353.0082
353.0081
353.0061
353.0063
353.0063
353.0063
353.0062
353.0055
353.0057
353.0057
353.0057
353.0056
353.0055
353.0057
353.0057
353.0057
353.0056
353.0061
353.0063
353.0063
353.0063
353.0062
353.008
353.0082
353.0082
353.0082
353.0081
353.008
353.0081
353.0082
353.0082
353.0081
353.0061
353.0062
353.0063
353.0063
353.0062
353.0055
353.0057
353.0057
353.0057
353.0056
353.0055
353.0057
353.0057
353.0057
353.0056
353.0061
353.0062
353.0063
353.0063
353.0062
353.008
353.0081
353.0082
353.0082
353.0081
353.008
353.0082
353.0082
353.0082
353.0081
353.0061
353.0063
353.0063
353.0063
353.0062
353.0055
353.0057
353.0057
353.0057
353.0056
353.0055
353.0057
353.0057
353.0057
353.0056
353.0061
353.0063
353.0063
353.0063
353.0062
353.008
353.0082
353.0082
353.0082
353.0081
353.0081
353.0083
353.0084
353.0083
353.0082
353.0062
353.0064
353.0064
353.0064
353.0063
353.0056
353.0058
353.0058
353.0058
353.0057
353.0056
353.0057
353.0058
353.0058
353.0056
353.0061
353.0063
353.0064
353.0063
353.0062
353.0081
353.0083
353.0083
353.0083
353.0082
353.0085
353.0086
353.0087
353.0087
353.0086
353.0066
353.0067
353.0068
353.0068
353.0067
353.006
353.0062
353.0062
353.0062
353.0061
353.0058
353.006
353.006
353.006
353.0059
353.0063
353.0064
353.0065
353.0065
353.0064
353.0083
353.0085
353.0086
353.0085
353.0084
353.0097
353.0099
353.0099
353.0099
353.0098
353.0099
353.01
353.0101
353.0101
353.01
353.0085
353.0087
353.0088
353.0088
353.0087
353.0065
353.0067
353.0067
353.0067
353.0066
353.0061
353.0063
353.0064
353.0063
353.0062
353.0065
353.0066
353.0067
353.0067
353.0066
353.0071
353.0072
353.0073
353.0073
353.0072
353.0089
353.009
353.0091
353.0091
353.009
353.0086
353.0087
353.0088
353.0088
353.0087
353.0066
353.0068
353.0069
353.0069
353.0068
353.0061
353.0062
353.0063
353.0063
353.0062
353.0061
353.0063
353.0064
353.0064
353.0063
353.0068
353.0069
353.007
353.007
353.0069
353.0086
353.0088
353.0089
353.0088
353.0087
353.0085
353.0087
353.0087
353.0087
353.0086
353.0066
353.0068
353.0069
353.0069
353.0068
353.0061
353.0062
353.0063
353.0063
353.0062
353.0061
353.0062
353.0063
353.0063
353.0062
353.0067
353.0068
353.0069
353.0069
353.0068
353.0085
353.0087
353.0087
353.0087
353.0086
353.0085
353.0086
353.0087
353.0087
353.0086
353.0066
353.0068
353.0069
353.0069
353.0068
353.0061
353.0062
353.0063
353.0063
353.0062
353.0061
353.0062
353.0063
353.0063
353.0062
353.0066
353.0068
353.0069
353.0069
353.0068
353.0085
353.0086
353.0087
353.0087
353.0086
353.0085
353.0087
353.0087
353.0087
353.0086
353.0067
353.0068
353.0069
353.0069
353.0068
353.0061
353.0062
353.0063
353.0063
353.0062
353.0061
353.0062
353.0063
353.0063
353.0062
353.0066
353.0068
353.0069
353.0069
353.0068
353.0085
353.0087
353.0087
353.0087
353.0086
353.0086
353.0088
353.0089
353.0088
353.0087
353.0068
353.0069
353.007
353.007
353.0069
353.0061
353.0063
353.0064
353.0064
353.0063
353.0061
353.0062
353.0063
353.0063
353.0062
353.0066
353.0068
353.0069
353.0069
353.0068
353.0086
353.0087
353.0088
353.0088
353.0087
353.0089
353.009
353.0091
353.0091
353.009
353.0071
353.0072
353.0073
353.0073
353.0072
353.0065
353.0066
353.0067
353.0067
353.0066
353.0061
353.0063
353.0064
353.0063
353.0062
353.0065
353.0067
353.0067
353.0067
353.0066
353.0085
353.0087
353.0088
353.0088
353.0087
353.0099
353.01
353.0101
353.0101
353.01
353.0104
353.0105
353.0106
353.0106
353.0105
353.0092
353.0094
353.0094
353.0094
353.0093
353.0071
353.0073
353.0074
353.0074
353.0073
353.0067
353.0069
353.007
353.0069
353.0069
353.0071
353.0073
353.0074
353.0074
353.0073
353.0078
353.008
353.0081
353.0081
353.008
353.0094
353.0096
353.0097
353.0096
353.0095
353.0091
353.0093
353.0094
353.0094
353.0093
353.0073
353.0075
353.0076
353.0076
353.0075
353.0067
353.0069
353.007
353.007
353.0069
353.0069
353.007
353.0071
353.0071
353.007
353.0075
353.0077
353.0078
353.0078
353.0077
353.0092
353.0094
353.0094
353.0094
353.0093
353.0091
353.0093
353.0094
353.0093
353.0092
353.0074
353.0076
353.0077
353.0076
353.0075
353.0068
353.007
353.0071
353.007
353.0069
353.0068
353.007
353.0071
353.0071
353.007
353.0074
353.0076
353.0077
353.0077
353.0076
353.0091
353.0093
353.0093
353.0093
353.0092
353.0091
353.0092
353.0093
353.0093
353.0092
353.0074
353.0076
353.0077
353.0077
353.0076
353.0068
353.007
353.0071
353.0071
353.007
353.0068
353.007
353.0071
353.0071
353.007
353.0074
353.0076
353.0077
353.0077
353.0076
353.0091
353.0092
353.0093
353.0093
353.0092
353.0091
353.0093
353.0093
353.0093
353.0092
353.0074
353.0076
353.0077
353.0077
353.0076
353.0068
353.007
353.0071
353.0071
353.007
353.0068
353.007
353.0071
353.007
353.0069
353.0074
353.0076
353.0077
353.0076
353.0075
353.0091
353.0093
353.0094
353.0093
353.0092
353.0092
353.0094
353.0094
353.0094
353.0093
353.0075
353.0077
353.0078
353.0078
353.0077
353.0069
353.007
353.0071
353.0071
353.007
353.0067
353.0069
353.007
353.007
353.0069
353.0073
353.0075
353.0076
353.0076
353.0075
353.0091
353.0093
353.0094
353.0094
353.0093
353.0094
353.0096
353.0097
353.0096
353.0095
353.0078
353.008
353.0081
353.0081
353.008
353.0071
353.0073
353.0074
353.0074
353.0073
353.0067
353.0069
353.007
353.0069
353.0069
353.0071
353.0073
353.0074
353.0074
353.0073
353.0092
353.0093
353.0094
353.0094
353.0093
353.0104
353.0105
353.0106
353.0106
353.0105
353.0109
353.011
353.0111
353.0111
353.0109
353.0099
353.01
353.0101
353.0101
353.01
353.0079
353.008
353.0081
353.0081
353.008
353.0075
353.0076
353.0077
353.0077
353.0076
353.0079
353.0081
353.0082
353.0082
353.0081
353.0086
353.0088
353.0089
353.0089
353.0088
353.01
353.0102
353.0102
353.0102
353.0101
353.0097
353.0099
353.01
353.01
353.0099
353.0081
353.0083
353.0084
353.0084
353.0083
353.0075
353.0077
353.0078
353.0078
353.0077
353.0077
353.0079
353.0079
353.0079
353.0078
353.0083
353.0085
353.0086
353.0086
353.0085
353.0098
353.01
353.01
353.01
353.0099
353.0098
353.0099
353.01
353.01
353.0099
353.0082
353.0084
353.0085
353.0085
353.0084
353.0076
353.0078
353.0079
353.0079
353.0078
353.0076
353.0078
353.0079
353.0079
353.0078
353.0083
353.0084
353.0085
353.0085
353.0084
353.0097
353.0099
353.0099
353.0099
353.0098
353.0097
353.0099
353.0099
353.0099
353.0098
353.0082
353.0084
353.0085
353.0085
353.0084
353.0076
353.0078
353.0079
353.0079
353.0078
353.0076
353.0078
353.0079
353.0079
353.0078
353.0082
353.0084
353.0085
353.0085
353.0084
353.0097
353.0099
353.0099
353.0099
353.0098
353.0097
353.0099
353.0099
353.0099
353.0098
353.0083
353.0084
353.0085
353.0085
353.0084
353.0076
353.0078
353.0079
353.0079
353.0078
353.0076
353.0078
353.0079
353.0079
353.0078
353.0082
353.0084
353.0085
353.0085
353.0084
353.0098
353.0099
353.01
353.01
353.0099
353.0098
353.01
353.01
353.01
353.0099
353.0083
353.0085
353.0086
353.0086
353.0085
353.0077
353.0079
353.0079
353.0079
353.0078
353.0075
353.0077
353.0078
353.0078
353.0077
353.0081
353.0083
353.0084
353.0084
353.0083
353.0097
353.0099
353.01
353.01
353.0099
353.01
353.0102
353.0102
353.0102
353.0101
353.0086
353.0088
353.0089
353.0089
353.0088
353.0079
353.0081
353.0082
353.0082
353.0081
353.0075
353.0076
353.0077
353.0077
353.0076
353.0079
353.008
353.0081
353.0081
353.008
353.0099
353.01
353.0101
353.0101
353.01
353.0109
353.011
353.0111
353.0111
353.0109
353.0113
353.0115
353.0116
353.0115
353.0114
353.0105
353.0107
353.0108
353.0108
353.0107
353.0087
353.0089
353.009
353.009
353.0089
353.0083
353.0085
353.0086
353.0086
353.0085
353.0088
353.0089
353.009
353.009
353.0089
353.0095
353.0096
353.0097
353.0097
353.0096
353.0106
353.0107
353.0108
353.0108
353.0107
353.0104
353.0105
353.0106
353.0106
353.0105
353.0089
353.0091
353.0092
353.0092
353.0091
353.0084
353.0086
353.0087
353.0087
353.0086
353.0085
353.0087
353.0088
353.0088
353.0087
353.0092
353.0093
353.0094
353.0094
353.0093
353.0104
353.0105
353.0106
353.0106
353.0105
353.0104
353.0105
353.0106
353.0106
353.0105
353.0091
353.0093
353.0093
353.0093
353.0092
353.0085
353.0087
353.0087
353.0087
353.0086
353.0085
353.0087
353.0088
353.0087
353.0086
353.0091
353.0092
353.0093
353.0093
353.0092
353.0103
353.0104
353.0105
353.0105
353.0104
353.0103
353.0105
353.0105
353.0105
353.0104
353.0091
353.0093
353.0093
353.0093
353.0092
353.0085
353.0087
353.0088
353.0088
353.0087
353.0085
353.0087
353.0088
353.0088
353.0087
353.0091
353.0093
353.0093
353.0093
353.0092
353.0103
353.0105
353.0105
353.0105
353.0104
353.0103
353.0104
353.0105
353.0105
353.0104
353.0091
353.0092
353.0093
353.0093
353.0092
353.0085
353.0087
353.0088
353.0087
353.0086
353.0085
353.0087
353.0087
353.0087
353.0086
353.0091
353.0093
353.0093
353.0093
353.0092
353.0104
353.0105
353.0106
353.0106
353.0105
353.0104
353.0105
353.0106
353.0106
353.0105
353.0092
353.0093
353.0094
353.0094
353.0093
353.0085
353.0087
353.0088
353.0088
353.0087
353.0084
353.0086
353.0087
353.0087
353.0086
353.0089
353.0091
353.0092
353.0092
353.0091
353.0104
353.0105
353.0106
353.0106
353.0105
353.0106
353.0107
353.0108
353.0108
353.0107
353.0095
353.0096
353.0097
353.0097
353.0096
353.0088
353.0089
353.009
353.009
353.0089
353.0083
353.0085
353.0086
353.0086
353.0085
353.0087
353.0089
353.009
353.009
353.0089
353.0105
353.0107
353.0108
353.0108
353.0107
353.0113
353.0115
353.0116
353.0115
353.0114
353.0118
353.012
353.0121
353.012
353.0119
353.0112
353.0114
353.0114
353.0114
353.0113
353.0097
353.0098
353.0099
353.0099
353.0098
353.0092
353.0094
353.0095
353.0095
353.0094
353.0096
353.0098
353.0099
353.0098
353.0097
353.0103
353.0104
353.0105
353.0105
353.0104
353.0111
353.0113
353.0114
353.0113
353.0112
353.011
353.0111
353.0112
353.0112
353.0111
353.0098
353.0099
353.01
353.01
353.0099
353.0093
353.0095
353.0095
353.0095
353.0094
353.0094
353.0096
353.0097
353.0096
353.0095
353.01
353.0101
353.0102
353.0102
353.0101
353.011
353.0111
353.0112
353.0112
353.011
353.0109
353.0111
353.0112
353.0111
353.011
353.0099
353.0101
353.0101
353.0101
353.01
353.0094
353.0095
353.0096
353.0096
353.0095
353.0094
353.0095
353.0096
353.0096
353.0095
353.0099
353.01
353.0101
353.0101
353.01
353.0109
353.011
353.0111
353.0111
353.011
353.0109
353.011
353.0111
353.0111
353.011
353.0099
353.0101
353.0101
353.0101
353.01
353.0094
353.0095
353.0096
353.0096
353.0095
353.0094
353.0095
353.0096
353.0096
353.0095
353.0099
353.0101
353.0101
353.0101
353.01
353.0109
353.011
353.0111
353.0111
353.011
353.0109
353.011
353.0111
353.0111
353.011
353.0099
353.01
353.0101
353.0101
353.01
353.0094
353.0095
353.0096
353.0096
353.0095
353.0094
353.0095
353.0096
353.0096
353.0095
353.0099
353.0101
353.0101
353.0101
353.01
353.0109
353.0111
353.0112
353.0111
353.011
353.011
353.0111
353.0112
353.0112
353.011
353.01
353.0101
353.0102
353.0102
353.0101
353.0094
353.0096
353.0097
353.0096
353.0095
353.0093
353.0095
353.0095
353.0095
353.0094
353.0098
353.0099
353.01
353.01
353.0099
353.011
353.0111
353.0112
353.0112
353.0111
353.0111
353.0113
353.0114
353.0113
353.0112
353.0103
353.0104
353.0105
353.0105
353.0104
353.0096
353.0098
353.0099
353.0098
353.0097
353.0092
353.0094
353.0095
353.0095
353.0094
353.0097
353.0098
353.0099
353.0099
353.0098
353.0112
353.0114
353.0114
353.0114
353.0113
353.0118
353.012
353.0121
353.012
353.0119
353.0123
353.0125
353.0125
353.0125
353.0124
353.0118
353.012
353.012
353.012
353.0119
353.0106
353.0107
353.0108
353.0108
353.0107
353.0101
353.0103
353.0104
353.0104
353.0103
353.0105
353.0106
353.0107
353.0107
353.0106
353.011
353.0112
353.0113
353.0112
353.0111
353.0117
353.0118
353.0119
353.0119
353.0118
353.0115
353.0117
353.0118
353.0117
353.0116
353.0106
353.0107
353.0108
353.0108
353.0107
353.0101
353.0103
353.0104
353.0104
353.0103
353.0103
353.0104
353.0105
353.0105
353.0104
353.0107
353.0109
353.011
353.011
353.0108
353.0115
353.0117
353.0117
353.0117
353.0116
353.0115
353.0116
353.0117
353.0117
353.0116
353.0107
353.0109
353.0109
353.0109
353.0108
353.0102
353.0104
353.0105
353.0104
353.0103
353.0102
353.0104
353.0105
353.0104
353.0103
353.0106
353.0108
353.0109
353.0109
353.0108
353.0114
353.0116
353.0116
353.0116
353.0115
353.0114
353.0116
353.0117
353.0116
353.0115
353.0107
353.0108
353.0109
353.0109
353.0108
353.0102
353.0104
353.0105
353.0104
353.0103
353.0102
353.0104
353.0105
353.0104
353.0103
353.0107
353.0108
353.0109
353.0109
353.0108
353.0114
353.0116
353.0117
353.0116
353.0115
353.0114
353.0116
353.0116
353.0116
353.0115
353.0107
353.0108
353.0109
353.0109
353.0108
353.0102
353.0104
353.0105
353.0104
353.0103
353.0102
353.0104
353.0105
353.0104
353.0103
353.0107
353.0109
353.0109
353.0109
353.0108
353.0115
353.0116
353.0117
353.0117
353.0116
353.0115
353.0117
353.0117
353.0117
353.0116
353.0107
353.0109
353.011
353.011
353.0108
353.0103
353.0104
353.0105
353.0105
353.0104
353.0101
353.0103
353.0104
353.0104
353.0103
353.0106
353.0107
353.0108
353.0108
353.0107
353.0115
353.0117
353.0118
353.0117
353.0116
353.0117
353.0118
353.0119
353.0119
353.0118
353.011
353.0112
353.0113
353.0112
353.0111
353.0105
353.0106
353.0107
353.0107
353.0106
353.0101
353.0103
353.0104
353.0104
353.0103
353.0106
353.0107
353.0108
353.0108
353.0107
353.0118
353.012
353.012
353.012
353.0119
353.0123
353.0125
353.0125
353.0125
353.0124
353.0128
353.013
353.013
353.013
353.0129
353.0124
353.0126
353.0126
353.0126
353.0125
353.0114
353.0116
353.0117
353.0117
353.0116
353.0111
353.0112
353.0113
353.0113
353.0112
353.0113
353.0114
353.0115
353.0115
353.0114
353.0118
353.0119
353.012
353.012
353.0119
353.0122
353.0124
353.0124
353.0124
353.0123
353.0121
353.0123
353.0123
353.0123
353.0122
353.0113
353.0115
353.0116
353.0116
353.0115
353.011
353.0112
353.0112
353.0112
353.0111
353.0111
353.0112
353.0113
353.0113
353.0112
353.0115
353.0116
353.0117
353.0117
353.0116
353.0121
353.0122
353.0123
353.0123
353.0121
353.012
353.0122
353.0123
353.0122
353.0121
353.0114
353.0116
353.0117
353.0117
353.0115
353.0111
353.0112
353.0113
353.0113
353.0112
353.011
353.0112
353.0113
353.0113
353.0112
353.0114
353.0116
353.0116
353.0116
353.0115
353.012
353.0121
353.0122
353.0122
353.0121
353.012
353.0121
353.0122
353.0122
353.0121
353.0114
353.0116
353.0116
353.0116
353.0115
353.011
353.0112
353.0113
353.0113
353.0112
353.011
353.0112
353.0113
353.0113
353.0112
353.0114
353.0116
353.0116
353.0116
353.0115
353.012
353.0121
353.0122
353.0122
353.0121
353.012
353.0121
353.0122
353.0122
353.0121
353.0114
353.0116
353.0116
353.0116
353.0115
353.011
353.0112
353.0113
353.0113
353.0112
353.0111
353.0112
353.0113
353.0113
353.0112
353.0114
353.0116
353.0117
353.0117
353.0115
353.012
353.0122
353.0123
353.0122
353.0121
353.0121
353.0122
353.0123
353.0123
353.0121
353.0115
353.0116
353.0117
353.0117
353.0116
353.0111
353.0112
353.0113
353.0113
353.0112
353.011
353.0112
353.0112
353.0112
353.0111
353.0113
353.0115
353.0116
353.0116
353.0115
353.0121
353.0123
353.0123
353.0123
353.0122
353.0122
353.0124
353.0124
353.0124
353.0123
353.0118
353.0119
353.012
353.012
353.0119
353.0113
353.0114
353.0115
353.0115
353.0114
353.0111
353.0112
353.0113
353.0113
353.0112
353.0114
353.0116
353.0117
353.0117
353.0116
353.0124
353.0126
353.0126
353.0126
353.0125
353.0128
353.013
353.013
353.013
353.0129
353.0133
353.0134
353.0135
353.0135
353.0134
353.013
353.0132
353.0132
353.0132
353.0131
353.0123
353.0124
353.0125
353.0125
353.0124
353.0119
353.0121
353.0122
353.0121
353.012
353.0121
353.0123
353.0123
353.0123
353.0122
353.0125
353.0126
353.0127
353.0127
353.0126
353.0128
353.0129
353.013
353.013
353.0128
353.0127
353.0128
353.0129
353.0129
353.0128
353.0121
353.0123
353.0123
353.0123
353.0122
353.0118
353.012
353.0121
353.0121
353.0119
353.0119
353.012
353.0121
353.0121
353.012
353.0122
353.0123
353.0124
353.0124
353.0123
353.0126
353.0127
353.0128
353.0128
353.0127
353.0126
353.0127
353.0128
353.0128
353.0127
353.0122
353.0123
353.0124
353.0124
353.0123
353.0119
353.012
353.0121
353.0121
353.012
353.0119
353.012
353.0121
353.0121
353.012
353.0121
353.0123
353.0124
353.0123
353.0122
353.0125
353.0127
353.0127
353.0127
353.0126
353.0125
353.0127
353.0127
353.0127
353.0126
353.0121
353.0123
353.0124
353.0123
353.0122
353.0119
353.012
353.0121
353.0121
353.012
353.0118
353.012
353.0121
353.0121
353.012
353.0121
353.0123
353.0124
353.0123
353.0122
353.0125
353.0127
353.0127
353.0127
353.0126
353.0125
353.0127
353.0127
353.0127
353.0126
353.0121
353.0123
353.0124
353.0123
353.0122
353.0119
353.012
353.0121
353.0121
353.012
353.0119
353.012
353.0121
353.0121
353.012
353.0122
353.0123
353.0124
353.0124
353.0123
353.0126
353.0127
353.0128
353.0128
353.0127
353.0126
353.0127
353.0128
353.0128
353.0127
353.0122
353.0123
353.0124
353.0124
353.0123
353.0119
353.012
353.0121
353.0121
353.012
353.0118
353.012
353.0121
353.012
353.0119
353.0121
353.0123
353.0123
353.0123
353.0122
353.0127
353.0128
353.0129
353.0129
353.0128
353.0128
353.0129
353.013
353.013
353.0128
353.0125
353.0126
353.0127
353.0127
353.0126
353.0121
353.0122
353.0123
353.0123
353.0122
353.0119
353.0121
353.0122
353.0121
353.012
353.0123
353.0124
353.0125
353.0125
353.0124
353.013
353.0132
353.0132
353.0132
353.0131
353.0133
353.0134
353.0135
353.0135
353.0134
353.0138
353.0139
353.014
353.0139
353.0138
353.0136
353.0137
353.0138
353.0138
353.0136
353.013
353.0132
353.0133
353.0133
353.0131
353.0128
353.0129
353.013
353.013
353.0129
353.0129
353.013
353.0131
353.0131
353.013
353.0131
353.0133
353.0133
353.0133
353.0132
353.0133
353.0134
353.0135
353.0135
353.0134
353.0132
353.0134
353.0134
353.0134
353.0133
353.0129
353.013
353.0131
353.0131
353.013
353.0127
353.0128
353.0129
353.0129
353.0128
353.0127
353.0128
353.0129
353.0129
353.0128
353.0129
353.013
353.0131
353.0131
353.013
353.0131
353.0133
353.0133
353.0133
353.0132
353.0131
353.0133
353.0133
353.0133
353.0132
353.0129
353.013
353.0131
353.0131
353.013
353.0127
353.0128
353.0129
353.0129
353.0128
353.0127
353.0128
353.0129
353.0129
353.0128
353.0129
353.013
353.0131
353.0131
353.013
353.0131
353.0132
353.0133
353.0132
353.0131
353.013
353.0132
353.0133
353.0132
353.0131
353.0128
353.013
353.0131
353.013
353.0129
353.0126
353.0128
353.0129
353.0128
353.0127
353.0126
353.0128
353.0129
353.0128
353.0127
353.0128
353.013
353.0131
353.013
353.0129
353.013
353.0132
353.0133
353.0132
353.0131
353.0131
353.0132
353.0133
353.0132
353.0131
353.0129
353.013
353.0131
353.0131
353.013
353.0127
353.0128
353.0129
353.0129
353.0128
353.0127
353.0128
353.0129
353.0129
353.0128
353.0129
353.013
353.0131
353.0131
353.013
353.0131
353.0133
353.0133
353.0133
353.0132
353.0131
353.0133
353.0133
353.0133
353.0132
353.0129
353.013
353.0131
353.0131
353.013
353.0127
353.0128
353.0129
353.0129
353.0128
353.0127
353.0128
353.0129
353.0129
353.0128
353.0129
353.013
353.0131
353.0131
353.013
353.0132
353.0134
353.0134
353.0134
353.0133
353.0133
353.0134
353.0135
353.0135
353.0134
353.0131
353.0133
353.0133
353.0133
353.0132
353.0129
353.013
353.0131
353.0131
353.013
353.0128
353.0129
353.013
353.013
353.0129
353.013
353.0132
353.0133
353.0133
353.0131
353.0136
353.0137
353.0138
353.0138
353.0136
353.0138
353.0139
353.014
353.0139
353.0138
353.0142
353.0144
353.0144
353.0144
353.0143
353.0141
353.0142
353.0143
353.0143
353.0142
353.0138
353.014
353.014
353.014
353.0139
353.0136
353.0138
353.0138
353.0138
353.0137
353.0136
353.0138
353.0139
353.0138
353.0137
353.0138
353.0139
353.014
353.014
353.0139
353.0138
353.0139
353.014
353.014
353.0139
353.0137
353.0139
353.014
353.0139
353.0138
353.0137
353.0138
353.0139
353.0139
353.0137
353.0135
353.0137
353.0137
353.0137
353.0136
353.0135
353.0136
353.0137
353.0137
353.0136
353.0136
353.0137
353.0138
353.0138
353.0137
353.0136
353.0138
353.0138
353.0138
353.0137
353.0136
353.0138
353.0138
353.0138
353.0137
353.0136
353.0138
353.0138
353.0138
353.0137
353.0135
353.0137
353.0137
353.0137
353.0136
353.0135
353.0136
353.0137
353.0137
353.0136
353.0136
353.0137
353.0138
353.0138
353.0137
353.0136
353.0137
353.0138
353.0138
353.0137
353.0136
353.0137
353.0138
353.0138
353.0136
353.0135
353.0137
353.0137
353.0137
353.0136
353.0134
353.0136
353.0136
353.0136
353.0135
353.0134
353.0136
353.0136
353.0136
353.0135
353.0135
353.0137
353.0137
353.0137
353.0136
353.0136
353.0137
353.0138
353.0138
353.0136
353.0136
353.0137
353.0138
353.0138
353.0137
353.0136
353.0137
353.0138
353.0138
353.0137
353.0135
353.0136
353.0137
353.0137
353.0136
353.0135
353.0136
353.0137
353.0137
353.0136
353.0136
353.0138
353.0138
353.0138
353.0137
353.0136
353.0138
353.0138
353.0138
353.0137
353.0136
353.0138
353.0138
353.0138
353.0137
353.0136
353.0137
353.0138
353.0138
353.0137
353.0135
353.0136
353.0137
353.0137
353.0136
353.0135
353.0137
353.0137
353.0137
353.0136
353.0137
353.0138
353.0139
353.0139
353.0137
353.0137
353.0139
353.014
353.0139
353.0138
353.0138
353.0139
353.014
353.014
353.0139
353.0138
353.0139
353.014
353.014
353.0139
353.0136
353.0138
353.0139
353.0138
353.0137
353.0136
353.0138
353.0138
353.0138
353.0137
353.0138
353.014
353.014
353.014
353.0139
353.0141
353.0142
353.0143
353.0143
353.0142
353.0142
353.0144
353.0144
353.0144
353.0143
353.0146
353.0148
353.0149
353.0148
353.0147
353.0146
353.0148
353.0148
353.0148
353.0147
353.0145
353.0147
353.0148
353.0147
353.0146
353.0144
353.0146
353.0147
353.0146
353.0145
353.0144
353.0145
353.0146
353.0146
353.0145
353.0144
353.0146
353.0146
353.0146
353.0145
353.0143
353.0144
353.0145
353.0145
353.0144
353.0143
353.0144
353.0145
353.0145
353.0144
353.0144
353.0146
353.0146
353.0146
353.0145
353.0143
353.0145
353.0145
353.0145
353.0144
353.0142
353.0144
353.0145
353.0144
353.0143
353.0142
353.0144
353.0145
353.0144
353.0143
353.0141
353.0143
353.0143
353.0143
353.0142
353.0141
353.0143
353.0144
353.0143
353.0142
353.0143
353.0145
353.0146
353.0145
353.0144
353.0143
353.0144
353.0145
353.0145
353.0144
353.0143
353.0144
353.0145
353.0145
353.0144
353.0143
353.0144
353.0145
353.0145
353.0144
353.0141
353.0142
353.0143
353.0143
353.0142
353.0141
353.0142
353.0143
353.0143
353.0142
353.0142
353.0144
353.0144
353.0144
353.0143
353.0142
353.0143
353.0144
353.0144
353.0143
353.0142
353.0143
353.0144
353.0144
353.0143
353.0142
353.0144
353.0144
353.0144
353.0143
353.0141
353.0142
353.0143
353.0143
353.0142
353.0141
353.0142
353.0143
353.0143
353.0142
353.0143
353.0144
353.0145
353.0145
353.0144
353.0143
353.0144
353.0145
353.0145
353.0144
353.0143
353.0144
353.0145
353.0145
353.0144
353.0143
353.0145
353.0146
353.0145
353.0144
353.0141
353.0143
353.0144
353.0143
353.0142
353.0141
353.0143
353.0143
353.0143
353.0142
353.0142
353.0144
353.0145
353.0144
353.0143
353.0142
353.0144
353.0145
353.0144
353.0143
353.0143
353.0145
353.0145
353.0145
353.0144
353.0144
353.0146
353.0146
353.0146
353.0145
353.0143
353.0144
353.0145
353.0145
353.0144
353.0143
353.0144
353.0145
353.0145
353.0144
353.0144
353.0146
353.0146
353.0146
353.0145
353.0144
353.0145
353.0146
353.0146
353.0145
353.0144
353.0146
353.0147
353.0146
353.0145
353.0145
353.0147
353.0148
353.0147
353.0146
353.0146
353.0148
353.0148
353.0148
353.0147
353.0146
353.0148
353.0149
353.0148
353.0147
353.0151
353.0152
353.0153
353.0152
353.0151
353.0151
353.0152
353.0153
353.0153
353.0152
353.0153
353.0154
353.0155
353.0155
353.0154
353.0152
353.0154
353.0155
353.0154
353.0153
353.0151
353.0153
353.0154
353.0154
353.0152
353.0151
353.0152
353.0153
353.0153
353.0152
353.0148
353.0149
353.015
353.015
353.0149
353.0148
353.0149
353.015
353.015
353.0149
353.0151
353.0153
353.0153
353.0153
353.0152
353.0151
353.0153
353.0153
353.0153
353.0152
353.015
353.0152
353.0152
353.0152
353.0151
353.0149
353.0151
353.0151
353.0151
353.015
353.0146
353.0148
353.0148
353.0148
353.0147
353.0147
353.0148
353.0149
353.0148
353.0147
353.015
353.0152
353.0152
353.0152
353.0151
353.0151
353.0152
353.0153
353.0153
353.0152
353.015
353.0152
353.0152
353.0152
353.0151
353.0149
353.0151
353.0152
353.0151
353.015
353.0146
353.0147
353.0148
353.0148
353.0147
353.0146
353.0147
353.0148
353.0148
353.0147
353.0149
353.015
353.0151
353.0151
353.015
353.0149
353.0151
353.0152
353.0151
353.015
353.0149
353.0151
353.0152
353.0151
353.015
353.0149
353.015
353.0151
353.0151
353.015
353.0146
353.0147
353.0148
353.0148
353.0147
353.0146
353.0147
353.0148
353.0148
353.0147
353.0149
353.0151
353.0152
353.0151
353.015
353.015
353.0152
353.0152
353.0152
353.0151
353.0151
353.0152
353.0153
353.0153
353.0151
353.015
353.0152
353.0152
353.0152
353.0151
353.0147
353.0148
353.0149
353.0148
353.0147
353.0146
353.0148
353.0148
353.0148
353.0147
353.0149
353.0151
353.0151
353.0151
353.015
353.015
353.0152
353.0152
353.0152
353.0151
353.0151
353.0153
353.0153
353.0153
353.0152
353.0151
353.0153
353.0153
353.0153
353.0152
353.0148
353.0149
353.015
353.015
353.0149
353.0148
353.0149
353.015
353.015
353.0149
353.0151
353.0152
353.0153
353.0153
353.0152
353.0151
353.0153
353.0154
353.0154
353.0152
353.0152
353.0154
353.0155
353.0154
353.0153
353.0153
353.0154
353.0155
353.0155
353.0154
353.0151
353.0152
353.0153
353.0153
353.0152
353.0151
353.0152
353.0153
353.0152
353.0151
353.0155
353.0156
353.0157
353.0156
353.0155
353.0156
353.0157
353.0158
353.0158
353.0156
353.016
353.0161
353.0162
353.0162
353.0161
353.016
353.0162
353.0163
353.0162
353.0161
353.0159
353.0161
353.0161
353.0161
353.016
353.0158
353.0159
353.016
353.016
353.0159
353.0153
353.0154
353.0155
353.0155
353.0154
353.0153
353.0154
353.0155
353.0155
353.0154
353.0158
353.0159
353.016
353.016
353.0159
353.0159
353.016
353.0161
353.0161
353.0159
353.0158
353.0159
353.016
353.016
353.0158
353.0156
353.0158
353.0158
353.0158
353.0157
353.0151
353.0153
353.0153
353.0153
353.0152
353.0151
353.0153
353.0153
353.0153
353.0152
353.0157
353.0158
353.0159
353.0158
353.0157
353.0158
353.0159
353.016
353.016
353.0159
353.0157
353.0159
353.016
353.0159
353.0158
353.0156
353.0157
353.0158
353.0158
353.0157
353.0151
353.0152
353.0153
353.0152
353.0151
353.015
353.0152
353.0153
353.0152
353.0151
353.0155
353.0157
353.0158
353.0157
353.0156
353.0157
353.0158
353.0159
353.0159
353.0158
353.0157
353.0158
353.0159
353.0159
353.0158
353.0155
353.0157
353.0158
353.0157
353.0156
353.015
353.0152
353.0153
353.0152
353.0151
353.0151
353.0152
353.0153
353.0152
353.0151
353.0156
353.0157
353.0158
353.0158
353.0157
353.0157
353.0159
353.016
353.0159
353.0158
353.0158
353.0159
353.016
353.016
353.0159
353.0157
353.0158
353.0159
353.0158
353.0157
353.0151
353.0153
353.0153
353.0153
353.0152
353.0151
353.0153
353.0153
353.0153
353.0152
353.0156
353.0158
353.0158
353.0158
353.0157
353.0158
353.0159
353.016
353.016
353.0158
353.0159
353.016
353.0161
353.0161
353.0159
353.0158
353.0159
353.016
353.016
353.0159
353.0153
353.0154
353.0155
353.0155
353.0154
353.0153
353.0154
353.0155
353.0155
353.0154
353.0158
353.0159
353.016
353.016
353.0159
353.0159
353.0161
353.0161
353.0161
353.016
353.016
353.0162
353.0163
353.0162
353.0161
353.016
353.0161
353.0162
353.0162
353.0161
353.0156
353.0157
353.0158
353.0158
353.0156
353.0155
353.0156
353.0157
353.0156
353.0155
353.0158
353.016
353.016
353.016
353.0159
353.016
353.0162
353.0162
353.0162
353.0161
353.0167
353.0168
353.0169
353.0169
353.0167
353.0168
353.017
353.017
353.017
353.0169
353.0167
353.0169
353.0169
353.0169
353.0168
353.0165
353.0166
353.0167
353.0167
353.0166
353.0158
353.0159
353.016
353.0159
353.0158
353.0157
353.0159
353.0159
353.0159
353.0158
353.0164
353.0165
353.0166
353.0166
353.0165
353.0166
353.0167
353.0168
353.0168
353.0167
353.0165
353.0167
353.0167
353.0167
353.0166
353.0163
353.0165
353.0165
353.0165
353.0164
353.0156
353.0157
353.0158
353.0158
353.0157
353.0156
353.0157
353.0158
353.0158
353.0157
353.0162
353.0164
353.0165
353.0164
353.0163
353.0165
353.0166
353.0167
353.0167
353.0166
353.0165
353.0166
353.0167
353.0166
353.0165
353.0162
353.0163
353.0164
353.0164
353.0163
353.0155
353.0157
353.0157
353.0157
353.0156
353.0155
353.0157
353.0157
353.0157
353.0156
353.0162
353.0163
353.0164
353.0164
353.0163
353.0164
353.0165
353.0166
353.0166
353.0165
353.0164
353.0165
353.0166
353.0166
353.0165
353.0162
353.0163
353.0164
353.0164
353.0163
353.0155
353.0157
353.0157
353.0157
353.0156
353.0155
353.0157
353.0157
353.0157
353.0156
353.0162
353.0164
353.0164
353.0164
353.0163
353.0165
353.0166
353.0167
353.0166
353.0165
353.0165
353.0166
353.0167
353.0167
353.0166
353.0163
353.0164
353.0165
353.0164
353.0163
353.0156
353.0157
353.0158
353.0158
353.0157
353.0156
353.0157
353.0158
353.0158
353.0157
353.0163
353.0164
353.0165
353.0165
353.0164
353.0165
353.0167
353.0167
353.0167
353.0166
353.0166
353.0167
353.0168
353.0168
353.0167
353.0164
353.0165
353.0166
353.0166
353.0165
353.0157
353.0159
353.0159
353.0159
353.0158
353.0158
353.0159
353.016
353.0159
353.0158
353.0165
353.0166
353.0167
353.0167
353.0166
353.0167
353.0169
353.0169
353.0169
353.0168
353.0168
353.017
353.017
353.017
353.0169
353.0167
353.0168
353.0169
353.0169
353.0167
353.016
353.0162
353.0162
353.0162
353.0161
353.0158
353.016
353.016
353.016
353.0159
353.0162
353.0163
353.0164
353.0164
353.0162
353.0164
353.0166
353.0166
353.0166
353.0165
353.0173
353.0174
353.0175
353.0175
353.0174
353.0176
353.0177
353.0178
353.0177
353.0176
353.0175
353.0177
353.0177
353.0177
353.0176
353.0172
353.0173
353.0174
353.0174
353.0173
353.0162
353.0164
353.0164
353.0164
353.0163
353.0162
353.0163
353.0164
353.0164
353.0162
353.017
353.0171
353.0172
353.0172
353.0171
353.0173
353.0174
353.0175
353.0175
353.0174
353.0173
353.0174
353.0175
353.0175
353.0174
353.017
353.0171
353.0172
353.0171
353.017
353.016
353.0162
353.0162
353.0162
353.0161
353.016
353.0162
353.0162
353.0162
353.0161
353.0168
353.017
353.017
353.017
353.0169
353.0171
353.0173
353.0173
353.0173
353.0172
353.0171
353.0173
353.0174
353.0173
353.0172
353.0168
353.017
353.017
353.017
353.0169
353.0159
353.0161
353.0161
353.0161
353.016
353.0159
353.0161
353.0161
353.0161
353.016
353.0168
353.0169
353.017
353.017
353.0169
353.0171
353.0172
353.0173
353.0173
353.0172
353.0171
353.0172
353.0173
353.0173
353.0172
353.0168
353.0169
353.017
353.017
353.0169
353.0159
353.0161
353.0161
353.0161
353.016
353.0159
353.0161
353.0161
353.0161
353.016
353.0168
353.017
353.017
353.017
353.0169
353.0171
353.0173
353.0174
353.0173
353.0172
353.0171
353.0173
353.0173
353.0173
353.0172
353.0168
353.017
353.017
353.017
353.0169
353.016
353.0162
353.0162
353.0162
353.0161
353.016
353.0162
353.0162
353.0162
353.0161
353.017
353.0171
353.0172
353.0171
353.017
353.0173
353.0174
353.0175
353.0175
353.0174
353.0173
353.0174
353.0175
353.0175
353.0174
353.017
353.0171
353.0172
353.0172
353.0171
353.0162
353.0163
353.0164
353.0164
353.0162
353.0162
353.0164
353.0164
353.0164
353.0163
353.0172
353.0173
353.0174
353.0174
353.0173
353.0175
353.0177
353.0177
353.0177
353.0176
353.0176
353.0177
353.0178
353.0177
353.0176
353.0173
353.0174
353.0175
353.0175
353.0174
353.0164
353.0166
353.0166
353.0166
353.0165
353.0162
353.0163
353.0164
353.0164
353.0162
353.0165
353.0166
353.0167
353.0167
353.0165
353.0168
353.0169
353.017
353.017
353.0169
353.0179
353.018
353.0181
353.0181
353.018
353.0183
353.0185
353.0185
353.0185
353.0184
353.0183
353.0185
353.0185
353.0185
353.0184
353.0179
353.018
353.0181
353.018
353.0179
353.0166
353.0168
353.0169
353.0168
353.0167
353.0166
353.0167
353.0168
353.0168
353.0167
353.0176
353.0177
353.0178
353.0178
353.0177
353.018
353.0182
353.0182
353.0182
353.0181
353.0181
353.0182
353.0183
353.0182
353.0181
353.0176
353.0177
353.0178
353.0178
353.0177
353.0164
353.0166
353.0167
353.0166
353.0165
353.0164
353.0166
353.0166
353.0166
353.0165
353.0174
353.0175
353.0176
353.0176
353.0175
353.0178
353.018
353.018
353.018
353.0179
353.0179
353.018
353.0181
353.0181
353.018
353.0174
353.0176
353.0176
353.0176
353.0175
353.0163
353.0165
353.0166
353.0165
353.0164
353.0163
353.0165
353.0166
353.0165
353.0164
353.0174
353.0176
353.0176
353.0176
353.0175
353.0178
353.018
353.018
353.018
353.0179
353.0178
353.018
353.018
353.018
353.0179
353.0174
353.0176
353.0176
353.0176
353.0175
353.0163
353.0165
353.0166
353.0165
353.0164
353.0163
353.0165
353.0166
353.0165
353.0164
353.0174
353.0176
353.0177
353.0176
353.0175
353.0179
353.018
353.0181
353.0181
353.018
353.0178
353.018
353.018
353.018
353.0179
353.0174
353.0175
353.0176
353.0176
353.0175
353.0164
353.0166
353.0166
353.0166
353.0165
353.0164
353.0166
353.0167
353.0166
353.0165
353.0176
353.0177
353.0178
353.0178
353.0177
353.0181
353.0182
353.0183
353.0182
353.0181
353.018
353.0182
353.0182
353.0182
353.0181
353.0176
353.0177
353.0178
353.0178
353.0177
353.0166
353.0167
353.0168
353.0168
353.0167
353.0166
353.0168
353.0169
353.0168
353.0167
353.0179
353.018
353.0181
353.018
353.0179
353.0183
353.0185
353.0185
353.0185
353.0184
353.0183
353.0185
353.0185
353.0185
353.0184
353.0179
353.018
353.0181
353.0181
353.018
353.0168
353.0169
353.017
353.017
353.0169
353.0165
353.0166
353.0167
353.0167
353.0165
353.0167
353.0169
353.0169
353.0169
353.0168
353.0171
353.0173
353.0173
353.0173
353.0172
353.0185
353.0186
353.0187
353.0186
353.0185
353.0191
353.0192
353.0193
353.0193
353.0192
353.0191
353.0193
353.0193
353.0193
353.0192
353.0185
353.0187
353.0187
353.0187
353.0186
353.017
353.0172
353.0173
353.0172
353.0171
353.017
353.0171
353.0172
353.0172
353.017
353.0182
353.0183
353.0184
353.0184
353.0183
353.0188
353.0189
353.019
353.019
353.0189
353.0189
353.019
353.0191
353.019
353.0189
353.0182
353.0184
353.0184
353.0184
353.0183
353.0168
353.017
353.0171
353.017
353.0169
353.0168
353.017
353.017
353.017
353.0169
353.018
353.0182
353.0183
353.0182
353.0181
353.0186
353.0187
353.0188
353.0188
353.0187
353.0186
353.0188
353.0189
353.0188
353.0187
353.0181
353.0182
353.0183
353.0183
353.0182
353.0167
353.0169
353.017
353.0169
353.0168
353.0167
353.0169
353.0169
353.0169
353.0168
353.018
353.0182
353.0182
353.0182
353.0181
353.0186
353.0188
353.0188
353.0188
353.0187
353.0186
353.0188
353.0188
353.0188
353.0187
353.018
353.0182
353.0182
353.0182
353.0181
353.0167
353.0169
353.0169
353.0169
353.0168
353.0167
353.0169
353.017
353.0169
353.0168
353.0181
353.0182
353.0183
353.0183
353.0182
353.0186
353.0188
353.0189
353.0188
353.0187
353.0186
353.0187
353.0188
353.0188
353.0187
353.018
353.0182
353.0183
353.0182
353.0181
353.0168
353.0169
353.017
353.017
353.0169
353.0168
353.017
353.0171
353.017
353.0169
353.0182
353.0184
353.0184
353.0184
353.0183
353.0189
353.019
353.0191
353.019
353.0189
353.0188
353.0189
353.019
353.019
353.0189
353.0182
353.0183
353.0184
353.0184
353.0183
353.017
353.0171
353.0172
353.0172
353.017
353.017
353.0172
353.0173
353.0172
353.0171
353.0185
353.0187
353.0187
353.0187
353.0186
353.0191
353.0193
353.0193
353.0193
353.0192
353.0191
353.0192
353.0193
353.0193
353.0192
353.0185
353.0186
353.0187
353.0186
353.0185
353.0171
353.0173
353.0173
353.0173
353.0172
353.0167
353.0169
353.0169
353.0169
353.0168
353.017
353.0171
353.0172
353.0171
353.017
353.0174
353.0176
353.0176
353.0176
353.0175
353.0191
353.0192
353.0193
353.0193
353.0191
353.0199
353.0201
353.0201
353.0201
353.02
353.02
353.0202
353.0202
353.0202
353.0201
353.0193
353.0194
353.0195
353.0194
353.0193
353.0174
353.0176
353.0177
353.0176
353.0175
353.0174
353.0175
353.0176
353.0175
353.0174
353.0189
353.019
353.0191
353.0191
353.019
353.0196
353.0198
353.0199
353.0198
353.0197
353.0198
353.0199
353.02
353.0199
353.0198
353.0189
353.0191
353.0192
353.0191
353.019
353.0172
353.0174
353.0175
353.0174
353.0173
353.0172
353.0173
353.0174
353.0174
353.0173
353.0188
353.0189
353.019
353.019
353.0189
353.0195
353.0196
353.0197
353.0197
353.0196
353.0195
353.0197
353.0197
353.0197
353.0196
353.0188
353.019
353.019
353.019
353.0189
353.0171
353.0173
353.0174
353.0173
353.0172
353.0171
353.0173
353.0173
353.0173
353.0172
353.0187
353.0188
353.0189
353.0189
353.0188
353.0195
353.0196
353.0197
353.0197
353.0196
353.0195
353.0196
353.0197
353.0197
353.0196
353.0187
353.0188
353.0189
353.0189
353.0188
353.0171
353.0173
353.0173
353.0173
353.0172
353.0171
353.0173
353.0174
353.0173
353.0172
353.0188
353.019
353.019
353.019
353.0189
353.0195
353.0197
353.0198
353.0197
353.0196
353.0195
353.0196
353.0197
353.0197
353.0196
353.0188
353.0189
353.019
353.019
353.0189
353.0172
353.0173
353.0174
353.0174
353.0173
353.0172
353.0174
353.0175
353.0174
353.0173
353.019
353.0191
353.0192
353.0191
353.019
353.0198
353.0199
353.02
353.0199
353.0198
353.0196
353.0198
353.0199
353.0198
353.0197
353.0189
353.019
353.0191
353.0191
353.019
353.0174
353.0175
353.0176
353.0175
353.0174
353.0174
353.0176
353.0177
353.0176
353.0175
353.0193
353.0194
353.0195
353.0194
353.0193
353.02
353.0202
353.0202
353.0202
353.0201
353.0199
353.0201
353.0201
353.0201
353.02
353.0191
353.0192
353.0193
353.0193
353.0191
353.0174
353.0176
353.0176
353.0176
353.0175
353.017
353.0171
353.0172
353.0171
353.017
353.0171
353.0172
353.0173
353.0173
353.0171
353.0176
353.0177
353.0178
353.0178
353.0177
353.0194
353.0196
353.0196
353.0196
353.0195
353.0208
353.021
353.021
353.021
353.0209
353.021
353.0211
353.0212
353.0212
353.0211
353.0197
353.0198
353.0199
353.0199
353.0197
353.0177
353.0179
353.0179
353.0179
353.0178
353.0177
353.0178
353.0179
353.0179
353.0177
353.0194
353.0196
353.0196
353.0196
353.0195
353.0207
353.0208
353.0209
353.0208
353.0207
353.0208
353.0209
353.021
353.0209
353.0208
353.0195
353.0196
353.0197
353.0196
353.0195
353.0175
353.0177
353.0178
353.0177
353.0176
353.0175
353.0177
353.0177
353.0177
353.0176
353.0193
353.0194
353.0195
353.0195
353.0194
353.0205
353.0207
353.0207
353.0207
353.0206
353.0206
353.0207
353.0208
353.0208
353.0207
353.0194
353.0195
353.0196
353.0196
353.0195
353.0175
353.0176
353.0177
353.0176
353.0175
353.0174
353.0176
353.0176
353.0176
353.0175
353.0192
353.0193
353.0194
353.0194
353.0193
353.0205
353.0206
353.0207
353.0206
353.0205
353.0205
353.0206
353.0207
353.0206
353.0205
353.0192
353.0193
353.0194
353.0194
353.0193
353.0174
353.0176
353.0176
353.0176
353.0175
353.0175
353.0176
353.0177
353.0176
353.0175
353.0194
353.0195
353.0196
353.0196
353.0195
353.0206
353.0207
353.0208
353.0208
353.0207
353.0205
353.0207
353.0207
353.0207
353.0206
353.0193
353.0194
353.0195
353.0195
353.0194
353.0175
353.0177
353.0177
353.0177
353.0176
353.0175
353.0177
353.0178
353.0177
353.0176
353.0195
353.0196
353.0197
353.0196
353.0195
353.0208
353.0209
353.021
353.0209
353.0208
353.0207
353.0208
353.0209
353.0208
353.0207
353.0194
353.0196
353.0196
353.0196
353.0195
353.0177
353.0178
353.0179
353.0179
353.0177
353.0177
353.0179
353.0179
353.0179
353.0178
353.0197
353.0198
353.0199
353.0199
353.0197
353.021
353.0211
353.0212
353.0212
353.0211
353.0208
353.021
353.021
353.021
353.0209
353.0194
353.0196
353.0196
353.0196
353.0195
353.0176
353.0177
353.0178
353.0178
353.0177
353.0171
353.0172
353.0173
353.0173
353.0171
)
;

boundaryField
{
    electrolyteSides
    {
        type            zeroGradient;
    }
    electrolyte_to_fuel
    {
        type            zeroGradient;
    }
    electrolyte_to_air
    {
        type            zeroGradient;
    }
}


// ************************************************************************* //
