/*--------------------------------*- C++ -*----------------------------------*\
| =========                 |                                                 |
| \\      /  F ield         | OpenFOAM: The Open Source CFD Toolbox           |
|  \\    /   O peration     | Version:  4.0                                   |
|   \\  /    A nd           | Web:      www.OpenFOAM.org                      |
|    \\/     M anipulation  |                                                 |
\*---------------------------------------------------------------------------*/
FoamFile
{
    version     2.0;
    format      ascii;
    class       volScalarField;
    location    "120/electrolyte";
    object      concMe;
}
// * * * * * * * * * * * * * * * * * * * * * * * * * * * * * * * * * * * * * //

dimensions      [0 -3 0 0 1 0 0];

internalField   nonuniform List<scalar> 
4840
(
28.83057
28.83057
28.83057
28.83057
28.83057
28.82923
28.82923
28.82923
28.82923
28.82923
28.82844
28.82844
28.82844
28.82844
28.82844
28.82894
28.82894
28.82894
28.82894
28.82894
28.83023
28.83023
28.83023
28.83023
28.83023
28.82961
28.82961
28.82961
28.82961
28.82961
28.83041
28.83041
28.83041
28.83041
28.83041
28.83044
28.83044
28.83044
28.83044
28.83044
28.82954
28.82954
28.82954
28.82954
28.82954
28.83096
28.83096
28.83096
28.83096
28.83096
28.83196
28.83196
28.83196
28.83196
28.83196
28.82989
28.82989
28.82989
28.82989
28.82989
28.83086
28.83086
28.83086
28.83086
28.83086
28.83091
28.83091
28.83091
28.83091
28.83091
28.82999
28.82999
28.82999
28.82999
28.82999
28.83196
28.83196
28.83196
28.83196
28.83196
28.83208
28.83208
28.83208
28.83208
28.83208
28.83006
28.83006
28.83006
28.83006
28.83006
28.831
28.831
28.831
28.831
28.831
28.83101
28.83101
28.83101
28.83101
28.83101
28.83011
28.83011
28.83011
28.83011
28.83011
28.83219
28.83219
28.83219
28.83219
28.83219
28.83217
28.83217
28.83217
28.83217
28.83217
28.83011
28.83011
28.83011
28.83011
28.83011
28.83101
28.83101
28.83101
28.83101
28.83101
28.83101
28.83101
28.83101
28.83101
28.83101
28.83007
28.83007
28.83007
28.83007
28.83007
28.83209
28.83209
28.83209
28.83209
28.83209
28.83197
28.83197
28.83197
28.83197
28.83197
28.83
28.83
28.83
28.83
28.83
28.83092
28.83092
28.83092
28.83092
28.83092
28.83087
28.83087
28.83087
28.83087
28.83087
28.82991
28.82991
28.82991
28.82991
28.82991
28.83196
28.83196
28.83196
28.83196
28.83196
28.83098
28.83098
28.83098
28.83098
28.83098
28.82956
28.82956
28.82956
28.82956
28.82956
28.83046
28.83046
28.83046
28.83046
28.83046
28.83044
28.83044
28.83044
28.83044
28.83044
28.82963
28.82963
28.82963
28.82963
28.82963
28.83025
28.83025
28.83025
28.83025
28.83025
28.82895
28.82895
28.82895
28.82895
28.82895
28.82847
28.82847
28.82847
28.82847
28.82847
28.82925
28.82925
28.82925
28.82925
28.82925
28.83059
28.83059
28.83059
28.83059
28.83059
28.83246
28.83246
28.83246
28.83246
28.83246
28.83239
28.83239
28.83239
28.83239
28.83239
28.83652
28.83652
28.83652
28.83652
28.83652
28.83826
28.83826
28.83826
28.83826
28.83826
28.83885
28.83885
28.83885
28.83885
28.83885
28.83851
28.83851
28.83851
28.83851
28.83851
28.83584
28.83584
28.83584
28.83584
28.83584
28.83635
28.83635
28.83635
28.83635
28.83635
28.8392
28.8392
28.8392
28.8392
28.8392
28.84017
28.84017
28.84017
28.84017
28.84017
28.84051
28.84051
28.84051
28.84051
28.84051
28.83958
28.83958
28.83958
28.83958
28.83958
28.83702
28.83702
28.83702
28.83702
28.83702
28.83716
28.83716
28.83716
28.83716
28.83716
28.83978
28.83978
28.83978
28.83978
28.83978
28.84076
28.84076
28.84076
28.84076
28.84076
28.84082
28.84082
28.84082
28.84082
28.84082
28.83986
28.83986
28.83986
28.83986
28.83986
28.83732
28.83732
28.83732
28.83732
28.83732
28.83737
28.83737
28.83737
28.83737
28.83737
28.83991
28.83991
28.83991
28.83991
28.83991
28.8409
28.8409
28.8409
28.8409
28.8409
28.8409
28.8409
28.8409
28.8409
28.8409
28.83991
28.83991
28.83991
28.83991
28.83991
28.83737
28.83737
28.83737
28.83737
28.83737
28.83733
28.83733
28.83733
28.83733
28.83733
28.83987
28.83987
28.83987
28.83987
28.83987
28.84083
28.84083
28.84083
28.84083
28.84083
28.84077
28.84077
28.84077
28.84077
28.84077
28.83979
28.83979
28.83979
28.83979
28.83979
28.83717
28.83717
28.83717
28.83717
28.83717
28.83703
28.83703
28.83703
28.83703
28.83703
28.8396
28.8396
28.8396
28.8396
28.8396
28.84053
28.84053
28.84053
28.84053
28.84053
28.84019
28.84019
28.84019
28.84019
28.84019
28.83922
28.83922
28.83922
28.83922
28.83922
28.83637
28.83637
28.83637
28.83637
28.83637
28.83586
28.83586
28.83586
28.83586
28.83586
28.83854
28.83854
28.83854
28.83854
28.83854
28.83887
28.83887
28.83887
28.83887
28.83887
28.83828
28.83828
28.83828
28.83828
28.83828
28.83653
28.83653
28.83653
28.83653
28.83653
28.83241
28.83241
28.83241
28.83241
28.83241
28.83248
28.83248
28.83248
28.83248
28.83248
28.83748
28.83748
28.83748
28.83748
28.83748
28.8374
28.8374
28.8374
28.8374
28.8374
28.84065
28.84065
28.84065
28.84065
28.84065
28.83995
28.83995
28.83995
28.83995
28.83995
28.83915
28.83915
28.83915
28.83915
28.83915
28.83935
28.83935
28.83935
28.83935
28.83935
28.8383
28.8383
28.8383
28.8383
28.8383
28.83875
28.83875
28.83875
28.83875
28.83875
28.84082
28.84082
28.84082
28.84082
28.84082
28.83993
28.83993
28.83993
28.83993
28.83993
28.83979
28.83979
28.83979
28.83979
28.83979
28.84065
28.84065
28.84065
28.84065
28.84065
28.83905
28.83905
28.83905
28.83905
28.83905
28.83931
28.83931
28.83931
28.83931
28.83931
28.84103
28.84103
28.84103
28.84103
28.84103
28.83999
28.83999
28.83999
28.83999
28.83999
28.83994
28.83994
28.83994
28.83994
28.83994
28.84092
28.84092
28.84092
28.84092
28.84092
28.83932
28.83932
28.83932
28.83932
28.83932
28.8394
28.8394
28.8394
28.8394
28.8394
28.84101
28.84101
28.84101
28.84101
28.84101
28.83999
28.83999
28.83999
28.83999
28.83999
28.83998
28.83998
28.83998
28.83998
28.83998
28.84101
28.84101
28.84101
28.84101
28.84101
28.8394
28.8394
28.8394
28.8394
28.8394
28.83933
28.83933
28.83933
28.83933
28.83933
28.84093
28.84093
28.84093
28.84093
28.84093
28.83995
28.83995
28.83995
28.83995
28.83995
28.84
28.84
28.84
28.84
28.84
28.84103
28.84103
28.84103
28.84103
28.84103
28.83932
28.83932
28.83932
28.83932
28.83932
28.83907
28.83907
28.83907
28.83907
28.83907
28.84066
28.84066
28.84066
28.84066
28.84066
28.8398
28.8398
28.8398
28.8398
28.8398
28.83994
28.83994
28.83994
28.83994
28.83994
28.84083
28.84083
28.84083
28.84083
28.84083
28.83877
28.83877
28.83877
28.83877
28.83877
28.83832
28.83832
28.83832
28.83832
28.83832
28.83938
28.83938
28.83938
28.83938
28.83938
28.83918
28.83918
28.83918
28.83918
28.83918
28.83997
28.83997
28.83997
28.83997
28.83997
28.84067
28.84067
28.84067
28.84067
28.84067
28.83742
28.83742
28.83742
28.83742
28.83742
28.8375
28.8375
28.8375
28.8375
28.8375
28.83848
28.83848
28.83848
28.83848
28.83848
28.83891
28.83891
28.83891
28.83891
28.83891
28.8402
28.8402
28.8402
28.8402
28.8402
28.83935
28.83935
28.83935
28.83935
28.83935
28.83806
28.83806
28.83806
28.83806
28.83806
28.83815
28.83815
28.83815
28.83815
28.83815
28.83718
28.83718
28.83718
28.83718
28.83718
28.83793
28.83793
28.83793
28.83793
28.83793
28.8394
28.8394
28.8394
28.8394
28.8394
28.83858
28.83858
28.83858
28.83858
28.83858
28.8384
28.8384
28.8384
28.8384
28.8384
28.83902
28.83902
28.83902
28.83902
28.83902
28.83772
28.83772
28.83772
28.83772
28.83772
28.83802
28.83802
28.83802
28.83802
28.83802
28.83938
28.83938
28.83938
28.83938
28.83938
28.83854
28.83854
28.83854
28.83854
28.83854
28.83849
28.83849
28.83849
28.83849
28.83849
28.83925
28.83925
28.83925
28.83925
28.83925
28.83793
28.83793
28.83793
28.83793
28.83793
28.83803
28.83803
28.83803
28.83803
28.83803
28.83934
28.83934
28.83934
28.83934
28.83934
28.83853
28.83853
28.83853
28.83853
28.83853
28.83853
28.83853
28.83853
28.83853
28.83853
28.83934
28.83934
28.83934
28.83934
28.83934
28.83803
28.83803
28.83803
28.83803
28.83803
28.83794
28.83794
28.83794
28.83794
28.83794
28.83926
28.83926
28.83926
28.83926
28.83926
28.8385
28.8385
28.8385
28.8385
28.8385
28.83854
28.83854
28.83854
28.83854
28.83854
28.83939
28.83939
28.83939
28.83939
28.83939
28.83803
28.83803
28.83803
28.83803
28.83803
28.83773
28.83773
28.83773
28.83773
28.83773
28.83904
28.83904
28.83904
28.83904
28.83904
28.83842
28.83842
28.83842
28.83842
28.83842
28.8386
28.8386
28.8386
28.8386
28.8386
28.83941
28.83941
28.83941
28.83941
28.83941
28.83794
28.83794
28.83794
28.83794
28.83794
28.8372
28.8372
28.8372
28.8372
28.8372
28.83817
28.83817
28.83817
28.83817
28.83817
28.83809
28.83809
28.83809
28.83809
28.83809
28.83937
28.83937
28.83937
28.83937
28.83937
28.84022
28.84022
28.84022
28.84022
28.84022
28.83893
28.83893
28.83893
28.83893
28.83893
28.8385
28.8385
28.8385
28.8385
28.8385
28.83784
28.83784
28.83784
28.83784
28.83784
28.83869
28.83869
28.83869
28.83869
28.83869
28.83938
28.83938
28.83938
28.83938
28.83938
28.83866
28.83866
28.83866
28.83866
28.83866
28.83719
28.83719
28.83719
28.83719
28.83719
28.83725
28.83725
28.83725
28.83725
28.83725
28.83674
28.83674
28.83674
28.83674
28.83674
28.83756
28.83756
28.83756
28.83756
28.83756
28.83853
28.83853
28.83853
28.83853
28.83853
28.83768
28.83768
28.83768
28.83768
28.83768
28.8374
28.8374
28.8374
28.8374
28.8374
28.83799
28.83799
28.83799
28.83799
28.83799
28.83719
28.83719
28.83719
28.83719
28.83719
28.83744
28.83744
28.83744
28.83744
28.83744
28.8384
28.8384
28.8384
28.8384
28.8384
28.83755
28.83755
28.83755
28.83755
28.83755
28.83748
28.83748
28.83748
28.83748
28.83748
28.83822
28.83822
28.83822
28.83822
28.83822
28.83737
28.83737
28.83737
28.83737
28.83737
28.83744
28.83744
28.83744
28.83744
28.83744
28.83831
28.83831
28.83831
28.83831
28.83831
28.83752
28.83752
28.83752
28.83752
28.83752
28.83751
28.83751
28.83751
28.83751
28.83751
28.83831
28.83831
28.83831
28.83831
28.83831
28.83744
28.83744
28.83744
28.83744
28.83744
28.83737
28.83737
28.83737
28.83737
28.83737
28.83823
28.83823
28.83823
28.83823
28.83823
28.83749
28.83749
28.83749
28.83749
28.83749
28.83756
28.83756
28.83756
28.83756
28.83756
28.83841
28.83841
28.83841
28.83841
28.83841
28.83745
28.83745
28.83745
28.83745
28.83745
28.8372
28.8372
28.8372
28.8372
28.8372
28.83801
28.83801
28.83801
28.83801
28.83801
28.83741
28.83741
28.83741
28.83741
28.83741
28.8377
28.8377
28.8377
28.8377
28.8377
28.83854
28.83854
28.83854
28.83854
28.83854
28.83758
28.83758
28.83758
28.83758
28.83758
28.83676
28.83676
28.83676
28.83676
28.83676
28.83727
28.83727
28.83727
28.83727
28.83727
28.83721
28.83721
28.83721
28.83721
28.83721
28.83868
28.83868
28.83868
28.83868
28.83868
28.8394
28.8394
28.8394
28.8394
28.8394
28.83871
28.83871
28.83871
28.83871
28.83871
28.83786
28.83786
28.83786
28.83786
28.83786
28.83656
28.83656
28.83656
28.83656
28.83656
28.83765
28.83765
28.83765
28.83765
28.83765
28.83826
28.83826
28.83826
28.83826
28.83826
28.83767
28.83767
28.83767
28.83767
28.83767
28.83612
28.83612
28.83612
28.83612
28.83612
28.83611
28.83611
28.83611
28.83611
28.83611
28.83542
28.83542
28.83542
28.83542
28.83542
28.83645
28.83645
28.83645
28.83645
28.83645
28.83739
28.83739
28.83739
28.83739
28.83739
28.83662
28.83662
28.83662
28.83662
28.83662
28.83623
28.83623
28.83623
28.83623
28.83623
28.83681
28.83681
28.83681
28.83681
28.83681
28.8358
28.8358
28.8358
28.8358
28.8358
28.83615
28.83615
28.83615
28.83615
28.83615
28.83719
28.83719
28.83719
28.83719
28.83719
28.83639
28.83639
28.83639
28.83639
28.83639
28.83629
28.83629
28.83629
28.83629
28.83629
28.837
28.837
28.837
28.837
28.837
28.83597
28.83597
28.83597
28.83597
28.83597
28.83608
28.83608
28.83608
28.83608
28.83608
28.83709
28.83709
28.83709
28.83709
28.83709
28.83633
28.83633
28.83633
28.83633
28.83633
28.83633
28.83633
28.83633
28.83633
28.83633
28.83709
28.83709
28.83709
28.83709
28.83709
28.83608
28.83608
28.83608
28.83608
28.83608
28.83598
28.83598
28.83598
28.83598
28.83598
28.83701
28.83701
28.83701
28.83701
28.83701
28.8363
28.8363
28.8363
28.8363
28.8363
28.8364
28.8364
28.8364
28.8364
28.8364
28.8372
28.8372
28.8372
28.8372
28.8372
28.83616
28.83616
28.83616
28.83616
28.83616
28.83581
28.83581
28.83581
28.83581
28.83581
28.83682
28.83682
28.83682
28.83682
28.83682
28.83624
28.83624
28.83624
28.83624
28.83624
28.83664
28.83664
28.83664
28.83664
28.83664
28.83741
28.83741
28.83741
28.83741
28.83741
28.83647
28.83647
28.83647
28.83647
28.83647
28.83544
28.83544
28.83544
28.83544
28.83544
28.83614
28.83614
28.83614
28.83614
28.83614
28.83614
28.83614
28.83614
28.83614
28.83614
28.83768
28.83768
28.83768
28.83768
28.83768
28.83828
28.83828
28.83828
28.83828
28.83828
28.83767
28.83767
28.83767
28.83767
28.83767
28.83658
28.83658
28.83658
28.83658
28.83658
28.83541
28.83541
28.83541
28.83541
28.83541
28.83665
28.83665
28.83665
28.83665
28.83665
28.83722
28.83722
28.83722
28.83722
28.83722
28.83675
28.83675
28.83675
28.83675
28.83675
28.83517
28.83517
28.83517
28.83517
28.83517
28.83508
28.83508
28.83508
28.83508
28.83508
28.83446
28.83446
28.83446
28.83446
28.83446
28.83563
28.83563
28.83563
28.83563
28.83563
28.83642
28.83642
28.83642
28.83642
28.83642
28.83568
28.83568
28.83568
28.83568
28.83568
28.8352
28.8352
28.8352
28.8352
28.8352
28.83583
28.83583
28.83583
28.83583
28.83583
28.8348
28.8348
28.8348
28.8348
28.8348
28.83523
28.83523
28.83523
28.83523
28.83523
28.83617
28.83617
28.83617
28.83617
28.83617
28.83538
28.83538
28.83538
28.83538
28.83538
28.83525
28.83525
28.83525
28.83525
28.83525
28.83597
28.83597
28.83597
28.83597
28.83597
28.83499
28.83499
28.83499
28.83499
28.83499
28.8351
28.8351
28.8351
28.8351
28.8351
28.83606
28.83606
28.83606
28.83606
28.83606
28.83529
28.83529
28.83529
28.83529
28.83529
28.83529
28.83529
28.83529
28.83529
28.83529
28.83606
28.83606
28.83606
28.83606
28.83606
28.8351
28.8351
28.8351
28.8351
28.8351
28.83499
28.83499
28.83499
28.83499
28.83499
28.83598
28.83598
28.83598
28.83598
28.83598
28.83526
28.83526
28.83526
28.83526
28.83526
28.83539
28.83539
28.83539
28.83539
28.83539
28.83618
28.83618
28.83618
28.83618
28.83618
28.83524
28.83524
28.83524
28.83524
28.83524
28.83481
28.83481
28.83481
28.83481
28.83481
28.83584
28.83584
28.83584
28.83584
28.83584
28.83521
28.83521
28.83521
28.83521
28.83521
28.8357
28.8357
28.8357
28.8357
28.8357
28.83644
28.83644
28.83644
28.83644
28.83644
28.83564
28.83564
28.83564
28.83564
28.83564
28.83448
28.83448
28.83448
28.83448
28.83448
28.83511
28.83511
28.83511
28.83511
28.83511
28.83519
28.83519
28.83519
28.83519
28.83519
28.83677
28.83677
28.83677
28.83677
28.83677
28.83724
28.83724
28.83724
28.83724
28.83724
28.83668
28.83668
28.83668
28.83668
28.83668
28.83543
28.83543
28.83543
28.83543
28.83543
28.83418
28.83418
28.83418
28.83418
28.83418
28.83554
28.83554
28.83554
28.83554
28.83554
28.83614
28.83614
28.83614
28.83614
28.83614
28.83577
28.83577
28.83577
28.83577
28.83577
28.8342
28.8342
28.8342
28.8342
28.8342
28.83402
28.83402
28.83402
28.83402
28.83402
28.8334
28.8334
28.8334
28.8334
28.8334
28.83468
28.83468
28.83468
28.83468
28.83468
28.83544
28.83544
28.83544
28.83544
28.83544
28.83471
28.83471
28.83471
28.83471
28.83471
28.83417
28.83417
28.83417
28.83417
28.83417
28.83483
28.83483
28.83483
28.83483
28.83483
28.83374
28.83374
28.83374
28.83374
28.83374
28.83425
28.83425
28.83425
28.83425
28.83425
28.83517
28.83517
28.83517
28.83517
28.83517
28.83437
28.83437
28.83437
28.83437
28.83437
28.83422
28.83422
28.83422
28.83422
28.83422
28.83497
28.83497
28.83497
28.83497
28.83497
28.83393
28.83393
28.83393
28.83393
28.83393
28.83407
28.83407
28.83407
28.83407
28.83407
28.83506
28.83506
28.83506
28.83506
28.83506
28.83427
28.83427
28.83427
28.83427
28.83427
28.83427
28.83427
28.83427
28.83427
28.83427
28.83506
28.83506
28.83506
28.83506
28.83506
28.83407
28.83407
28.83407
28.83407
28.83407
28.83393
28.83393
28.83393
28.83393
28.83393
28.83498
28.83498
28.83498
28.83498
28.83498
28.83423
28.83423
28.83423
28.83423
28.83423
28.83438
28.83438
28.83438
28.83438
28.83438
28.83517
28.83517
28.83517
28.83517
28.83517
28.83426
28.83426
28.83426
28.83426
28.83426
28.83375
28.83375
28.83375
28.83375
28.83375
28.83485
28.83485
28.83485
28.83485
28.83485
28.83418
28.83418
28.83418
28.83418
28.83418
28.83473
28.83473
28.83473
28.83473
28.83473
28.83546
28.83546
28.83546
28.83546
28.83546
28.83471
28.83471
28.83471
28.83471
28.83471
28.83342
28.83342
28.83342
28.83342
28.83342
28.83405
28.83405
28.83405
28.83405
28.83405
28.83422
28.83422
28.83422
28.83422
28.83422
28.83579
28.83579
28.83579
28.83579
28.83579
28.83616
28.83616
28.83616
28.83616
28.83616
28.83557
28.83557
28.83557
28.83557
28.83557
28.8342
28.8342
28.8342
28.8342
28.8342
28.83304
28.83304
28.83304
28.83304
28.83304
28.83451
28.83451
28.83451
28.83451
28.83451
28.83513
28.83513
28.83513
28.83513
28.83513
28.83482
28.83482
28.83482
28.83482
28.83482
28.8333
28.8333
28.8333
28.8333
28.8333
28.83308
28.83308
28.83308
28.83308
28.83308
28.83237
28.83237
28.83237
28.83237
28.83237
28.83381
28.83381
28.83381
28.83381
28.83381
28.83449
28.83449
28.83449
28.83449
28.83449
28.83378
28.83378
28.83378
28.83378
28.83378
28.83319
28.83319
28.83319
28.83319
28.83319
28.83386
28.83386
28.83386
28.83386
28.83386
28.83275
28.83275
28.83275
28.83275
28.83275
28.8333
28.8333
28.8333
28.8333
28.8333
28.83422
28.83422
28.83422
28.83422
28.83422
28.83341
28.83341
28.83341
28.83341
28.83341
28.83325
28.83325
28.83325
28.83325
28.83325
28.83403
28.83403
28.83403
28.83403
28.83403
28.83294
28.83294
28.83294
28.83294
28.83294
28.83308
28.83308
28.83308
28.83308
28.83308
28.8341
28.8341
28.8341
28.8341
28.8341
28.83329
28.83329
28.83329
28.83329
28.83329
28.83329
28.83329
28.83329
28.83329
28.83329
28.8341
28.8341
28.8341
28.8341
28.8341
28.83309
28.83309
28.83309
28.83309
28.83309
28.83295
28.83295
28.83295
28.83295
28.83295
28.83404
28.83404
28.83404
28.83404
28.83404
28.83326
28.83326
28.83326
28.83326
28.83326
28.83341
28.83341
28.83341
28.83341
28.83341
28.83423
28.83423
28.83423
28.83423
28.83423
28.83331
28.83331
28.83331
28.83331
28.83331
28.83277
28.83277
28.83277
28.83277
28.83277
28.83388
28.83388
28.83388
28.83388
28.83388
28.83321
28.83321
28.83321
28.83321
28.83321
28.8338
28.8338
28.8338
28.8338
28.8338
28.83451
28.83451
28.83451
28.83451
28.83451
28.83383
28.83383
28.83383
28.83383
28.83383
28.83239
28.83239
28.83239
28.83239
28.83239
28.83311
28.83311
28.83311
28.83311
28.83311
28.83332
28.83332
28.83332
28.83332
28.83332
28.83484
28.83484
28.83484
28.83484
28.83484
28.83515
28.83515
28.83515
28.83515
28.83515
28.83453
28.83453
28.83453
28.83453
28.83453
28.83306
28.83306
28.83306
28.83306
28.83306
28.83199
28.83199
28.83199
28.83199
28.83199
28.83351
28.83351
28.83351
28.83351
28.83351
28.83417
28.83417
28.83417
28.83417
28.83417
28.8339
28.8339
28.8339
28.8339
28.8339
28.83243
28.83243
28.83243
28.83243
28.83243
28.83222
28.83222
28.83222
28.83222
28.83222
28.83139
28.83139
28.83139
28.83139
28.83139
28.83287
28.83287
28.83287
28.83287
28.83287
28.83355
28.83355
28.83355
28.83355
28.83355
28.83286
28.83286
28.83286
28.83286
28.83286
28.83223
28.83223
28.83223
28.83223
28.83223
28.83288
28.83288
28.83288
28.83288
28.83288
28.83178
28.83178
28.83178
28.83178
28.83178
28.83234
28.83234
28.83234
28.83234
28.83234
28.83329
28.83329
28.83329
28.83329
28.83329
28.83247
28.83247
28.83247
28.83247
28.83247
28.83231
28.83231
28.83231
28.83231
28.83231
28.83309
28.83309
28.83309
28.83309
28.83309
28.83198
28.83198
28.83198
28.83198
28.83198
28.83211
28.83211
28.83211
28.83211
28.83211
28.83319
28.83319
28.83319
28.83319
28.83319
28.83236
28.83236
28.83236
28.83236
28.83236
28.83236
28.83236
28.83236
28.83236
28.83236
28.83318
28.83318
28.83318
28.83318
28.83318
28.83211
28.83211
28.83211
28.83211
28.83211
28.83199
28.83199
28.83199
28.83199
28.83199
28.8331
28.8331
28.8331
28.8331
28.8331
28.83232
28.83232
28.83232
28.83232
28.83232
28.83248
28.83248
28.83248
28.83248
28.83248
28.8333
28.8333
28.8333
28.8333
28.8333
28.83235
28.83235
28.83235
28.83235
28.83235
28.83179
28.83179
28.83179
28.83179
28.83179
28.83289
28.83289
28.83289
28.83289
28.83289
28.83225
28.83225
28.83225
28.83225
28.83225
28.83287
28.83287
28.83287
28.83287
28.83287
28.83356
28.83356
28.83356
28.83356
28.83356
28.83289
28.83289
28.83289
28.83289
28.83289
28.83141
28.83141
28.83141
28.83141
28.83141
28.83225
28.83225
28.83225
28.83225
28.83225
28.83245
28.83245
28.83245
28.83245
28.83245
28.83392
28.83392
28.83392
28.83392
28.83392
28.83419
28.83419
28.83419
28.83419
28.83419
28.83353
28.83353
28.83353
28.83353
28.83353
28.83201
28.83201
28.83201
28.83201
28.83201
28.83095
28.83095
28.83095
28.83095
28.83095
28.83253
28.83253
28.83253
28.83253
28.83253
28.83322
28.83322
28.83322
28.83322
28.83322
28.83298
28.83298
28.83298
28.83298
28.83298
28.83158
28.83158
28.83158
28.83158
28.83158
28.83142
28.83142
28.83142
28.83142
28.83142
28.83051
28.83051
28.83051
28.83051
28.83051
28.83193
28.83193
28.83193
28.83193
28.83193
28.83263
28.83263
28.83263
28.83263
28.83263
28.83197
28.83197
28.83197
28.83197
28.83197
28.83132
28.83132
28.83132
28.83132
28.83132
28.83196
28.83196
28.83196
28.83196
28.83196
28.83082
28.83082
28.83082
28.83082
28.83082
28.83141
28.83141
28.83141
28.83141
28.83141
28.8324
28.8324
28.8324
28.8324
28.8324
28.83157
28.83157
28.83157
28.83157
28.83157
28.83139
28.83139
28.83139
28.83139
28.83139
28.83215
28.83215
28.83215
28.83215
28.83215
28.83105
28.83105
28.83105
28.83105
28.83105
28.83117
28.83117
28.83117
28.83117
28.83117
28.83232
28.83232
28.83232
28.83232
28.83232
28.83147
28.83147
28.83147
28.83147
28.83147
28.83147
28.83147
28.83147
28.83147
28.83147
28.83232
28.83232
28.83232
28.83232
28.83232
28.83117
28.83117
28.83117
28.83117
28.83117
28.83106
28.83106
28.83106
28.83106
28.83106
28.83216
28.83216
28.83216
28.83216
28.83216
28.8314
28.8314
28.8314
28.8314
28.8314
28.83158
28.83158
28.83158
28.83158
28.83158
28.83241
28.83241
28.83241
28.83241
28.83241
28.83142
28.83142
28.83142
28.83142
28.83142
28.83083
28.83083
28.83083
28.83083
28.83083
28.83197
28.83197
28.83197
28.83197
28.83197
28.83134
28.83134
28.83134
28.83134
28.83134
28.83199
28.83199
28.83199
28.83199
28.83199
28.83265
28.83265
28.83265
28.83265
28.83265
28.83195
28.83195
28.83195
28.83195
28.83195
28.83053
28.83053
28.83053
28.83053
28.83053
28.83144
28.83144
28.83144
28.83144
28.83144
28.83161
28.83161
28.83161
28.83161
28.83161
28.833
28.833
28.833
28.833
28.833
28.83325
28.83325
28.83325
28.83325
28.83325
28.83256
28.83256
28.83256
28.83256
28.83256
28.83098
28.83098
28.83098
28.83098
28.83098
28.82996
28.82996
28.82996
28.82996
28.82996
28.83157
28.83157
28.83157
28.83157
28.83157
28.83228
28.83228
28.83228
28.83228
28.83228
28.83207
28.83207
28.83207
28.83207
28.83207
28.83073
28.83073
28.83073
28.83073
28.83073
28.83052
28.83052
28.83052
28.83052
28.83052
28.8296
28.8296
28.8296
28.8296
28.8296
28.83097
28.83097
28.83097
28.83097
28.83097
28.83172
28.83172
28.83172
28.83172
28.83172
28.8311
28.8311
28.8311
28.8311
28.8311
28.83045
28.83045
28.83045
28.83045
28.83045
28.83112
28.83112
28.83112
28.83112
28.83112
28.82991
28.82991
28.82991
28.82991
28.82991
28.83048
28.83048
28.83048
28.83048
28.83048
28.83154
28.83154
28.83154
28.83154
28.83154
28.83072
28.83072
28.83072
28.83072
28.83072
28.8305
28.8305
28.8305
28.8305
28.8305
28.83124
28.83124
28.83124
28.83124
28.83124
28.83012
28.83012
28.83012
28.83012
28.83012
28.83026
28.83026
28.83026
28.83026
28.83026
28.83148
28.83148
28.83148
28.83148
28.83148
28.83062
28.83062
28.83062
28.83062
28.83062
28.83062
28.83062
28.83062
28.83062
28.83062
28.83148
28.83148
28.83148
28.83148
28.83148
28.83026
28.83026
28.83026
28.83026
28.83026
28.83012
28.83012
28.83012
28.83012
28.83012
28.83125
28.83125
28.83125
28.83125
28.83125
28.83051
28.83051
28.83051
28.83051
28.83051
28.83073
28.83073
28.83073
28.83073
28.83073
28.83154
28.83154
28.83154
28.83154
28.83154
28.83048
28.83048
28.83048
28.83048
28.83048
28.82992
28.82992
28.82992
28.82992
28.82992
28.83114
28.83114
28.83114
28.83114
28.83114
28.83046
28.83046
28.83046
28.83046
28.83046
28.83112
28.83112
28.83112
28.83112
28.83112
28.83174
28.83174
28.83174
28.83174
28.83174
28.83099
28.83099
28.83099
28.83099
28.83099
28.82963
28.82963
28.82963
28.82963
28.82963
28.83054
28.83054
28.83054
28.83054
28.83054
28.83076
28.83076
28.83076
28.83076
28.83076
28.83209
28.83209
28.83209
28.83209
28.83209
28.83231
28.83231
28.83231
28.83231
28.83231
28.8316
28.8316
28.8316
28.8316
28.8316
28.82999
28.82999
28.82999
28.82999
28.82999
28.82897
28.82897
28.82897
28.82897
28.82897
28.83055
28.83055
28.83055
28.83055
28.83055
28.83131
28.83131
28.83131
28.83131
28.83131
28.83115
28.83115
28.83115
28.83115
28.83115
28.82991
28.82991
28.82991
28.82991
28.82991
28.82953
28.82953
28.82953
28.82953
28.82953
28.82865
28.82865
28.82865
28.82865
28.82865
28.82996
28.82996
28.82996
28.82996
28.82996
28.83077
28.83077
28.83077
28.83077
28.83077
28.83021
28.83021
28.83021
28.83021
28.83021
28.8296
28.8296
28.8296
28.8296
28.8296
28.83031
28.83031
28.83031
28.83031
28.83031
28.82901
28.82901
28.82901
28.82901
28.82901
28.82955
28.82955
28.82955
28.82955
28.82955
28.83066
28.83066
28.83066
28.83066
28.83066
28.82987
28.82987
28.82987
28.82987
28.82987
28.82965
28.82965
28.82965
28.82965
28.82965
28.83044
28.83044
28.83044
28.83044
28.83044
28.8292
28.8292
28.8292
28.8292
28.8292
28.82937
28.82937
28.82937
28.82937
28.82937
28.83061
28.83061
28.83061
28.83061
28.83061
28.82977
28.82977
28.82977
28.82977
28.82977
28.82977
28.82977
28.82977
28.82977
28.82977
28.83061
28.83061
28.83061
28.83061
28.83061
28.82937
28.82937
28.82937
28.82937
28.82937
28.82921
28.82921
28.82921
28.82921
28.82921
28.83044
28.83044
28.83044
28.83044
28.83044
28.82966
28.82966
28.82966
28.82966
28.82966
28.82988
28.82988
28.82988
28.82988
28.82988
28.83066
28.83066
28.83066
28.83066
28.83066
28.82956
28.82956
28.82956
28.82956
28.82956
28.82903
28.82903
28.82903
28.82903
28.82903
28.83033
28.83033
28.83033
28.83033
28.83033
28.82962
28.82962
28.82962
28.82962
28.82962
28.83023
28.83023
28.83023
28.83023
28.83023
28.83079
28.83079
28.83079
28.83079
28.83079
28.82998
28.82998
28.82998
28.82998
28.82998
28.82867
28.82867
28.82867
28.82867
28.82867
28.82955
28.82955
28.82955
28.82955
28.82955
28.82993
28.82993
28.82993
28.82993
28.82993
28.83118
28.83118
28.83118
28.83118
28.83118
28.83133
28.83133
28.83133
28.83133
28.83133
28.83058
28.83058
28.83058
28.83058
28.83058
28.82899
28.82899
28.82899
28.82899
28.82899
28.82798
28.82798
28.82798
28.82798
28.82798
28.82951
28.82951
28.82951
28.82951
28.82951
28.83035
28.83035
28.83035
28.83035
28.83035
28.83027
28.83027
28.83027
28.83027
28.83027
28.82914
28.82914
28.82914
28.82914
28.82914
28.8286
28.8286
28.8286
28.8286
28.8286
28.82775
28.82775
28.82775
28.82775
28.82775
28.82893
28.82893
28.82893
28.82893
28.82893
28.82983
28.82983
28.82983
28.82983
28.82983
28.82932
28.82932
28.82932
28.82932
28.82932
28.82878
28.82878
28.82878
28.82878
28.82878
28.82948
28.82948
28.82948
28.82948
28.82948
28.82812
28.82812
28.82812
28.82812
28.82812
28.82861
28.82861
28.82861
28.82861
28.82861
28.82976
28.82976
28.82976
28.82976
28.82976
28.82902
28.82902
28.82902
28.82902
28.82902
28.82885
28.82885
28.82885
28.82885
28.82885
28.82966
28.82966
28.82966
28.82966
28.82966
28.82831
28.82831
28.82831
28.82831
28.82831
28.82847
28.82847
28.82847
28.82847
28.82847
28.82971
28.82971
28.82971
28.82971
28.82971
28.82893
28.82893
28.82893
28.82893
28.82893
28.82893
28.82893
28.82893
28.82893
28.82893
28.82971
28.82971
28.82971
28.82971
28.82971
28.82847
28.82847
28.82847
28.82847
28.82847
28.82831
28.82831
28.82831
28.82831
28.82831
28.82967
28.82967
28.82967
28.82967
28.82967
28.82886
28.82886
28.82886
28.82886
28.82886
28.82903
28.82903
28.82903
28.82903
28.82903
28.82976
28.82976
28.82976
28.82976
28.82976
28.82862
28.82862
28.82862
28.82862
28.82862
28.82814
28.82814
28.82814
28.82814
28.82814
28.8295
28.8295
28.8295
28.8295
28.8295
28.82879
28.82879
28.82879
28.82879
28.82879
28.82934
28.82934
28.82934
28.82934
28.82934
28.82985
28.82985
28.82985
28.82985
28.82985
28.82895
28.82895
28.82895
28.82895
28.82895
28.82778
28.82778
28.82778
28.82778
28.82778
28.82864
28.82864
28.82864
28.82864
28.82864
28.82917
28.82917
28.82917
28.82917
28.82917
28.83029
28.83029
28.83029
28.83029
28.83029
28.83037
28.83037
28.83037
28.83037
28.83037
28.82954
28.82954
28.82954
28.82954
28.82954
28.82801
28.82801
28.82801
28.82801
28.82801
28.82702
28.82702
28.82702
28.82702
28.82702
28.82845
28.82845
28.82845
28.82845
28.82845
28.82938
28.82938
28.82938
28.82938
28.82938
28.8294
28.8294
28.8294
28.8294
28.8294
28.82841
28.82841
28.82841
28.82841
28.82841
28.82777
28.82777
28.82777
28.82777
28.82777
28.82689
28.82689
28.82689
28.82689
28.82689
28.82798
28.82798
28.82798
28.82798
28.82798
28.82901
28.82901
28.82901
28.82901
28.82901
28.8285
28.8285
28.8285
28.8285
28.8285
28.82799
28.82799
28.82799
28.82799
28.82799
28.82865
28.82865
28.82865
28.82865
28.82865
28.82725
28.82725
28.82725
28.82725
28.82725
28.82771
28.82771
28.82771
28.82771
28.82771
28.8289
28.8289
28.8289
28.8289
28.8289
28.8282
28.8282
28.8282
28.8282
28.8282
28.82807
28.82807
28.82807
28.82807
28.82807
28.82887
28.82887
28.82887
28.82887
28.82887
28.82744
28.82744
28.82744
28.82744
28.82744
28.82756
28.82756
28.82756
28.82756
28.82756
28.8288
28.8288
28.8288
28.8288
28.8288
28.82809
28.82809
28.82809
28.82809
28.82809
28.82809
28.82809
28.82809
28.82809
28.82809
28.8288
28.8288
28.8288
28.8288
28.8288
28.82756
28.82756
28.82756
28.82756
28.82756
28.82744
28.82744
28.82744
28.82744
28.82744
28.82888
28.82888
28.82888
28.82888
28.82888
28.82808
28.82808
28.82808
28.82808
28.82808
28.82821
28.82821
28.82821
28.82821
28.82821
28.8289
28.8289
28.8289
28.8289
28.8289
28.82771
28.82771
28.82771
28.82771
28.82771
28.82726
28.82726
28.82726
28.82726
28.82726
28.82866
28.82866
28.82866
28.82866
28.82866
28.82801
28.82801
28.82801
28.82801
28.82801
28.82852
28.82852
28.82852
28.82852
28.82852
28.82902
28.82902
28.82902
28.82902
28.82902
28.828
28.828
28.828
28.828
28.828
28.82692
28.82692
28.82692
28.82692
28.82692
28.82781
28.82781
28.82781
28.82781
28.82781
28.82843
28.82843
28.82843
28.82843
28.82843
28.82943
28.82943
28.82943
28.82943
28.82943
28.82941
28.82941
28.82941
28.82941
28.82941
28.82848
28.82848
28.82848
28.82848
28.82848
28.82705
28.82705
28.82705
28.82705
28.82705
28.82609
28.82609
28.82609
28.82609
28.82609
28.8274
28.8274
28.8274
28.8274
28.8274
28.8285
28.8285
28.8285
28.8285
28.8285
28.82859
28.82859
28.82859
28.82859
28.82859
28.82771
28.82771
28.82771
28.82771
28.82771
28.82705
28.82705
28.82705
28.82705
28.82705
28.82611
28.82611
28.82611
28.82611
28.82611
28.82711
28.82711
28.82711
28.82711
28.82711
28.8284
28.8284
28.8284
28.8284
28.8284
28.82781
28.82781
28.82781
28.82781
28.82781
28.82731
28.82731
28.82731
28.82731
28.82731
28.82786
28.82786
28.82786
28.82786
28.82786
28.82647
28.82647
28.82647
28.82647
28.82647
28.82683
28.82683
28.82683
28.82683
28.82683
28.82815
28.82815
28.82815
28.82815
28.82815
28.82746
28.82746
28.82746
28.82746
28.82746
28.82734
28.82734
28.82734
28.82734
28.82734
28.82808
28.82808
28.82808
28.82808
28.82808
28.82661
28.82661
28.82661
28.82661
28.82661
28.82667
28.82667
28.82667
28.82667
28.82667
28.82796
28.82796
28.82796
28.82796
28.82796
28.82731
28.82731
28.82731
28.82731
28.82731
28.82731
28.82731
28.82731
28.82731
28.82731
28.82795
28.82795
28.82795
28.82795
28.82795
28.82667
28.82667
28.82667
28.82667
28.82667
28.82662
28.82662
28.82662
28.82662
28.82662
28.8281
28.8281
28.8281
28.8281
28.8281
28.82735
28.82735
28.82735
28.82735
28.82735
28.82747
28.82747
28.82747
28.82747
28.82747
28.82815
28.82815
28.82815
28.82815
28.82815
28.82684
28.82684
28.82684
28.82684
28.82684
28.82649
28.82649
28.82649
28.82649
28.82649
28.82788
28.82788
28.82788
28.82788
28.82788
28.82733
28.82733
28.82733
28.82733
28.82733
28.82783
28.82783
28.82783
28.82783
28.82783
28.82842
28.82842
28.82842
28.82842
28.82842
28.82714
28.82714
28.82714
28.82714
28.82714
28.82614
28.82614
28.82614
28.82614
28.82614
28.82709
28.82709
28.82709
28.82709
28.82709
28.82774
28.82774
28.82774
28.82774
28.82774
28.82862
28.82862
28.82862
28.82862
28.82862
28.82853
28.82853
28.82853
28.82853
28.82853
28.82744
28.82744
28.82744
28.82744
28.82744
28.82613
28.82613
28.82613
28.82613
28.82613
28.82526
28.82526
28.82526
28.82526
28.82526
28.82644
28.82644
28.82644
28.82644
28.82644
28.82766
28.82766
28.82766
28.82766
28.82766
28.8278
28.8278
28.8278
28.8278
28.8278
28.82703
28.82703
28.82703
28.82703
28.82703
28.82639
28.82639
28.82639
28.82639
28.82639
28.82545
28.82545
28.82545
28.82545
28.82545
28.82633
28.82633
28.82633
28.82633
28.82633
28.82779
28.82779
28.82779
28.82779
28.82779
28.82714
28.82714
28.82714
28.82714
28.82714
28.82664
28.82664
28.82664
28.82664
28.82664
28.82713
28.82713
28.82713
28.82713
28.82713
28.82576
28.82576
28.82576
28.82576
28.82576
28.82604
28.82604
28.82604
28.82604
28.82604
28.82746
28.82746
28.82746
28.82746
28.82746
28.82678
28.82678
28.82678
28.82678
28.82678
28.82661
28.82661
28.82661
28.82661
28.82661
28.82737
28.82737
28.82737
28.82737
28.82737
28.82584
28.82584
28.82584
28.82584
28.82584
28.82586
28.82586
28.82586
28.82586
28.82586
28.82713
28.82713
28.82713
28.82713
28.82713
28.82655
28.82655
28.82655
28.82655
28.82655
28.82655
28.82655
28.82655
28.82655
28.82655
28.82712
28.82712
28.82712
28.82712
28.82712
28.82587
28.82587
28.82587
28.82587
28.82587
28.82586
28.82586
28.82586
28.82586
28.82586
28.82738
28.82738
28.82738
28.82738
28.82738
28.82662
28.82662
28.82662
28.82662
28.82662
28.82678
28.82678
28.82678
28.82678
28.82678
28.82745
28.82745
28.82745
28.82745
28.82745
28.82604
28.82604
28.82604
28.82604
28.82604
28.82578
28.82578
28.82578
28.82578
28.82578
28.82716
28.82716
28.82716
28.82716
28.82716
28.82665
28.82665
28.82665
28.82665
28.82665
28.82716
28.82716
28.82716
28.82716
28.82716
28.82781
28.82781
28.82781
28.82781
28.82781
28.82635
28.82635
28.82635
28.82635
28.82635
28.82548
28.82548
28.82548
28.82548
28.82548
28.82643
28.82643
28.82643
28.82643
28.82643
28.82706
28.82706
28.82706
28.82706
28.82706
28.82783
28.82783
28.82783
28.82783
28.82783
28.82769
28.82769
28.82769
28.82769
28.82769
28.82648
28.82648
28.82648
28.82648
28.82648
28.8253
28.8253
28.8253
28.8253
28.8253
28.82435
28.82435
28.82435
28.82435
28.82435
28.82535
28.82535
28.82535
28.82535
28.82535
28.82672
28.82672
28.82672
28.82672
28.82672
28.82701
28.82701
28.82701
28.82701
28.82701
28.8263
28.8263
28.8263
28.8263
28.8263
28.82573
28.82573
28.82573
28.82573
28.82573
28.82478
28.82478
28.82478
28.82478
28.82478
28.82549
28.82549
28.82549
28.82549
28.82549
28.82706
28.82706
28.82706
28.82706
28.82706
28.8265
28.8265
28.8265
28.8265
28.8265
28.82595
28.82595
28.82595
28.82595
28.82595
28.82644
28.82644
28.82644
28.82644
28.82644
28.82504
28.82504
28.82504
28.82504
28.82504
28.82519
28.82519
28.82519
28.82519
28.82519
28.8267
28.8267
28.8267
28.8267
28.8267
28.82611
28.82611
28.82611
28.82611
28.82611
28.82592
28.82592
28.82592
28.82592
28.82592
28.82671
28.82671
28.82671
28.82671
28.82671
28.82508
28.82508
28.82508
28.82508
28.82508
28.82504
28.82504
28.82504
28.82504
28.82504
28.82632
28.82632
28.82632
28.82632
28.82632
28.8258
28.8258
28.8258
28.8258
28.8258
28.8258
28.8258
28.8258
28.8258
28.8258
28.82631
28.82631
28.82631
28.82631
28.82631
28.82505
28.82505
28.82505
28.82505
28.82505
28.8251
28.8251
28.8251
28.8251
28.8251
28.82673
28.82673
28.82673
28.82673
28.82673
28.82593
28.82593
28.82593
28.82593
28.82593
28.82611
28.82611
28.82611
28.82611
28.82611
28.82669
28.82669
28.82669
28.82669
28.82669
28.8252
28.8252
28.8252
28.8252
28.8252
28.82506
28.82506
28.82506
28.82506
28.82506
28.82646
28.82646
28.82646
28.82646
28.82646
28.82596
28.82596
28.82596
28.82596
28.82596
28.82652
28.82652
28.82652
28.82652
28.82652
28.82708
28.82708
28.82708
28.82708
28.82708
28.82551
28.82551
28.82551
28.82551
28.82551
28.82481
28.82481
28.82481
28.82481
28.82481
28.82577
28.82577
28.82577
28.82577
28.82577
28.82634
28.82634
28.82634
28.82634
28.82634
28.82704
28.82704
28.82704
28.82704
28.82704
28.82676
28.82676
28.82676
28.82676
28.82676
28.82538
28.82538
28.82538
28.82538
28.82538
28.82438
28.82438
28.82438
28.82438
28.82438
28.82361
28.82361
28.82361
28.82361
28.82361
28.82448
28.82448
28.82448
28.82448
28.82448
28.82573
28.82573
28.82573
28.82573
28.82573
28.82614
28.82614
28.82614
28.82614
28.82614
28.82556
28.82556
28.82556
28.82556
28.82556
28.82495
28.82495
28.82495
28.82495
28.82495
28.82424
28.82424
28.82424
28.82424
28.82424
28.82474
28.82474
28.82474
28.82474
28.82474
28.82603
28.82603
28.82603
28.82603
28.82603
28.82569
28.82569
28.82569
28.82569
28.82569
28.82521
28.82521
28.82521
28.82521
28.82521
28.82569
28.82569
28.82569
28.82569
28.82569
28.82448
28.82448
28.82448
28.82448
28.82448
28.82457
28.82457
28.82457
28.82457
28.82457
28.8259
28.8259
28.8259
28.8259
28.8259
28.82538
28.82538
28.82538
28.82538
28.82538
28.82523
28.82523
28.82523
28.82523
28.82523
28.82603
28.82603
28.82603
28.82603
28.82603
28.82444
28.82444
28.82444
28.82444
28.82444
28.82443
28.82443
28.82443
28.82443
28.82443
28.82552
28.82552
28.82552
28.82552
28.82552
28.8251
28.8251
28.8251
28.8251
28.8251
28.8251
28.8251
28.8251
28.8251
28.8251
28.8255
28.8255
28.8255
28.8255
28.8255
28.82443
28.82443
28.82443
28.82443
28.82443
28.82445
28.82445
28.82445
28.82445
28.82445
28.82605
28.82605
28.82605
28.82605
28.82605
28.82524
28.82524
28.82524
28.82524
28.82524
28.82539
28.82539
28.82539
28.82539
28.82539
28.82588
28.82588
28.82588
28.82588
28.82588
28.82458
28.82458
28.82458
28.82458
28.82458
28.82449
28.82449
28.82449
28.82449
28.82449
28.82572
28.82572
28.82572
28.82572
28.82572
28.82523
28.82523
28.82523
28.82523
28.82523
28.8257
28.8257
28.8257
28.8257
28.8257
28.82605
28.82605
28.82605
28.82605
28.82605
28.82476
28.82476
28.82476
28.82476
28.82476
28.82427
28.82427
28.82427
28.82427
28.82427
28.82498
28.82498
28.82498
28.82498
28.82498
28.82559
28.82559
28.82559
28.82559
28.82559
28.82617
28.82617
28.82617
28.82617
28.82617
28.82576
28.82576
28.82576
28.82576
28.82576
28.82452
28.82452
28.82452
28.82452
28.82452
28.82365
28.82365
28.82365
28.82365
28.82365
28.82265
28.82265
28.82265
28.82265
28.82265
28.82328
28.82328
28.82328
28.82328
28.82328
28.82439
28.82439
28.82439
28.82439
28.82439
28.82511
28.82511
28.82511
28.82511
28.82511
28.82456
28.82456
28.82456
28.82456
28.82456
28.82402
28.82402
28.82402
28.82402
28.82402
28.82361
28.82361
28.82361
28.82361
28.82361
28.82381
28.82381
28.82381
28.82381
28.82381
28.82461
28.82461
28.82461
28.82461
28.82461
28.82468
28.82468
28.82468
28.82468
28.82468
28.82418
28.82418
28.82418
28.82418
28.82418
28.82459
28.82459
28.82459
28.82459
28.82459
28.82371
28.82371
28.82371
28.82371
28.82371
28.82372
28.82372
28.82372
28.82372
28.82372
28.82476
28.82476
28.82476
28.82476
28.82476
28.82447
28.82447
28.82447
28.82447
28.82447
28.82433
28.82433
28.82433
28.82433
28.82433
28.82497
28.82497
28.82497
28.82497
28.82497
28.82366
28.82366
28.82366
28.82366
28.82366
28.82356
28.82356
28.82356
28.82356
28.82356
28.82446
28.82446
28.82446
28.82446
28.82446
28.82412
28.82412
28.82412
28.82412
28.82412
28.82411
28.82411
28.82411
28.82411
28.82411
28.82443
28.82443
28.82443
28.82443
28.82443
28.82356
28.82356
28.82356
28.82356
28.82356
28.82368
28.82368
28.82368
28.82368
28.82368
28.82499
28.82499
28.82499
28.82499
28.82499
28.82434
28.82434
28.82434
28.82434
28.82434
28.82448
28.82448
28.82448
28.82448
28.82448
28.82474
28.82474
28.82474
28.82474
28.82474
28.82373
28.82373
28.82373
28.82373
28.82373
28.82373
28.82373
28.82373
28.82373
28.82373
28.82462
28.82462
28.82462
28.82462
28.82462
28.82419
28.82419
28.82419
28.82419
28.82419
28.8247
28.8247
28.8247
28.8247
28.8247
28.82461
28.82461
28.82461
28.82461
28.82461
28.82382
28.82382
28.82382
28.82382
28.82382
28.82363
28.82363
28.82363
28.82363
28.82363
28.82405
28.82405
28.82405
28.82405
28.82405
28.82459
28.82459
28.82459
28.82459
28.82459
28.82512
28.82512
28.82512
28.82512
28.82512
28.82442
28.82442
28.82442
28.82442
28.82442
28.82331
28.82331
28.82331
28.82331
28.82331
28.82268
28.82268
28.82268
28.82268
28.82268
28.82201
28.82201
28.82201
28.82201
28.82201
28.82249
28.82249
28.82249
28.82249
28.82249
28.82332
28.82332
28.82332
28.82332
28.82332
28.82454
28.82454
28.82454
28.82454
28.82454
28.82417
28.82417
28.82417
28.82417
28.82417
28.82364
28.82364
28.82364
28.82364
28.82364
28.82364
28.82364
28.82364
28.82364
28.82364
28.82364
28.82364
28.82364
28.82364
28.82364
28.82359
28.82359
28.82359
28.82359
28.82359
28.82407
28.82407
28.82407
28.82407
28.82407
28.82376
28.82376
28.82376
28.82376
28.82376
28.82409
28.82409
28.82409
28.82409
28.82409
28.82363
28.82363
28.82363
28.82363
28.82363
28.82361
28.82361
28.82361
28.82361
28.82361
28.82408
28.82408
28.82408
28.82408
28.82408
28.82403
28.82403
28.82403
28.82403
28.82403
28.82396
28.82396
28.82396
28.82396
28.82396
28.82428
28.82428
28.82428
28.82428
28.82428
28.82359
28.82359
28.82359
28.82359
28.82359
28.82359
28.82359
28.82359
28.82359
28.82359
28.8242
28.8242
28.8242
28.8242
28.8242
28.82396
28.82396
28.82396
28.82396
28.82396
28.82395
28.82395
28.82395
28.82395
28.82395
28.82416
28.82416
28.82416
28.82416
28.82416
28.82359
28.82359
28.82359
28.82359
28.82359
28.82361
28.82361
28.82361
28.82361
28.82361
28.8243
28.8243
28.8243
28.8243
28.8243
28.82398
28.82398
28.82398
28.82398
28.82398
28.82404
28.82404
28.82404
28.82404
28.82404
28.82407
28.82407
28.82407
28.82407
28.82407
28.82361
28.82361
28.82361
28.82361
28.82361
28.82364
28.82364
28.82364
28.82364
28.82364
28.82412
28.82412
28.82412
28.82412
28.82412
28.82378
28.82378
28.82378
28.82378
28.82378
28.8241
28.8241
28.8241
28.8241
28.8241
28.82359
28.82359
28.82359
28.82359
28.82359
28.82366
28.82366
28.82366
28.82366
28.82366
28.82366
28.82366
28.82366
28.82366
28.82366
28.82367
28.82367
28.82367
28.82367
28.82367
28.82421
28.82421
28.82421
28.82421
28.82421
28.82454
28.82454
28.82454
28.82454
28.82454
28.82333
28.82333
28.82333
28.82333
28.82333
28.82251
28.82251
28.82251
28.82251
28.82251
28.82203
28.82203
28.82203
28.82203
28.82203
28.82093
28.82093
28.82093
28.82093
28.82093
28.82114
28.82114
28.82114
28.82114
28.82114
28.82035
28.82035
28.82035
28.82035
28.82035
28.82262
28.82262
28.82262
28.82262
28.82262
28.82216
28.82216
28.82216
28.82216
28.82216
28.82198
28.82198
28.82198
28.82198
28.82198
28.82304
28.82304
28.82304
28.82304
28.82304
28.82281
28.82281
28.82281
28.82281
28.82281
28.82119
28.82119
28.82119
28.82119
28.82119
28.82199
28.82199
28.82199
28.82199
28.82199
28.82181
28.82181
28.82181
28.82181
28.82181
28.82208
28.82208
28.82208
28.82208
28.82208
28.82297
28.82297
28.82297
28.82297
28.82297
28.82276
28.82276
28.82276
28.82276
28.82276
28.82168
28.82168
28.82168
28.82168
28.82168
28.82201
28.82201
28.82201
28.82201
28.82201
28.82192
28.82192
28.82192
28.82192
28.82192
28.82182
28.82182
28.82182
28.82182
28.82182
28.82282
28.82282
28.82282
28.82282
28.82282
28.8228
28.8228
28.8228
28.8228
28.8228
28.82209
28.82209
28.82209
28.82209
28.82209
28.82202
28.82202
28.82202
28.82202
28.82202
28.82201
28.82201
28.82201
28.82201
28.82201
28.82208
28.82208
28.82208
28.82208
28.82208
28.8228
28.8228
28.8228
28.8228
28.8228
28.82284
28.82284
28.82284
28.82284
28.82284
28.82183
28.82183
28.82183
28.82183
28.82183
28.82193
28.82193
28.82193
28.82193
28.82193
28.82203
28.82203
28.82203
28.82203
28.82203
28.82169
28.82169
28.82169
28.82169
28.82169
28.82276
28.82276
28.82276
28.82276
28.82276
28.82298
28.82298
28.82298
28.82298
28.82298
28.82211
28.82211
28.82211
28.82211
28.82211
28.82183
28.82183
28.82183
28.82183
28.82183
28.82201
28.82201
28.82201
28.82201
28.82201
28.8212
28.8212
28.8212
28.8212
28.8212
28.82283
28.82283
28.82283
28.82283
28.82283
28.82305
28.82305
28.82305
28.82305
28.82305
28.82199
28.82199
28.82199
28.82199
28.82199
28.82218
28.82218
28.82218
28.82218
28.82218
28.82261
28.82261
28.82261
28.82261
28.82261
28.82033
28.82033
28.82033
28.82033
28.82033
28.82113
28.82113
28.82113
28.82113
28.82113
28.82092
28.82092
28.82092
28.82092
28.82092
)
;

boundaryField
{
    electrolyteSides
    {
        type            zeroGradient;
    }
    electrolyte_to_fuel
    {
        type            zeroGradient;
    }
    electrolyte_to_air
    {
        type            zeroGradient;
    }
}


// ************************************************************************* //
