/*--------------------------------*- C++ -*----------------------------------*\
| =========                 |                                                 |
| \\      /  F ield         | OpenFOAM: The Open Source CFD Toolbox           |
|  \\    /   O peration     | Version:  4.0                                   |
|   \\  /    A nd           | Web:      www.OpenFOAM.org                      |
|    \\/     M anipulation  |                                                 |
\*---------------------------------------------------------------------------*/
FoamFile
{
    version     2.0;
    format      ascii;
    class       volScalarField;
    location    "120/electrolyte";
    object      etaActA;
}
// * * * * * * * * * * * * * * * * * * * * * * * * * * * * * * * * * * * * * //

dimensions      [1 2 -3 0 0 -1 0];

internalField   nonuniform List<scalar> 
4840
(
0.3467391
0.3467391
0.3467391
0.3467391
0.3467391
0.3480654
0.3480654
0.3480654
0.3480654
0.3480654
0.3496169
0.3496169
0.3496169
0.3496169
0.3496169
0.3498267
0.3498267
0.3498267
0.3498267
0.3498267
0.3497925
0.3497925
0.3497925
0.3497925
0.3497925
0.3494304
0.3494304
0.3494304
0.3494304
0.3494304
0.3480655
0.3480655
0.3480655
0.3480655
0.3480655
0.3481346
0.3481346
0.3481346
0.3481346
0.3481346
0.349448
0.349448
0.349448
0.349448
0.349448
0.3496151
0.3496151
0.3496151
0.3496151
0.3496151
0.3494187
0.3494187
0.3494187
0.3494187
0.3494187
0.3492461
0.3492461
0.3492461
0.3492461
0.3492461
0.347916
0.347916
0.347916
0.347916
0.347916
0.3479291
0.3479291
0.3479291
0.3479291
0.3479291
0.3492524
0.3492524
0.3492524
0.3492524
0.3492524
0.3493761
0.3493761
0.3493761
0.3493761
0.3493761
0.3493743
0.3493743
0.3493743
0.3493743
0.3493743
0.3492025
0.3492025
0.3492025
0.3492025
0.3492025
0.3478765
0.3478765
0.3478765
0.3478765
0.3478765
0.347883
0.347883
0.347883
0.347883
0.347883
0.3492065
0.3492065
0.3492065
0.3492065
0.3492065
0.349375
0.349375
0.349375
0.349375
0.349375
0.3493741
0.3493741
0.3493741
0.3493741
0.3493741
0.3492026
0.3492026
0.3492026
0.3492026
0.3492026
0.347879
0.347879
0.347879
0.347879
0.347879
0.347913
0.347913
0.347913
0.347913
0.347913
0.3492398
0.3492398
0.3492398
0.3492398
0.3492398
0.3494086
0.3494086
0.3494086
0.3494086
0.3494086
0.3494085
0.3494085
0.3494085
0.3494085
0.3494085
0.3492367
0.3492367
0.3492367
0.3492367
0.3492367
0.3480535
0.3480535
0.3480535
0.3480535
0.3480535
0.3480457
0.3480457
0.3480457
0.3480457
0.3480457
0.3493764
0.3493764
0.3493764
0.3493764
0.3493764
0.3495462
0.3495462
0.3495462
0.3495462
0.3495462
0.3495494
0.3495494
0.3495494
0.3495494
0.3495494
0.3493745
0.3493745
0.3493745
0.3493745
0.3493745
0.3480615
0.3480615
0.3480615
0.3480615
0.3480615
0.3479972
0.3479972
0.3479972
0.3479972
0.3479972
0.3493622
0.3493622
0.3493622
0.3493622
0.3493622
0.3495419
0.3495419
0.3495419
0.3495419
0.3495419
0.3494327
0.3494327
0.3494327
0.3494327
0.3494327
0.3492076
0.3492076
0.3492076
0.3492076
0.3492076
0.3476382
0.3476382
0.3476382
0.3476382
0.3476382
0.3462972
0.3462972
0.3462972
0.3462972
0.3462972
0.3466333
0.3466333
0.3466333
0.3466333
0.3466333
0.3475986
0.3475986
0.3475986
0.3475986
0.3475986
0.348779
0.348779
0.348779
0.348779
0.348779
0.3489724
0.3489724
0.3489724
0.3489724
0.3489724
0.3489381
0.3489381
0.3489381
0.3489381
0.3489381
0.3487251
0.3487251
0.3487251
0.3487251
0.3487251
0.3475776
0.3475776
0.3475776
0.3475776
0.3475776
0.347657
0.347657
0.347657
0.347657
0.347657
0.3487546
0.3487546
0.3487546
0.3487546
0.3487546
0.3489408
0.3489408
0.3489408
0.3489408
0.3489408
0.3489359
0.3489359
0.3489359
0.3489359
0.3489359
0.3487722
0.3487722
0.3487722
0.3487722
0.3487722
0.3476528
0.3476528
0.3476528
0.3476528
0.3476528
0.3476723
0.3476723
0.3476723
0.3476723
0.3476723
0.3487835
0.3487835
0.3487835
0.3487835
0.3487835
0.3489744
0.3489744
0.3489744
0.3489744
0.3489744
0.3491084
0.3491084
0.3491084
0.3491084
0.3491084
0.3489117
0.3489117
0.3489117
0.3489117
0.3489117
0.347797
0.347797
0.347797
0.347797
0.347797
0.3478065
0.3478065
0.3478065
0.3478065
0.3478065
0.3489199
0.3489199
0.3489199
0.3489199
0.3489199
0.3491102
0.3491102
0.3491102
0.3491102
0.3491102
0.3491081
0.3491081
0.3491081
0.3491081
0.3491081
0.3489127
0.3489127
0.3489127
0.3489127
0.3489127
0.3478014
0.3478014
0.3478014
0.3478014
0.3478014
0.3478003
0.3478003
0.3478003
0.3478003
0.3478003
0.34878
0.34878
0.34878
0.34878
0.34878
0.3489728
0.3489728
0.3489728
0.3489728
0.3489728
0.3489716
0.3489716
0.3489716
0.3489716
0.3489716
0.3487765
0.3487765
0.3487765
0.3487765
0.3487765
0.3476666
0.3476666
0.3476666
0.3476666
0.3476666
0.3476199
0.3476199
0.3476199
0.3476199
0.3476199
0.3487419
0.3487419
0.3487419
0.3487419
0.3487419
0.3489365
0.3489365
0.3489365
0.3489365
0.3489365
0.3489388
0.3489388
0.3489388
0.3489388
0.3489388
0.3487485
0.3487485
0.3487485
0.3487485
0.3487485
0.3476528
0.3476528
0.3476528
0.3476528
0.3476528
0.3475814
0.3475814
0.3475814
0.3475814
0.3475814
0.3487302
0.3487302
0.3487302
0.3487302
0.3487302
0.3489382
0.3489382
0.3489382
0.3489382
0.3489382
0.3489661
0.3489661
0.3489661
0.3489661
0.3489661
0.3487981
0.3487981
0.3487981
0.3487981
0.3487981
0.3476152
0.3476152
0.3476152
0.3476152
0.3476152
0.3466271
0.3466271
0.3466271
0.3466271
0.3466271
0.3464061
0.3464061
0.3464061
0.3464061
0.3464061
0.3472766
0.3472766
0.3472766
0.3472766
0.3472766
0.3485828
0.3485828
0.3485828
0.3485828
0.3485828
0.3488192
0.3488192
0.3488192
0.3488192
0.3488192
0.3487802
0.3487802
0.3487802
0.3487802
0.3487802
0.348516
0.348516
0.348516
0.348516
0.348516
0.347445
0.347445
0.347445
0.347445
0.347445
0.3475144
0.3475144
0.3475144
0.3475144
0.3475144
0.348554
0.348554
0.348554
0.348554
0.348554
0.3487856
0.3487856
0.3487856
0.3487856
0.3487856
0.3487779
0.3487779
0.3487779
0.3487779
0.3487779
0.348529
0.348529
0.348529
0.348529
0.348529
0.3473356
0.3473356
0.3473356
0.3473356
0.3473356
0.3473614
0.3473614
0.3473614
0.3473614
0.3473614
0.3484096
0.3484096
0.3484096
0.3484096
0.3484096
0.3486464
0.3486464
0.3486464
0.3486464
0.3486464
0.3486408
0.3486408
0.3486408
0.3486408
0.3486408
0.3483594
0.3483594
0.3483594
0.3483594
0.3483594
0.3473071
0.3473071
0.3473071
0.3473071
0.3473071
0.3473195
0.3473195
0.3473195
0.3473195
0.3473195
0.3483714
0.3483714
0.3483714
0.3483714
0.3483714
0.34861
0.34861
0.34861
0.34861
0.34861
0.3486067
0.3486067
0.3486067
0.3486067
0.3486067
0.3483623
0.3483623
0.3483623
0.3483623
0.3483623
0.3473137
0.3473137
0.3473137
0.3473137
0.3473137
0.3473128
0.3473128
0.3473128
0.3473128
0.3473128
0.3483691
0.3483691
0.3483691
0.3483691
0.3483691
0.3486449
0.3486449
0.3486449
0.3486449
0.3486449
0.348643
0.348643
0.348643
0.348643
0.348643
0.3484004
0.3484004
0.3484004
0.3484004
0.3484004
0.3473551
0.3473551
0.3473551
0.3473551
0.3473551
0.3473407
0.3473407
0.3473407
0.3473407
0.3473407
0.3485378
0.3485378
0.3485378
0.3485378
0.3485378
0.3487809
0.3487809
0.3487809
0.3487809
0.3487809
0.3487826
0.3487826
0.3487826
0.3487826
0.3487826
0.3485454
0.3485454
0.3485454
0.3485454
0.3485454
0.347509
0.347509
0.347509
0.347509
0.347509
0.3474506
0.3474506
0.3474506
0.3474506
0.3474506
0.3485241
0.3485241
0.3485241
0.3485241
0.3485241
0.348781
0.348781
0.348781
0.348781
0.348781
0.3488099
0.3488099
0.3488099
0.3488099
0.3488099
0.3485616
0.3485616
0.3485616
0.3485616
0.3485616
0.3472547
0.3472547
0.3472547
0.3472547
0.3472547
0.3464021
0.3464021
0.3464021
0.3464021
0.3464021
0.3461053
0.3461053
0.3461053
0.3461053
0.3461053
0.346842
0.346842
0.346842
0.346842
0.346842
0.3480831
0.3480831
0.3480831
0.3480831
0.3480831
0.3483593
0.3483593
0.3483593
0.3483593
0.3483593
0.3483237
0.3483237
0.3483237
0.3483237
0.3483237
0.3479885
0.3479885
0.3479885
0.3479885
0.3479885
0.3469689
0.3469689
0.3469689
0.3469689
0.3469689
0.3470173
0.3470173
0.3470173
0.3470173
0.3470173
0.348043
0.348043
0.348043
0.348043
0.348043
0.3483332
0.3483332
0.3483332
0.3483332
0.3483332
0.3483216
0.3483216
0.3483216
0.3483216
0.3483216
0.3480034
0.3480034
0.3480034
0.3480034
0.3480034
0.3469897
0.3469897
0.3469897
0.3469897
0.3469897
0.3470462
0.3470462
0.3470462
0.3470462
0.3470462
0.3480691
0.3480691
0.3480691
0.3480691
0.3480691
0.3483665
0.3483665
0.3483665
0.3483665
0.3483665
0.3483587
0.3483587
0.3483587
0.3483587
0.3483587
0.3480453
0.3480453
0.3480453
0.3480453
0.3480453
0.3471696
0.3471696
0.3471696
0.3471696
0.3471696
0.347181
0.347181
0.347181
0.347181
0.347181
0.348202
0.348202
0.348202
0.348202
0.348202
0.3485029
0.3485029
0.3485029
0.3485029
0.3485029
0.3484986
0.3484986
0.3484986
0.3484986
0.3484986
0.3481915
0.3481915
0.3481915
0.3481915
0.3481915
0.347175
0.347175
0.347175
0.347175
0.347175
0.3471773
0.3471773
0.3471773
0.3471773
0.3471773
0.3481962
0.3481962
0.3481962
0.3481962
0.3481962
0.3485023
0.3485023
0.3485023
0.3485023
0.3485023
0.3483627
0.3483627
0.3483627
0.3483627
0.3483627
0.3480584
0.3480584
0.3480584
0.3480584
0.3480584
0.3470396
0.3470396
0.3470396
0.3470396
0.3470396
0.3470325
0.3470325
0.3470325
0.3470325
0.3470325
0.3480505
0.3480505
0.3480505
0.3480505
0.3480505
0.3483265
0.3483265
0.3483265
0.3483265
0.3483265
0.3483297
0.3483297
0.3483297
0.3483297
0.3483297
0.3480325
0.3480325
0.3480325
0.3480325
0.3480325
0.347011
0.347011
0.347011
0.347011
0.347011
0.3469758
0.3469758
0.3469758
0.3469758
0.3469758
0.3479986
0.3479986
0.3479986
0.3479986
0.3479986
0.3483245
0.3483245
0.3483245
0.3483245
0.3483245
0.3483467
0.3483467
0.3483467
0.3483467
0.3483467
0.3480213
0.3480213
0.3480213
0.3480213
0.3480213
0.3467807
0.3467807
0.3467807
0.3467807
0.3467807
0.3461011
0.3461011
0.3461011
0.3461011
0.3461011
0.3458347
0.3458347
0.3458347
0.3458347
0.3458347
0.3464891
0.3464891
0.3464891
0.3464891
0.3464891
0.3477821
0.3477821
0.3477821
0.3477821
0.3477821
0.3481632
0.3481632
0.3481632
0.3481632
0.3481632
0.3482728
0.3482728
0.3482728
0.3482728
0.3482728
0.3478997
0.3478997
0.3478997
0.3478997
0.3478997
0.3468814
0.3468814
0.3468814
0.3468814
0.3468814
0.3469163
0.3469163
0.3469163
0.3469163
0.3469163
0.3479528
0.3479528
0.3479528
0.3479528
0.3479528
0.3482881
0.3482881
0.3482881
0.3482881
0.3482881
0.3482739
0.3482739
0.3482739
0.3482739
0.3482739
0.3479141
0.3479141
0.3479141
0.3479141
0.3479141
0.3469006
0.3469006
0.3469006
0.3469006
0.3469006
0.3469184
0.3469184
0.3469184
0.3469184
0.3469184
0.3478107
0.3478107
0.3478107
0.3478107
0.3478107
0.348146
0.348146
0.348146
0.348146
0.348146
0.3481361
0.3481361
0.3481361
0.3481361
0.3481361
0.347781
0.347781
0.347781
0.347781
0.347781
0.3467624
0.3467624
0.3467624
0.3467624
0.3467624
0.3467376
0.3467376
0.3467376
0.3467376
0.3467376
0.3477683
0.3477683
0.3477683
0.3477683
0.3477683
0.348108
0.348108
0.348108
0.348108
0.348108
0.3481029
0.3481029
0.3481029
0.3481029
0.3481029
0.3477554
0.3477554
0.3477554
0.3477554
0.3477554
0.3467306
0.3467306
0.3467306
0.3467306
0.3467306
0.3467347
0.3467347
0.3467347
0.3467347
0.3467347
0.3477584
0.3477584
0.3477584
0.3477584
0.3477584
0.3481058
0.3481058
0.3481058
0.3481058
0.3481058
0.3481059
0.3481059
0.3481059
0.3481059
0.3481059
0.3478086
0.3478086
0.3478086
0.3478086
0.3478086
0.3467798
0.3467798
0.3467798
0.3467798
0.3467798
0.3467772
0.3467772
0.3467772
0.3467772
0.3467772
0.3477966
0.3477966
0.3477966
0.3477966
0.3477966
0.3481492
0.3481492
0.3481492
0.3481492
0.3481492
0.3483474
0.3483474
0.3483474
0.3483474
0.3483474
0.3480092
0.3480092
0.3480092
0.3480092
0.3480092
0.3469778
0.3469778
0.3469778
0.3469778
0.3469778
0.3469576
0.3469576
0.3469576
0.3469576
0.3469576
0.3479791
0.3479791
0.3479791
0.3479791
0.3479791
0.3485185
0.3485185
0.3485185
0.3485185
0.3485185
0.3485307
0.3485307
0.3485307
0.3485307
0.3485307
0.348135
0.348135
0.348135
0.348135
0.348135
0.3468456
0.3468456
0.3468456
0.3468456
0.3468456
0.3462157
0.3462157
0.3462157
0.3462157
0.3462157
0.3459771
0.3459771
0.3459771
0.3459771
0.3459771
0.3465683
0.3465683
0.3465683
0.3465683
0.3465683
0.3478732
0.3478732
0.3478732
0.3478732
0.3478732
0.3483426
0.3483426
0.3483426
0.3483426
0.3483426
0.3483279
0.3483279
0.3483279
0.3483279
0.3483279
0.347763
0.347763
0.347763
0.347763
0.347763
0.3467485
0.3467485
0.3467485
0.3467485
0.3467485
0.3467745
0.3467745
0.3467745
0.3467745
0.3467745
0.3478068
0.3478068
0.3478068
0.3478068
0.3478068
0.3481847
0.3481847
0.3481847
0.3481847
0.3481847
0.3479979
0.3479979
0.3479979
0.3479979
0.3479979
0.3475919
0.3475919
0.3475919
0.3475919
0.3475919
0.3465853
0.3465853
0.3465853
0.3465853
0.3465853
0.3466022
0.3466022
0.3466022
0.3466022
0.3466022
0.3476384
0.3476384
0.3476384
0.3476384
0.3476384
0.3479698
0.3479698
0.3479698
0.3479698
0.3479698
0.347958
0.347958
0.347958
0.347958
0.347958
0.3475594
0.3475594
0.3475594
0.3475594
0.3475594
0.3465437
0.3465437
0.3465437
0.3465437
0.3465437
0.346555
0.346555
0.346555
0.346555
0.346555
0.347582
0.347582
0.347582
0.347582
0.347582
0.3479659
0.3479659
0.3479659
0.3479659
0.3479659
0.3479603
0.3479603
0.3479603
0.3479603
0.3479603
0.347568
0.347568
0.347568
0.347568
0.347568
0.3465459
0.3465459
0.3465459
0.3465459
0.3465459
0.3465875
0.3465875
0.3465875
0.3465875
0.3465875
0.3476086
0.3476086
0.3476086
0.3476086
0.3476086
0.3479988
0.3479988
0.3479988
0.3479988
0.3479988
0.3479994
0.3479994
0.3479994
0.3479994
0.3479994
0.3476142
0.3476142
0.3476142
0.3476142
0.3476142
0.3467115
0.3467115
0.3467115
0.3467115
0.3467115
0.3467111
0.3467111
0.3467111
0.3467111
0.3467111
0.347723
0.347723
0.347723
0.347723
0.347723
0.3481206
0.3481206
0.3481206
0.3481206
0.3481206
0.3481243
0.3481243
0.3481243
0.3481243
0.3481243
0.3477328
0.3477328
0.3477328
0.3477328
0.3477328
0.3467055
0.3467055
0.3467055
0.3467055
0.3467055
0.3466951
0.3466951
0.3466951
0.3466951
0.3466951
0.3477138
0.3477138
0.3477138
0.3477138
0.3477138
0.348113
0.348113
0.348113
0.348113
0.348113
0.3479848
0.3479848
0.3479848
0.3479848
0.3479848
0.3474976
0.3474976
0.3474976
0.3474976
0.3474976
0.3461928
0.3461928
0.3461928
0.3461928
0.3461928
0.3456259
0.3456259
0.3456259
0.3456259
0.3456259
0.3454097
0.3454097
0.3454097
0.3454097
0.3454097
0.3459335
0.3459335
0.3459335
0.3459335
0.3459335
0.3472689
0.3472689
0.3472689
0.3472689
0.3472689
0.3477991
0.3477991
0.3477991
0.3477991
0.3477991
0.3477955
0.3477955
0.3477955
0.3477955
0.3477955
0.3473564
0.3473564
0.3473564
0.3473564
0.3473564
0.3463309
0.3463309
0.3463309
0.3463309
0.3463309
0.3463524
0.3463524
0.3463524
0.3463524
0.3463524
0.3474054
0.3474054
0.3474054
0.3474054
0.3474054
0.3478096
0.3478096
0.3478096
0.3478096
0.3478096
0.3477925
0.3477925
0.3477925
0.3477925
0.3477925
0.3473948
0.3473948
0.3473948
0.3473948
0.3473948
0.3463732
0.3463732
0.3463732
0.3463732
0.3463732
0.3463898
0.3463898
0.3463898
0.3463898
0.3463898
0.3474441
0.3474441
0.3474441
0.3474441
0.3474441
0.3478475
0.3478475
0.3478475
0.3478475
0.3478475
0.3479604
0.3479604
0.3479604
0.3479604
0.3479604
0.3475356
0.3475356
0.3475356
0.3475356
0.3475356
0.3465036
0.3465036
0.3465036
0.3465036
0.3465036
0.3465144
0.3465144
0.3465144
0.3465144
0.3465144
0.3475563
0.3475563
0.3475563
0.3475563
0.3475563
0.3479674
0.3479674
0.3479674
0.3479674
0.3479674
0.3479614
0.3479614
0.3479614
0.3479614
0.3479614
0.3475405
0.3475405
0.3475405
0.3475405
0.3475405
0.3465047
0.3465047
0.3465047
0.3465047
0.3465047
0.3465113
0.3465113
0.3465113
0.3465113
0.3465113
0.3474239
0.3474239
0.3474239
0.3474239
0.3474239
0.3478402
0.3478402
0.3478402
0.3478402
0.3478402
0.3478409
0.3478409
0.3478409
0.3478409
0.3478409
0.3474287
0.3474287
0.3474287
0.3474287
0.3474287
0.3463803
0.3463803
0.3463803
0.3463803
0.3463803
0.346345
0.346345
0.346345
0.346345
0.346345
0.3473729
0.3473729
0.3473729
0.3473729
0.3473729
0.3477979
0.3477979
0.3477979
0.3477979
0.3477979
0.3478032
0.3478032
0.3478032
0.3478032
0.3478032
0.34739
0.34739
0.34739
0.34739
0.34739
0.3463426
0.3463426
0.3463426
0.3463426
0.3463426
0.3463374
0.3463374
0.3463374
0.3463374
0.3463374
0.3473668
0.3473668
0.3473668
0.3473668
0.3473668
0.3477933
0.3477933
0.3477933
0.3477933
0.3477933
0.3477782
0.3477782
0.3477782
0.3477782
0.3477782
0.3472658
0.3472658
0.3472658
0.3472658
0.3472658
0.3459326
0.3459326
0.3459326
0.3459326
0.3459326
0.3453988
0.3453988
0.3453988
0.3453988
0.3453988
0.3452047
0.3452047
0.3452047
0.3452047
0.3452047
0.3457505
0.3457505
0.3457505
0.3457505
0.3457505
0.3472416
0.3472416
0.3472416
0.3472416
0.3472416
0.3478164
0.3478164
0.3478164
0.3478164
0.3478164
0.3478223
0.3478223
0.3478223
0.3478223
0.3478223
0.3473626
0.3473626
0.3473626
0.3473626
0.3473626
0.3463243
0.3463243
0.3463243
0.3463243
0.3463243
0.3463439
0.3463439
0.3463439
0.3463439
0.3463439
0.3474204
0.3474204
0.3474204
0.3474204
0.3474204
0.3478411
0.3478411
0.3478411
0.3478411
0.3478411
0.3478225
0.3478225
0.3478225
0.3478225
0.3478225
0.3473701
0.3473701
0.3473701
0.3473701
0.3473701
0.3462023
0.3462023
0.3462023
0.3462023
0.3462023
0.3462185
0.3462185
0.3462185
0.3462185
0.3462185
0.3472922
0.3472922
0.3472922
0.3472922
0.3472922
0.3477163
0.3477163
0.3477163
0.3477163
0.3477163
0.3477032
0.3477032
0.3477032
0.3477032
0.3477032
0.3472238
0.3472238
0.3472238
0.3472238
0.3472238
0.3461698
0.3461698
0.3461698
0.3461698
0.3461698
0.34618
0.34618
0.34618
0.34618
0.34618
0.3472405
0.3472405
0.3472405
0.3472405
0.3472405
0.3476744
0.3476744
0.3476744
0.3476744
0.3476744
0.3476681
0.3476681
0.3476681
0.3476681
0.3476681
0.3472251
0.3472251
0.3472251
0.3472251
0.3472251
0.346171
0.346171
0.346171
0.346171
0.346171
0.3461788
0.3461788
0.3461788
0.3461788
0.3461788
0.3472396
0.3472396
0.3472396
0.3472396
0.3472396
0.3477099
0.3477099
0.3477099
0.3477099
0.3477099
0.3477101
0.3477101
0.3477101
0.3477101
0.3477101
0.3472768
0.3472768
0.3472768
0.3472768
0.3472768
0.3462094
0.3462094
0.3462094
0.3462094
0.3462094
0.3462112
0.3462112
0.3462112
0.3462112
0.3462112
0.3473854
0.3473854
0.3473854
0.3473854
0.3473854
0.3478286
0.3478286
0.3478286
0.3478286
0.3478286
0.3478347
0.3478347
0.3478347
0.3478347
0.3478347
0.3474046
0.3474046
0.3474046
0.3474046
0.3474046
0.3463338
0.3463338
0.3463338
0.3463338
0.3463338
0.3463311
0.3463311
0.3463311
0.3463311
0.3463311
0.3473733
0.3473733
0.3473733
0.3473733
0.3473733
0.3478195
0.3478195
0.3478195
0.3478195
0.3478195
0.3477936
0.3477936
0.3477936
0.3477936
0.3477936
0.3472
0.3472
0.3472
0.3472
0.3472
0.345711
0.345711
0.345711
0.345711
0.345711
0.3451923
0.3451923
0.3451923
0.3451923
0.3451923
0.3450201
0.3450201
0.3450201
0.3450201
0.3450201
0.3455646
0.3455646
0.3455646
0.3455646
0.3455646
0.3469633
0.3469633
0.3469633
0.3469633
0.3469633
0.3475326
0.3475326
0.3475326
0.3475326
0.3475326
0.3475459
0.3475459
0.3475459
0.3475459
0.3475459
0.3470723
0.3470723
0.3470723
0.3470723
0.3470723
0.3460169
0.3460169
0.3460169
0.3460169
0.3460169
0.346036
0.346036
0.346036
0.346036
0.346036
0.3471341
0.3471341
0.3471341
0.3471341
0.3471341
0.3475687
0.3475687
0.3475687
0.3475687
0.3475687
0.347549
0.347549
0.347549
0.347549
0.347549
0.3470799
0.3470799
0.3470799
0.3470799
0.3470799
0.3460208
0.3460208
0.3460208
0.3460208
0.3460208
0.3460732
0.3460732
0.3460732
0.3460732
0.3460732
0.3471683
0.3471683
0.3471683
0.3471683
0.3471683
0.3476059
0.3476059
0.3476059
0.3476059
0.3476059
0.3475929
0.3475929
0.3475929
0.3475929
0.3475929
0.3471357
0.3471357
0.3471357
0.3471357
0.3471357
0.346187
0.346187
0.346187
0.346187
0.346187
0.3461966
0.3461966
0.3461966
0.3461966
0.3461966
0.3472751
0.3472751
0.3472751
0.3472751
0.3472751
0.3477238
0.3477238
0.3477238
0.3477238
0.3477238
0.3477173
0.3477173
0.3477173
0.3477173
0.3477173
0.3472602
0.3472602
0.3472602
0.3472602
0.3472602
0.3461883
0.3461883
0.3461883
0.3461883
0.3461883
0.3461971
0.3461971
0.3461971
0.3461971
0.3461971
0.3472784
0.3472784
0.3472784
0.3472784
0.3472784
0.3477259
0.3477259
0.3477259
0.3477259
0.3477259
0.3476
0.3476
0.3476
0.3476
0.3476
0.3471532
0.3471532
0.3471532
0.3471532
0.3471532
0.3460646
0.3460646
0.3460646
0.3460646
0.3460646
0.3460667
0.3460667
0.3460667
0.3460667
0.3460667
0.3471321
0.3471321
0.3471321
0.3471321
0.3471321
0.3475558
0.3475558
0.3475558
0.3475558
0.3475558
0.3475626
0.3475626
0.3475626
0.3475626
0.3475626
0.3471184
0.3471184
0.3471184
0.3471184
0.3471184
0.3460261
0.3460261
0.3460261
0.3460261
0.3460261
0.346024
0.346024
0.346024
0.346024
0.346024
0.3470832
0.3470832
0.3470832
0.3470832
0.3470832
0.3475429
0.3475429
0.3475429
0.3475429
0.3475429
0.3475088
0.3475088
0.3475088
0.3475088
0.3475088
0.3468845
0.3468845
0.3468845
0.3468845
0.3468845
0.3454877
0.3454877
0.3454877
0.3454877
0.3454877
0.345007
0.345007
0.345007
0.345007
0.345007
0.3448562
0.3448562
0.3448562
0.3448562
0.3448562
0.3454046
0.3454046
0.3454046
0.3454046
0.3454046
0.3468334
0.3468334
0.3468334
0.3468334
0.3468334
0.3474629
0.3474629
0.3474629
0.3474629
0.3474629
0.3476081
0.3476081
0.3476081
0.3476081
0.3476081
0.3471257
0.3471257
0.3471257
0.3471257
0.3471257
0.3460557
0.3460557
0.3460557
0.3460557
0.3460557
0.3460741
0.3460741
0.3460741
0.3460741
0.3460741
0.3471845
0.3471845
0.3471845
0.3471845
0.3471845
0.3476371
0.3476371
0.3476371
0.3476371
0.3476371
0.3476175
0.3476175
0.3476175
0.3476175
0.3476175
0.3471362
0.3471362
0.3471362
0.3471362
0.3471362
0.3460638
0.3460638
0.3460638
0.3460638
0.3460638
0.3460801
0.3460801
0.3460801
0.3460801
0.3460801
0.3470618
0.3470618
0.3470618
0.3470618
0.3470618
0.347512
0.347512
0.347512
0.347512
0.347512
0.3474992
0.3474992
0.3474992
0.3474992
0.3474992
0.3470279
0.3470279
0.3470279
0.3470279
0.3470279
0.3459394
0.3459394
0.3459394
0.3459394
0.3459394
0.3459127
0.3459127
0.3459127
0.3459127
0.3459127
0.3470087
0.3470087
0.3470087
0.3470087
0.3470087
0.3474684
0.3474684
0.3474684
0.3474684
0.3474684
0.3474618
0.3474618
0.3474618
0.3474618
0.3474618
0.3469926
0.3469926
0.3469926
0.3469926
0.3469926
0.3459041
0.3459041
0.3459041
0.3459041
0.3459041
0.345913
0.345913
0.345913
0.345913
0.345913
0.3470082
0.3470082
0.3470082
0.3470082
0.3470082
0.34747
0.34747
0.34747
0.34747
0.34747
0.34747
0.34747
0.34747
0.34747
0.34747
0.3470556
0.3470556
0.3470556
0.3470556
0.3470556
0.3459528
0.3459528
0.3459528
0.3459528
0.3459528
0.3459552
0.3459552
0.3459552
0.3459552
0.3459552
0.3470348
0.3470348
0.3470348
0.3470348
0.3470348
0.3475068
0.3475068
0.3475068
0.3475068
0.3475068
0.3476844
0.3476844
0.3476844
0.3476844
0.3476844
0.3472271
0.3472271
0.3472271
0.3472271
0.3472271
0.3461226
0.3461226
0.3461226
0.3461226
0.3461226
0.3461214
0.3461214
0.3461214
0.3461214
0.3461214
0.3471949
0.3471949
0.3471949
0.3471949
0.3471949
0.3478163
0.3478163
0.3478163
0.3478163
0.3478163
0.3477747
0.3477747
0.3477747
0.3477747
0.3477747
0.3471268
0.3471268
0.3471268
0.3471268
0.3471268
0.3457019
0.3457019
0.3457019
0.3457019
0.3457019
0.3451823
0.3451823
0.3451823
0.3451823
0.3451823
0.3451103
0.3451103
0.3451103
0.3451103
0.3451103
0.3456645
0.3456645
0.3456645
0.3456645
0.3456645
0.3471174
0.3471174
0.3471174
0.3471174
0.3471174
0.3477652
0.3477652
0.3477652
0.3477652
0.3477652
0.3477912
0.3477912
0.3477912
0.3477912
0.3477912
0.3471564
0.3471564
0.3471564
0.3471564
0.3471564
0.3460745
0.3460745
0.3460745
0.3460745
0.3460745
0.3460919
0.3460919
0.3460919
0.3460919
0.3460919
0.3472089
0.3472089
0.3472089
0.3472089
0.3472089
0.3476688
0.3476688
0.3476688
0.3476688
0.3476688
0.3474622
0.3474622
0.3474622
0.3474622
0.3474622
0.3469727
0.3469727
0.3469727
0.3469727
0.3469727
0.3458879
0.3458879
0.3458879
0.3458879
0.3458879
0.3459035
0.3459035
0.3459035
0.3459035
0.3459035
0.3470189
0.3470189
0.3470189
0.3470189
0.3470189
0.3474308
0.3474308
0.3474308
0.3474308
0.3474308
0.347418
0.347418
0.347418
0.347418
0.347418
0.346932
0.346932
0.346932
0.346932
0.346932
0.3458395
0.3458395
0.3458395
0.3458395
0.3458395
0.3458512
0.3458512
0.3458512
0.3458512
0.3458512
0.3469579
0.3469579
0.3469579
0.3469579
0.3469579
0.3474252
0.3474252
0.3474252
0.3474252
0.3474252
0.3474186
0.3474186
0.3474186
0.3474186
0.3474186
0.3469416
0.3469416
0.3469416
0.3469416
0.3469416
0.3458405
0.3458405
0.3458405
0.3458405
0.3458405
0.3458875
0.3458875
0.3458875
0.3458875
0.3458875
0.3469866
0.3469866
0.3469866
0.3469866
0.3469866
0.3474629
0.3474629
0.3474629
0.3474629
0.3474629
0.3474623
0.3474623
0.3474623
0.3474623
0.3474623
0.3469888
0.3469888
0.3469888
0.3469888
0.3469888
0.346011
0.346011
0.346011
0.346011
0.346011
0.3460144
0.3460144
0.3460144
0.3460144
0.3460144
0.3471058
0.3471058
0.3471058
0.3471058
0.3471058
0.3475853
0.3475853
0.3475853
0.3475853
0.3475853
0.3475891
0.3475891
0.3475891
0.3475891
0.3475891
0.3471147
0.3471147
0.3471147
0.3471147
0.3471147
0.3460033
0.3460033
0.3460033
0.3460033
0.3460033
0.3460034
0.3460034
0.3460034
0.3460034
0.3460034
0.3470894
0.3470894
0.3470894
0.3470894
0.3470894
0.3475629
0.3475629
0.3475629
0.3475629
0.3475629
0.3473861
0.3473861
0.3473861
0.3473861
0.3473861
0.3467173
0.3467173
0.3467173
0.3467173
0.3467173
0.3452653
0.3452653
0.3452653
0.3452653
0.3452653
0.3447393
0.3447393
0.3447393
0.3447393
0.3447393
0.3446251
0.3446251
0.3446251
0.3446251
0.3446251
0.3451461
0.3451461
0.3451461
0.3451461
0.3451461
0.34662
0.34662
0.34662
0.34662
0.34662
0.3472878
0.3472878
0.3472878
0.3472878
0.3472878
0.3473209
0.3473209
0.3473209
0.3473209
0.3473209
0.3468276
0.3468276
0.3468276
0.3468276
0.3468276
0.3457368
0.3457368
0.3457368
0.3457368
0.3457368
0.3457529
0.3457529
0.3457529
0.3457529
0.3457529
0.3468736
0.3468736
0.3468736
0.3468736
0.3468736
0.347345
0.347345
0.347345
0.347345
0.347345
0.3473304
0.3473304
0.3473304
0.3473304
0.3473304
0.3468775
0.3468775
0.3468775
0.3468775
0.3468775
0.3457808
0.3457808
0.3457808
0.3457808
0.3457808
0.3457939
0.3457939
0.3457939
0.3457939
0.3457939
0.346906
0.346906
0.346906
0.346906
0.346906
0.3473845
0.3473845
0.3473845
0.3473845
0.3473845
0.3475021
0.3475021
0.3475021
0.3475021
0.3475021
0.3470046
0.3470046
0.3470046
0.3470046
0.3470046
0.3459119
0.3459119
0.3459119
0.3459119
0.3459119
0.3459245
0.3459245
0.3459245
0.3459245
0.3459245
0.3470385
0.3470385
0.3470385
0.3470385
0.3470385
0.3475117
0.3475117
0.3475117
0.3475117
0.3475117
0.3475049
0.3475049
0.3475049
0.3475049
0.3475049
0.3470208
0.3470208
0.3470208
0.3470208
0.3470208
0.3459137
0.3459137
0.3459137
0.3459137
0.3459137
0.3459203
0.3459203
0.3459203
0.3459203
0.3459203
0.3468908
0.3468908
0.3468908
0.3468908
0.3468908
0.3473789
0.3473789
0.3473789
0.3473789
0.3473789
0.3473767
0.3473767
0.3473767
0.3473767
0.3473767
0.3468884
0.3468884
0.3468884
0.3468884
0.3468884
0.3457832
0.3457832
0.3457832
0.3457832
0.3457832
0.3457498
0.3457498
0.3457498
0.3457498
0.3457498
0.3468535
0.3468535
0.3468535
0.3468535
0.3468535
0.347336
0.347336
0.347336
0.347336
0.347336
0.347337
0.347337
0.347337
0.347337
0.347337
0.3468556
0.3468556
0.3468556
0.3468556
0.3468556
0.3457411
0.3457411
0.3457411
0.3457411
0.3457411
0.3457424
0.3457424
0.3457424
0.3457424
0.3457424
0.346837
0.346837
0.346837
0.346837
0.346837
0.3473156
0.3473156
0.3473156
0.3473156
0.3473156
0.3472605
0.3472605
0.3472605
0.3472605
0.3472605
0.3466115
0.3466115
0.3466115
0.3466115
0.3466115
0.3451404
0.3451404
0.3451404
0.3451404
0.3451404
0.344609
0.344609
0.344609
0.344609
0.344609
0.3445095
0.3445095
0.3445095
0.3445095
0.3445095
0.345075
0.345075
0.345075
0.345075
0.345075
0.3466924
0.3466924
0.3466924
0.3466924
0.3466924
0.3473769
0.3473769
0.3473769
0.3473769
0.3473769
0.3474165
0.3474165
0.3474165
0.3474165
0.3474165
0.3469187
0.3469187
0.3469187
0.3469187
0.3469187
0.3458254
0.3458254
0.3458254
0.3458254
0.3458254
0.3458403
0.3458403
0.3458403
0.3458403
0.3458403
0.3469616
0.3469616
0.3469616
0.3469616
0.3469616
0.3474407
0.3474407
0.3474407
0.3474407
0.3474407
0.3474283
0.3474283
0.3474283
0.3474283
0.3474283
0.3469347
0.3469347
0.3469347
0.3469347
0.3469347
0.3457073
0.3457073
0.3457073
0.3457073
0.3457073
0.345712
0.345712
0.345712
0.345712
0.345712
0.3468154
0.3468154
0.3468154
0.3468154
0.3468154
0.3473073
0.3473073
0.3473073
0.3473073
0.3473073
0.3472989
0.3472989
0.3472989
0.3472989
0.3472989
0.346756
0.346756
0.346756
0.346756
0.346756
0.3456605
0.3456605
0.3456605
0.3456605
0.3456605
0.345673
0.345673
0.345673
0.345673
0.345673
0.3467878
0.3467878
0.3467878
0.3467878
0.3467878
0.3472708
0.3472708
0.3472708
0.3472708
0.3472708
0.347264
0.347264
0.347264
0.347264
0.347264
0.3467712
0.3467712
0.3467712
0.3467712
0.3467712
0.3456634
0.3456634
0.3456634
0.3456634
0.3456634
0.3456702
0.3456702
0.3456702
0.3456702
0.3456702
0.3467728
0.3467728
0.3467728
0.3467728
0.3467728
0.347306
0.347306
0.347306
0.347306
0.347306
0.3473004
0.3473004
0.3473004
0.3473004
0.3473004
0.3467987
0.3467987
0.3467987
0.3467987
0.3467987
0.3457023
0.3457023
0.3457023
0.3457023
0.3457023
0.3457169
0.3457169
0.3457169
0.3457169
0.3457169
0.3469512
0.3469512
0.3469512
0.3469512
0.3469512
0.3474349
0.3474349
0.3474349
0.3474349
0.3474349
0.3474334
0.3474334
0.3474334
0.3474334
0.3474334
0.346944
0.346944
0.346944
0.346944
0.346944
0.3458291
0.3458291
0.3458291
0.3458291
0.3458291
0.3458318
0.3458318
0.3458318
0.3458318
0.3458318
0.3469289
0.3469289
0.3469289
0.3469289
0.3469289
0.3474114
0.3474114
0.3474114
0.3474114
0.3474114
0.3473496
0.3473496
0.3473496
0.3473496
0.3473496
0.3466443
0.3466443
0.3466443
0.3466443
0.3466443
0.3450297
0.3450297
0.3450297
0.3450297
0.3450297
0.3444937
0.3444937
0.3444937
0.3444937
0.3444937
0.3444064
0.3444064
0.3444064
0.3444064
0.3444064
0.3449742
0.3449742
0.3449742
0.3449742
0.3449742
0.3464694
0.3464694
0.3464694
0.3464694
0.3464694
0.3471336
0.3471336
0.3471336
0.3471336
0.3471336
0.3471807
0.3471807
0.3471807
0.3471807
0.3471807
0.3466796
0.3466796
0.3466796
0.3466796
0.3466796
0.345586
0.345586
0.345586
0.345586
0.345586
0.3456003
0.3456003
0.3456003
0.3456003
0.3456003
0.3467192
0.3467192
0.3467192
0.3467192
0.3467192
0.3472062
0.3472062
0.3472062
0.3472062
0.3472062
0.3471965
0.3471965
0.3471965
0.3471965
0.3471965
0.3467016
0.3467016
0.3467016
0.3467016
0.3467016
0.3456064
0.3456064
0.3456064
0.3456064
0.3456064
0.3456419
0.3456419
0.3456419
0.3456419
0.3456419
0.3467329
0.3467329
0.3467329
0.3467329
0.3467329
0.3472365
0.3472365
0.3472365
0.3472365
0.3472365
0.3472319
0.3472319
0.3472319
0.3472319
0.3472319
0.3467255
0.3467255
0.3467255
0.3467255
0.3467255
0.3457587
0.3457587
0.3457587
0.3457587
0.3457587
0.3457707
0.3457707
0.3457707
0.3457707
0.3457707
0.3468818
0.3468818
0.3468818
0.3468818
0.3468818
0.3473717
0.3473717
0.3473717
0.3473717
0.3473717
0.3473648
0.3473648
0.3473648
0.3473648
0.3473648
0.3468664
0.3468664
0.3468664
0.3468664
0.3468664
0.3457623
0.3457623
0.3457623
0.3457623
0.3457623
0.3457697
0.3457697
0.3457697
0.3457697
0.3457697
0.3468726
0.3468726
0.3468726
0.3468726
0.3468726
0.3473689
0.3473689
0.3473689
0.3473689
0.3473689
0.3472307
0.3472307
0.3472307
0.3472307
0.3472307
0.3467173
0.3467173
0.3467173
0.3467173
0.3467173
0.3456333
0.3456333
0.3456333
0.3456333
0.3456333
0.3456566
0.3456566
0.3456566
0.3456566
0.3456566
0.3467585
0.3467585
0.3467585
0.3467585
0.3467585
0.347204
0.347204
0.347204
0.347204
0.347204
0.3471997
0.3471997
0.3471997
0.3471997
0.3471997
0.3467024
0.3467024
0.3467024
0.3467024
0.3467024
0.3455898
0.3455898
0.3455898
0.3455898
0.3455898
0.3455932
0.3455932
0.3455932
0.3455932
0.3455932
0.3466905
0.3466905
0.3466905
0.3466905
0.3466905
0.347176
0.347176
0.347176
0.347176
0.347176
0.3471065
0.3471065
0.3471065
0.3471065
0.3471065
0.3463824
0.3463824
0.3463824
0.3463824
0.3463824
0.3448896
0.3448896
0.3448896
0.3448896
0.3448896
0.3443908
0.3443908
0.3443908
0.3443908
0.3443908
0.344314
0.344314
0.344314
0.344314
0.344314
0.3448847
0.3448847
0.3448847
0.3448847
0.3448847
0.3463877
0.3463877
0.3463877
0.3463877
0.3463877
0.3471048
0.3471048
0.3471048
0.3471048
0.3471048
0.3472879
0.3472879
0.3472879
0.3472879
0.3472879
0.3467895
0.3467895
0.3467895
0.3467895
0.3467895
0.3456939
0.3456939
0.3456939
0.3456939
0.3456939
0.3457065
0.3457065
0.3457065
0.3457065
0.3457065
0.3468181
0.3468181
0.3468181
0.3468181
0.3468181
0.3473169
0.3473169
0.3473169
0.3473169
0.3473169
0.3473103
0.3473103
0.3473103
0.3473103
0.3473103
0.3468154
0.3468154
0.3468154
0.3468154
0.3468154
0.3457246
0.3457246
0.3457246
0.3457246
0.3457246
0.3457143
0.3457143
0.3457143
0.3457143
0.3457143
0.3466652
0.3466652
0.3466652
0.3466652
0.3466652
0.3471757
0.3471757
0.3471757
0.3471757
0.3471757
0.3471743
0.3471743
0.3471743
0.3471743
0.3471743
0.346668
0.346668
0.346668
0.346668
0.346668
0.3455701
0.3455701
0.3455701
0.3455701
0.3455701
0.3455413
0.3455413
0.3455413
0.3455413
0.3455413
0.3466485
0.3466485
0.3466485
0.3466485
0.3466485
0.3471445
0.3471445
0.3471445
0.3471445
0.3471445
0.3471376
0.3471376
0.3471376
0.3471376
0.3471376
0.3466318
0.3466318
0.3466318
0.3466318
0.3466318
0.3455328
0.3455328
0.3455328
0.3455328
0.3455328
0.3455412
0.3455412
0.3455412
0.3455412
0.3455412
0.3466461
0.3466461
0.3466461
0.3466461
0.3466461
0.3471426
0.3471426
0.3471426
0.3471426
0.3471426
0.3471303
0.3471303
0.3471303
0.3471303
0.3471303
0.3466618
0.3466618
0.3466618
0.3466618
0.3466618
0.3455875
0.3455875
0.3455875
0.3455875
0.3455875
0.3456172
0.3456172
0.3456172
0.3456172
0.3456172
0.3467152
0.3467152
0.3467152
0.3467152
0.3467152
0.3472003
0.3472003
0.3472003
0.3472003
0.3472003
0.3473815
0.3473815
0.3473815
0.3473815
0.3473815
0.3468769
0.3468769
0.3468769
0.3468769
0.3468769
0.3457718
0.3457718
0.3457718
0.3457718
0.3457718
0.345777
0.345777
0.345777
0.345777
0.345777
0.3468759
0.3468759
0.3468759
0.3468759
0.3468759
0.3475048
0.3475048
0.3475048
0.3475048
0.3475048
0.3474278
0.3474278
0.3474278
0.3474278
0.3474278
0.3466911
0.3466911
0.3466911
0.3466911
0.3466911
0.3451924
0.3451924
0.3451924
0.3451924
0.3451924
0.344652
0.344652
0.344652
0.344652
0.344652
0.3446583
0.3446583
0.3446583
0.3446583
0.3446583
0.3452275
0.3452275
0.3452275
0.3452275
0.3452275
0.3467263
0.3467263
0.3467263
0.3467263
0.3467263
0.3474616
0.3474616
0.3474616
0.3474616
0.3474616
0.3475258
0.3475258
0.3475258
0.3475258
0.3475258
0.3468897
0.3468897
0.3468897
0.3468897
0.3468897
0.3457971
0.3457971
0.3457971
0.3457971
0.3457971
0.3458048
0.3458048
0.3458048
0.3458048
0.3458048
0.3468991
0.3468991
0.3468991
0.3468991
0.3468991
0.3474048
0.3474048
0.3474048
0.3474048
0.3474048
0.3471851
0.3471851
0.3471851
0.3471851
0.3471851
0.3466896
0.3466896
0.3466896
0.3466896
0.3466896
0.3455994
0.3455994
0.3455994
0.3455994
0.3455994
0.3455896
0.3455896
0.3455896
0.3455896
0.3455896
0.34666
0.34666
0.34666
0.34666
0.34666
0.3471134
0.3471134
0.3471134
0.3471134
0.3471134
0.3471153
0.3471153
0.3471153
0.3471153
0.3471153
0.3466081
0.3466081
0.3466081
0.3466081
0.3466081
0.3455133
0.3455133
0.3455133
0.3455133
0.3455133
0.3455229
0.3455229
0.3455229
0.3455229
0.3455229
0.3466155
0.3466155
0.3466155
0.3466155
0.3466155
0.3471197
0.3471197
0.3471197
0.3471197
0.3471197
0.3471127
0.3471127
0.3471127
0.3471127
0.3471127
0.3465988
0.3465988
0.3465988
0.3465988
0.3465988
0.3455108
0.3455108
0.3455108
0.3455108
0.3455108
0.3455661
0.3455661
0.3455661
0.3455661
0.3455661
0.3466678
0.3466678
0.3466678
0.3466678
0.3466678
0.3471649
0.3471649
0.3471649
0.3471649
0.3471649
0.3471492
0.3471492
0.3471492
0.3471492
0.3471492
0.3466226
0.3466226
0.3466226
0.3466226
0.3466226
0.3456959
0.3456959
0.3456959
0.3456959
0.3456959
0.3457253
0.3457253
0.3457253
0.3457253
0.3457253
0.346822
0.346822
0.346822
0.346822
0.346822
0.3473073
0.3473073
0.3473073
0.3473073
0.3473073
0.3472939
0.3472939
0.3472939
0.3472939
0.3472939
0.346775
0.346775
0.346775
0.346775
0.346775
0.3456864
0.3456864
0.3456864
0.3456864
0.3456864
0.3456964
0.3456964
0.3456964
0.3456964
0.3456964
0.3467929
0.3467929
0.3467929
0.3467929
0.3467929
0.3472712
0.3472712
0.3472712
0.3472712
0.3472712
0.3470468
0.3470468
0.3470468
0.3470468
0.3470468
0.3462898
0.3462898
0.3462898
0.3462898
0.3462898
0.3447925
0.3447925
0.3447925
0.3447925
0.3447925
0.3442529
0.3442529
0.3442529
0.3442529
0.3442529
0.3441908
0.3441908
0.3441908
0.3441908
0.3441908
0.3447145
0.3447145
0.3447145
0.3447145
0.3447145
0.346211
0.346211
0.346211
0.346211
0.346211
0.3469654
0.3469654
0.3469654
0.3469654
0.3469654
0.3470408
0.3470408
0.3470408
0.3470408
0.3470408
0.3465521
0.3465521
0.3465521
0.3465521
0.3465521
0.3454669
0.3454669
0.3454669
0.3454669
0.3454669
0.3454647
0.3454647
0.3454647
0.3454647
0.3454647
0.346541
0.346541
0.346541
0.346541
0.346541
0.3470577
0.3470577
0.3470577
0.3470577
0.3470577
0.3470625
0.3470625
0.3470625
0.3470625
0.3470625
0.3466122
0.3466122
0.3466122
0.3466122
0.3466122
0.3455251
0.3455251
0.3455251
0.3455251
0.3455251
0.3455146
0.3455146
0.3455146
0.3455146
0.3455146
0.3465756
0.3465756
0.3465756
0.3465756
0.3465756
0.3470959
0.3470959
0.3470959
0.3470959
0.3470959
0.3472364
0.3472364
0.3472364
0.3472364
0.3472364
0.3467305
0.3467305
0.3467305
0.3467305
0.3467305
0.3456397
0.3456397
0.3456397
0.3456397
0.3456397
0.3456467
0.3456467
0.3456467
0.3456467
0.3456467
0.3467288
0.3467288
0.3467288
0.3467288
0.3467288
0.3472385
0.3472385
0.3472385
0.3472385
0.3472385
0.3472315
0.3472315
0.3472315
0.3472315
0.3472315
0.3467113
0.3467113
0.3467113
0.3467113
0.3467113
0.3456362
0.3456362
0.3456362
0.3456362
0.3456362
0.3456488
0.3456488
0.3456488
0.3456488
0.3456488
0.3466101
0.3466101
0.3466101
0.3466101
0.3466101
0.3471063
0.3471063
0.3471063
0.3471063
0.3471063
0.3470877
0.3470877
0.3470877
0.3470877
0.3470877
0.3465575
0.3465575
0.3465575
0.3465575
0.3465575
0.3455037
0.3455037
0.3455037
0.3455037
0.3455037
0.3454891
0.3454891
0.3454891
0.3454891
0.3454891
0.346583
0.346583
0.346583
0.346583
0.346583
0.3470683
0.3470683
0.3470683
0.3470683
0.3470683
0.3470496
0.3470496
0.3470496
0.3470496
0.3470496
0.3465226
0.3465226
0.3465226
0.3465226
0.3465226
0.3454525
0.3454525
0.3454525
0.3454525
0.3454525
0.3454721
0.3454721
0.3454721
0.3454721
0.3454721
0.3465613
0.3465613
0.3465613
0.3465613
0.3465613
0.3470343
0.3470343
0.3470343
0.3470343
0.3470343
0.346936
0.346936
0.346936
0.346936
0.346936
0.346206
0.346206
0.346206
0.346206
0.346206
0.3447127
0.3447127
0.3447127
0.3447127
0.3447127
0.3441744
0.3441744
0.3441744
0.3441744
0.3441744
0.3441151
0.3441151
0.3441151
0.3441151
0.3441151
0.3446735
0.3446735
0.3446735
0.3446735
0.3446735
0.3462789
0.3462789
0.3462789
0.3462789
0.3462789
0.3470696
0.3470696
0.3470696
0.3470696
0.3470696
0.3471645
0.3471645
0.3471645
0.3471645
0.3471645
0.3466806
0.3466806
0.3466806
0.3466806
0.3466806
0.345601
0.345601
0.345601
0.345601
0.345601
0.3455956
0.3455956
0.3455956
0.3455956
0.3455956
0.3466365
0.3466365
0.3466365
0.3466365
0.3466365
0.3471734
0.3471734
0.3471734
0.3471734
0.3471734
0.3471858
0.3471858
0.3471858
0.3471858
0.3471858
0.3466815
0.3466815
0.3466815
0.3466815
0.3466815
0.34547
0.34547
0.34547
0.34547
0.34547
0.3454629
0.3454629
0.3454629
0.3454629
0.3454629
0.3465013
0.3465013
0.3465013
0.3465013
0.3465013
0.3470333
0.3470333
0.3470333
0.3470333
0.3470333
0.347041
0.347041
0.347041
0.347041
0.347041
0.346482
0.346482
0.346482
0.346482
0.346482
0.3454077
0.3454077
0.3454077
0.3454077
0.3454077
0.345413
0.345413
0.345413
0.345413
0.345413
0.3464693
0.3464693
0.3464693
0.3464693
0.3464693
0.3469941
0.3469941
0.3469941
0.3469941
0.3469941
0.3469871
0.3469871
0.3469871
0.3469871
0.3469871
0.3464524
0.3464524
0.3464524
0.3464524
0.3464524
0.3454032
0.3454032
0.3454032
0.3454032
0.3454032
0.3454176
0.3454176
0.3454176
0.3454176
0.3454176
0.346499
0.346499
0.346499
0.346499
0.346499
0.3470482
0.3470482
0.3470482
0.3470482
0.3470482
0.3470261
0.3470261
0.3470261
0.3470261
0.3470261
0.3464842
0.3464842
0.3464842
0.3464842
0.3464842
0.3454531
0.3454531
0.3454531
0.3454531
0.3454531
0.3454801
0.3454801
0.3454801
0.3454801
0.3454801
0.3466985
0.3466985
0.3466985
0.3466985
0.3466985
0.3471924
0.3471924
0.3471924
0.3471924
0.3471924
0.3471657
0.3471657
0.3471657
0.3471657
0.3471657
0.3466185
0.3466185
0.3466185
0.3466185
0.3466185
0.3455838
0.3455838
0.3455838
0.3455838
0.3455838
0.3456069
0.3456069
0.3456069
0.3456069
0.3456069
0.34669
0.34669
0.34669
0.34669
0.34669
0.3471579
0.3471579
0.3471579
0.3471579
0.3471579
0.3470399
0.3470399
0.3470399
0.3470399
0.3470399
0.3462284
0.3462284
0.3462284
0.3462284
0.3462284
0.3446268
0.3446268
0.3446268
0.3446268
0.3446268
0.3440989
0.3440989
0.3440989
0.3440989
0.3440989
0.3440351
0.3440351
0.3440351
0.3440351
0.3440351
0.3445686
0.3445686
0.3445686
0.3445686
0.3445686
0.3459744
0.3459744
0.3459744
0.3459744
0.3459744
0.3467909
0.3467909
0.3467909
0.3467909
0.3467909
0.3469171
0.3469171
0.3469171
0.3469171
0.3469171
0.346425
0.346425
0.346425
0.346425
0.346425
0.3453672
0.3453672
0.3453672
0.3453672
0.3453672
0.3453592
0.3453592
0.3453592
0.3453592
0.3453592
0.3463489
0.3463489
0.3463489
0.3463489
0.3463489
0.3469181
0.3469181
0.3469181
0.3469181
0.3469181
0.3469388
0.3469388
0.3469388
0.3469388
0.3469388
0.3464111
0.3464111
0.3464111
0.3464111
0.3464111
0.3453692
0.3453692
0.3453692
0.3453692
0.3453692
0.3454086
0.3454086
0.3454086
0.3454086
0.3454086
0.3464078
0.3464078
0.3464078
0.3464078
0.3464078
0.346964
0.346964
0.346964
0.346964
0.346964
0.3469745
0.3469745
0.3469745
0.3469745
0.3469745
0.3464365
0.3464365
0.3464365
0.3464365
0.3464365
0.3455373
0.3455373
0.3455373
0.3455373
0.3455373
0.3455415
0.3455415
0.3455415
0.3455415
0.3455415
0.3465574
0.3465574
0.3465574
0.3465574
0.3465574
0.347106
0.347106
0.347106
0.347106
0.347106
0.3470989
0.3470989
0.3470989
0.3470989
0.3470989
0.3465411
0.3465411
0.3465411
0.3465411
0.3465411
0.3455324
0.3455324
0.3455324
0.3455324
0.3455324
0.345548
0.345548
0.345548
0.345548
0.345548
0.3465912
0.3465912
0.3465912
0.3465912
0.3465912
0.3471189
0.3471189
0.3471189
0.3471189
0.3471189
0.346958
0.346958
0.346958
0.346958
0.346958
0.3463918
0.3463918
0.3463918
0.3463918
0.3463918
0.3454
0.3454
0.3454
0.3454
0.3454
0.3454255
0.3454255
0.3454255
0.3454255
0.3454255
0.3464743
0.3464743
0.3464743
0.3464743
0.3464743
0.3469462
0.3469462
0.3469462
0.3469462
0.3469462
0.346911
0.346911
0.346911
0.346911
0.346911
0.3463314
0.3463314
0.3463314
0.3463314
0.3463314
0.3453476
0.3453476
0.3453476
0.3453476
0.3453476
0.3453733
0.3453733
0.3453733
0.3453733
0.3453733
0.3464342
0.3464342
0.3464342
0.3464342
0.3464342
0.3469099
0.3469099
0.3469099
0.3469099
0.3469099
0.3467603
0.3467603
0.3467603
0.3467603
0.3467603
0.3458782
0.3458782
0.3458782
0.3458782
0.3458782
0.3444762
0.3444762
0.3444762
0.3444762
0.3444762
0.3440186
0.3440186
0.3440186
0.3440186
0.3440186
0.3439417
0.3439417
0.3439417
0.3439417
0.3439417
0.3444487
0.3444487
0.3444487
0.3444487
0.3444487
0.3457963
0.3457963
0.3457963
0.3457963
0.3457963
0.3467236
0.3467236
0.3467236
0.3467236
0.3467236
0.3470231
0.3470231
0.3470231
0.3470231
0.3470231
0.3465164
0.3465164
0.3465164
0.3465164
0.3465164
0.3454898
0.3454898
0.3454898
0.3454898
0.3454898
0.3454782
0.3454782
0.3454782
0.3454782
0.3454782
0.3464177
0.3464177
0.3464177
0.3464177
0.3464177
0.3470206
0.3470206
0.3470206
0.3470206
0.3470206
0.347049
0.347049
0.347049
0.347049
0.347049
0.346495
0.346495
0.346495
0.346495
0.346495
0.3454914
0.3454914
0.3454914
0.3454914
0.3454914
0.3454862
0.3454862
0.3454862
0.3454862
0.3454862
0.3463072
0.3463072
0.3463072
0.3463072
0.3463072
0.3468907
0.3468907
0.3468907
0.3468907
0.3468907
0.3469031
0.3469031
0.3469031
0.3469031
0.3469031
0.346337
0.346337
0.346337
0.346337
0.346337
0.3453432
0.3453432
0.3453432
0.3453432
0.3453432
0.3453013
0.3453013
0.3453013
0.3453013
0.3453013
0.3462764
0.3462764
0.3462764
0.3462764
0.3462764
0.3468514
0.3468514
0.3468514
0.3468514
0.3468514
0.3468441
0.3468441
0.3468441
0.3468441
0.3468441
0.346259
0.346259
0.346259
0.346259
0.346259
0.3452937
0.3452937
0.3452937
0.3452937
0.3452937
0.34531
0.34531
0.34531
0.34531
0.34531
0.3463112
0.3463112
0.3463112
0.3463112
0.3463112
0.3468672
0.3468672
0.3468672
0.3468672
0.3468672
0.3468402
0.3468402
0.3468402
0.3468402
0.3468402
0.3463098
0.3463098
0.3463098
0.3463098
0.3463098
0.3453601
0.3453601
0.3453601
0.3453601
0.3453601
0.3453852
0.3453852
0.3453852
0.3453852
0.3453852
0.3463963
0.3463963
0.3463963
0.3463963
0.3463963
0.34694
0.34694
0.34694
0.34694
0.34694
0.347115
0.347115
0.347115
0.347115
0.347115
0.3465046
0.3465046
0.3465046
0.3465046
0.3465046
0.3455717
0.3455717
0.3455717
0.3455717
0.3455717
0.3456012
0.3456012
0.3456012
0.3456012
0.3456012
0.3466308
0.3466308
0.3466308
0.3466308
0.3466308
0.3472626
0.3472626
0.3472626
0.3472626
0.3472626
0.3470762
0.3470762
0.3470762
0.3470762
0.3470762
0.3461299
0.3461299
0.3461299
0.3461299
0.3461299
0.3447883
0.3447883
0.3447883
0.3447883
0.3447883
0.3443137
0.3443137
0.3443137
0.3443137
0.3443137
0.3442628
0.3442628
0.3442628
0.3442628
0.3442628
0.3446829
0.3446829
0.3446829
0.3446829
0.3446829
0.3458101
0.3458101
0.3458101
0.3458101
0.3458101
0.3469831
0.3469831
0.3469831
0.3469831
0.3469831
0.3471902
0.3471902
0.3471902
0.3471902
0.3471902
0.3464485
0.3464485
0.3464485
0.3464485
0.3464485
0.3455651
0.3455651
0.3455651
0.3455651
0.3455651
0.3455461
0.3455461
0.3455461
0.3455461
0.3455461
0.3463199
0.3463199
0.3463199
0.3463199
0.3463199
0.3470428
0.3470428
0.3470428
0.3470428
0.3470428
0.3468315
0.3468315
0.3468315
0.3468315
0.3468315
0.3461646
0.3461646
0.3461646
0.3461646
0.3461646
0.3453156
0.3453156
0.3453156
0.3453156
0.3453156
0.3453098
0.3453098
0.3453098
0.3453098
0.3453098
0.3461147
0.3461147
0.3461147
0.3461147
0.3461147
0.3467362
0.3467362
0.3467362
0.3467362
0.3467362
0.3467476
0.3467476
0.3467476
0.3467476
0.3467476
0.3460662
0.3460662
0.3460662
0.3460662
0.3460662
0.3452303
0.3452303
0.3452303
0.3452303
0.3452303
0.3452338
0.3452338
0.3452338
0.3452338
0.3452338
0.3460516
0.3460516
0.3460516
0.3460516
0.3460516
0.3467386
0.3467386
0.3467386
0.3467386
0.3467386
0.3467307
0.3467307
0.3467307
0.3467307
0.3467307
0.3460338
0.3460338
0.3460338
0.3460338
0.3460338
0.34522
0.34522
0.34522
0.34522
0.34522
0.345286
0.345286
0.345286
0.345286
0.345286
0.3461297
0.3461297
0.3461297
0.3461297
0.3461297
0.346801
0.346801
0.346801
0.346801
0.346801
0.3467739
0.3467739
0.3467739
0.3467739
0.3467739
0.3460681
0.3460681
0.3460681
0.3460681
0.3460681
0.3454147
0.3454147
0.3454147
0.3454147
0.3454147
0.34544
0.34544
0.34544
0.34544
0.34544
0.3462966
0.3462966
0.3462966
0.3462966
0.3462966
0.3469531
0.3469531
0.3469531
0.3469531
0.3469531
0.346906
0.346906
0.346906
0.346906
0.346906
0.3461704
0.3461704
0.3461704
0.3461704
0.3461704
0.3454032
0.3454032
0.3454032
0.3454032
0.3454032
0.3454395
0.3454395
0.3454395
0.3454395
0.3454395
0.3463263
0.3463263
0.3463263
0.3463263
0.3463263
0.3469052
0.3469052
0.3469052
0.3469052
0.3469052
0.3465265
0.3465265
0.3465265
0.3465265
0.3465265
0.3453339
0.3453339
0.3453339
0.3453339
0.3453339
0.344214
0.344214
0.344214
0.344214
0.344214
0.3438273
0.3438273
0.3438273
0.3438273
0.3438273
0.343628
0.343628
0.343628
0.343628
0.343628
0.343905
0.343905
0.343905
0.343905
0.343905
0.344779
0.344779
0.344779
0.344779
0.344779
0.3461071
0.3461071
0.3461071
0.3461071
0.3461071
0.3463759
0.3463759
0.3463759
0.3463759
0.3463759
0.3457285
0.3457285
0.3457285
0.3457285
0.3457285
0.3450452
0.3450452
0.3450452
0.3450452
0.3450452
0.3450217
0.3450217
0.3450217
0.3450217
0.3450217
0.3456105
0.3456105
0.3456105
0.3456105
0.3456105
0.3463814
0.3463814
0.3463814
0.3463814
0.3463814
0.3464137
0.3464137
0.3464137
0.3464137
0.3464137
0.3457369
0.3457369
0.3457369
0.3457369
0.3457369
0.3450835
0.3450835
0.3450835
0.3450835
0.3450835
0.3450787
0.3450787
0.3450787
0.3450787
0.3450787
0.3457018
0.3457018
0.3457018
0.3457018
0.3457018
0.3464452
0.3464452
0.3464452
0.3464452
0.3464452
0.3465979
0.3465979
0.3465979
0.3465979
0.3465979
0.3458605
0.3458605
0.3458605
0.3458605
0.3458605
0.3452176
0.3452176
0.3452176
0.3452176
0.3452176
0.3452218
0.3452218
0.3452218
0.3452218
0.3452218
0.3458592
0.3458592
0.3458592
0.3458592
0.3458592
0.346594
0.346594
0.346594
0.346594
0.346594
0.3465859
0.3465859
0.3465859
0.3465859
0.3465859
0.3458408
0.3458408
0.3458408
0.3458408
0.3458408
0.3452116
0.3452116
0.3452116
0.3452116
0.3452116
0.3452267
0.3452267
0.3452267
0.3452267
0.3452267
0.3457329
0.3457329
0.3457329
0.3457329
0.3457329
0.3464609
0.3464609
0.3464609
0.3464609
0.3464609
0.3464355
0.3464355
0.3464355
0.3464355
0.3464355
0.3456826
0.3456826
0.3456826
0.3456826
0.3456826
0.3450675
0.3450675
0.3450675
0.3450675
0.3450675
0.3450419
0.3450419
0.3450419
0.3450419
0.3450419
0.3457031
0.3457031
0.3457031
0.3457031
0.3457031
0.3464199
0.3464199
0.3464199
0.3464199
0.3464199
0.3463712
0.3463712
0.3463712
0.3463712
0.3463712
0.3455899
0.3455899
0.3455899
0.3455899
0.3455899
0.345008
0.345008
0.345008
0.345008
0.345008
0.345048
0.345048
0.345048
0.345048
0.345048
0.3457347
0.3457347
0.3457347
0.3457347
0.3457347
0.3463642
0.3463642
0.3463642
0.3463642
0.3463642
0.3460693
0.3460693
0.3460693
0.3460693
0.3460693
0.3447745
0.3447745
0.3447745
0.3447745
0.3447745
0.3439104
0.3439104
0.3439104
0.3439104
0.3439104
0.3436179
0.3436179
0.3436179
0.3436179
0.3436179
)
;

boundaryField
{
    electrolyteSides
    {
        type            zeroGradient;
    }
    electrolyte_to_fuel
    {
        type            zeroGradient;
    }
    electrolyte_to_air
    {
        type            zeroGradient;
    }
}


// ************************************************************************* //
