/*--------------------------------*- C++ -*----------------------------------*\
| =========                 |                                                 |
| \\      /  F ield         | OpenFOAM: The Open Source CFD Toolbox           |
|  \\    /   O peration     | Version:  4.0                                   |
|   \\  /    A nd           | Web:      www.OpenFOAM.org                      |
|    \\/     M anipulation  |                                                 |
\*---------------------------------------------------------------------------*/
FoamFile
{
    version     2.0;
    format      ascii;
    class       volScalarField;
    location    "120/electrolyte";
    object      etaActC;
}
// * * * * * * * * * * * * * * * * * * * * * * * * * * * * * * * * * * * * * //

dimensions      [1 2 -3 0 0 -1 0];

internalField   nonuniform List<scalar> 
4840
(
0.5759513
0.5759513
0.5759513
0.5759513
0.5759513
0.5757611
0.5757611
0.5757611
0.5757611
0.5757611
0.5755356
0.5755356
0.5755356
0.5755356
0.5755356
0.5755885
0.5755885
0.5755885
0.5755885
0.5755885
0.575805
0.575805
0.575805
0.575805
0.575805
0.5757355
0.5757355
0.5757355
0.5757355
0.5757355
0.5758827
0.5758827
0.5758827
0.5758827
0.5758827
0.5759238
0.5759238
0.5759238
0.5759238
0.5759238
0.5757723
0.5757723
0.5757723
0.5757723
0.5757723
0.5759986
0.5759986
0.5759986
0.5759986
0.5759986
0.5762693
0.5762693
0.5762693
0.5762693
0.5762693
0.5758512
0.5758512
0.5758512
0.5758512
0.5758512
0.5760216
0.5760216
0.5760216
0.5760216
0.5760216
0.5760462
0.5760462
0.5760462
0.5760462
0.5760462
0.5758943
0.5758943
0.5758943
0.5758943
0.5758943
0.5762735
0.5762735
0.5762735
0.5762735
0.5762735
0.5763033
0.5763033
0.5763033
0.5763033
0.5763033
0.5759067
0.5759067
0.5759067
0.5759067
0.5759067
0.5760576
0.5760576
0.5760576
0.5760576
0.5760576
0.5760649
0.5760649
0.5760649
0.5760649
0.5760649
0.575929
0.575929
0.575929
0.575929
0.575929
0.5763426
0.5763426
0.5763426
0.5763426
0.5763426
0.5763379
0.5763379
0.5763379
0.5763379
0.5763379
0.5759282
0.5759282
0.5759282
0.5759282
0.5759282
0.5760707
0.5760707
0.5760707
0.5760707
0.5760707
0.5760616
0.5760616
0.5760616
0.5760616
0.5760616
0.575911
0.575911
0.575911
0.575911
0.575911
0.5763063
0.5763063
0.5763063
0.5763063
0.5763063
0.5762767
0.5762767
0.5762767
0.5762767
0.5762767
0.5758973
0.5758973
0.5758973
0.5758973
0.5758973
0.5760537
0.5760537
0.5760537
0.5760537
0.5760537
0.5760297
0.5760297
0.5760297
0.5760297
0.5760297
0.5758587
0.5758587
0.5758587
0.5758587
0.5758587
0.5762729
0.5762729
0.5762729
0.5762729
0.5762729
0.5760012
0.5760012
0.5760012
0.5760012
0.5760012
0.5757738
0.5757738
0.5757738
0.5757738
0.5757738
0.5759258
0.5759258
0.5759258
0.5759258
0.5759258
0.5758849
0.5758849
0.5758849
0.5758849
0.5758849
0.5757364
0.5757364
0.5757364
0.5757364
0.5757364
0.5758002
0.5758002
0.5758002
0.5758002
0.5758002
0.5755795
0.5755795
0.5755795
0.5755795
0.5755795
0.5755298
0.5755298
0.5755298
0.5755298
0.5755298
0.5757546
0.5757546
0.5757546
0.5757546
0.5757546
0.5759436
0.5759436
0.5759436
0.5759436
0.5759436
0.5762162
0.5762162
0.5762162
0.5762162
0.5762162
0.5767334
0.5767334
0.5767334
0.5767334
0.5767334
0.5771976
0.5771976
0.5771976
0.5771976
0.5771976
0.5773164
0.5773164
0.5773164
0.5773164
0.5773164
0.5771416
0.5771416
0.5771416
0.5771416
0.5771416
0.5770841
0.5770841
0.5770841
0.5770841
0.5770841
0.576468
0.576468
0.576468
0.576468
0.576468
0.5768321
0.5768321
0.5768321
0.5768321
0.5768321
0.5773695
0.5773695
0.5773695
0.5773695
0.5773695
0.5773437
0.5773437
0.5773437
0.5773437
0.5773437
0.5773309
0.5773309
0.5773309
0.5773309
0.5773309
0.577341
0.577341
0.577341
0.577341
0.577341
0.5767233
0.5767233
0.5767233
0.5767233
0.5767233
0.5768405
0.5768405
0.5768405
0.5768405
0.5768405
0.5774091
0.5774091
0.5774091
0.5774091
0.5774091
0.5773638
0.5773638
0.5773638
0.5773638
0.5773638
0.57736
0.57736
0.57736
0.57736
0.57736
0.5773943
0.5773943
0.5773943
0.5773943
0.5773943
0.5767971
0.5767971
0.5767971
0.5767971
0.5767971
0.5768267
0.5768267
0.5768267
0.5768267
0.5768267
0.5774085
0.5774085
0.5774085
0.5774085
0.5774085
0.5773684
0.5773684
0.5773684
0.5773684
0.5773684
0.5773671
0.5773671
0.5773671
0.5773671
0.5773671
0.5774082
0.5774082
0.5774082
0.5774082
0.5774082
0.5768263
0.5768263
0.5768263
0.5768263
0.5768263
0.5767985
0.5767985
0.5767985
0.5767985
0.5767985
0.5773925
0.5773925
0.5773925
0.5773925
0.5773925
0.5773579
0.5773579
0.5773579
0.5773579
0.5773579
0.5773647
0.5773647
0.5773647
0.5773647
0.5773647
0.5774099
0.5774099
0.5774099
0.5774099
0.5774099
0.5768413
0.5768413
0.5768413
0.5768413
0.5768413
0.5767291
0.5767291
0.5767291
0.5767291
0.5767291
0.5773468
0.5773468
0.5773468
0.5773468
0.5773468
0.577332
0.577332
0.577332
0.577332
0.577332
0.5773423
0.5773423
0.5773423
0.5773423
0.5773423
0.5773689
0.5773689
0.5773689
0.5773689
0.5773689
0.5768324
0.5768324
0.5768324
0.5768324
0.5768324
0.5764685
0.5764685
0.5764685
0.5764685
0.5764685
0.5770886
0.5770886
0.5770886
0.5770886
0.5770886
0.5771451
0.5771451
0.5771451
0.5771451
0.5771451
0.5773193
0.5773193
0.5773193
0.5773193
0.5773193
0.5771947
0.5771947
0.5771947
0.5771947
0.5771947
0.5767304
0.5767304
0.5767304
0.5767304
0.5767304
0.5762175
0.5762175
0.5762175
0.5762175
0.5762175
0.5764486
0.5764486
0.5764486
0.5764486
0.5764486
0.5768742
0.5768742
0.5768742
0.5768742
0.5768742
0.5773191
0.5773191
0.5773191
0.5773191
0.5773191
0.577192
0.577192
0.577192
0.577192
0.577192
0.5768195
0.5768195
0.5768195
0.5768195
0.5768195
0.5768562
0.5768562
0.5768562
0.5768562
0.5768562
0.5764518
0.5764518
0.5764518
0.5764518
0.5764518
0.5767711
0.5767711
0.5767711
0.5767711
0.5767711
0.5772616
0.5772616
0.5772616
0.5772616
0.5772616
0.5770595
0.5770595
0.5770595
0.5770595
0.5770595
0.5769946
0.5769946
0.5769946
0.5769946
0.5769946
0.5771678
0.5771678
0.5771678
0.5771678
0.5771678
0.5766012
0.5766012
0.5766012
0.5766012
0.5766012
0.576739
0.576739
0.576739
0.576739
0.576739
0.5772656
0.5772656
0.5772656
0.5772656
0.5772656
0.5770334
0.5770334
0.5770334
0.5770334
0.5770334
0.5770099
0.5770099
0.5770099
0.5770099
0.5770099
0.5772297
0.5772297
0.5772297
0.5772297
0.5772297
0.5766767
0.5766767
0.5766767
0.5766767
0.5766767
0.5767162
0.5767162
0.5767162
0.5767162
0.5767162
0.577254
0.577254
0.577254
0.577254
0.577254
0.5770266
0.5770266
0.5770266
0.5770266
0.5770266
0.5770254
0.5770254
0.5770254
0.5770254
0.5770254
0.5772533
0.5772533
0.5772533
0.5772533
0.5772533
0.5767151
0.5767151
0.5767151
0.5767151
0.5767151
0.5766779
0.5766779
0.5766779
0.5766779
0.5766779
0.5772309
0.5772309
0.5772309
0.5772309
0.5772309
0.5770106
0.5770106
0.5770106
0.5770106
0.5770106
0.5770335
0.5770335
0.5770335
0.5770335
0.5770335
0.5772654
0.5772654
0.5772654
0.5772654
0.5772654
0.576739
0.576739
0.576739
0.576739
0.576739
0.5766013
0.5766013
0.5766013
0.5766013
0.5766013
0.577168
0.577168
0.577168
0.577168
0.577168
0.5769941
0.5769941
0.5769941
0.5769941
0.5769941
0.5770599
0.5770599
0.5770599
0.5770599
0.5770599
0.5772618
0.5772618
0.5772618
0.5772618
0.5772618
0.5767713
0.5767713
0.5767713
0.5767713
0.5767713
0.5764523
0.5764523
0.5764523
0.5764523
0.5764523
0.5768577
0.5768577
0.5768577
0.5768577
0.5768577
0.5768197
0.5768197
0.5768197
0.5768197
0.5768197
0.577191
0.577191
0.577191
0.577191
0.577191
0.5773192
0.5773192
0.5773192
0.5773192
0.5773192
0.5768743
0.5768743
0.5768743
0.5768743
0.5768743
0.5764488
0.5764488
0.5764488
0.5764488
0.5764488
0.5764511
0.5764511
0.5764511
0.5764511
0.5764511
0.5767891
0.5767891
0.5767891
0.5767891
0.5767891
0.5772266
0.5772266
0.5772266
0.5772266
0.5772266
0.5770498
0.5770498
0.5770498
0.5770498
0.5770498
0.5765823
0.5765823
0.5765823
0.5765823
0.5765823
0.5766413
0.5766413
0.5766413
0.5766413
0.5766413
0.5762942
0.5762942
0.5762942
0.5762942
0.5762942
0.5766245
0.5766245
0.5766245
0.5766245
0.5766245
0.5770809
0.5770809
0.5770809
0.5770809
0.5770809
0.5768166
0.5768166
0.5768166
0.5768166
0.5768166
0.5767343
0.5767343
0.5767343
0.5767343
0.5767343
0.5769532
0.5769532
0.5769532
0.5769532
0.5769532
0.5764506
0.5764506
0.5764506
0.5764506
0.5764506
0.5765782
0.5765782
0.5765782
0.5765782
0.5765782
0.5770607
0.5770607
0.5770607
0.5770607
0.5770607
0.576772
0.576772
0.576772
0.576772
0.576772
0.5767498
0.5767498
0.5767498
0.5767498
0.5767498
0.5770127
0.5770127
0.5770127
0.5770127
0.5770127
0.5765147
0.5765147
0.5765147
0.5765147
0.5765147
0.5765535
0.5765535
0.5765535
0.5765535
0.5765535
0.5770428
0.5770428
0.5770428
0.5770428
0.5770428
0.5767638
0.5767638
0.5767638
0.5767638
0.5767638
0.5767628
0.5767628
0.5767628
0.5767628
0.5767628
0.5770417
0.5770417
0.5770417
0.5770417
0.5770417
0.5765521
0.5765521
0.5765521
0.5765521
0.5765521
0.5765156
0.5765156
0.5765156
0.5765156
0.5765156
0.5770168
0.5770168
0.5770168
0.5770168
0.5770168
0.5767533
0.5767533
0.5767533
0.5767533
0.5767533
0.5767713
0.5767713
0.5767713
0.5767713
0.5767713
0.5770596
0.5770596
0.5770596
0.5770596
0.5770596
0.5765772
0.5765772
0.5765772
0.5765772
0.5765772
0.5764453
0.5764453
0.5764453
0.5764453
0.5764453
0.576948
0.576948
0.576948
0.576948
0.576948
0.5767349
0.5767349
0.5767349
0.5767349
0.5767349
0.5768178
0.5768178
0.5768178
0.5768178
0.5768178
0.5770819
0.5770819
0.5770819
0.5770819
0.5770819
0.5766245
0.5766245
0.5766245
0.5766245
0.5766245
0.5762946
0.5762946
0.5762946
0.5762946
0.5762946
0.5766394
0.5766394
0.5766394
0.5766394
0.5766394
0.5765788
0.5765788
0.5765788
0.5765788
0.5765788
0.5770452
0.5770452
0.5770452
0.5770452
0.5770452
0.5772286
0.5772286
0.5772286
0.5772286
0.5772286
0.5767916
0.5767916
0.5767916
0.5767916
0.5767916
0.5764496
0.5764496
0.5764496
0.5764496
0.5764496
0.5762809
0.5762809
0.5762809
0.5762809
0.5762809
0.576652
0.576652
0.576652
0.576652
0.576652
0.5770508
0.5770508
0.5770508
0.5770508
0.5770508
0.576853
0.576853
0.576853
0.576853
0.576853
0.5763766
0.5763766
0.5763766
0.5763766
0.5763766
0.5764043
0.5764043
0.5764043
0.5764043
0.5764043
0.5761861
0.5761861
0.5761861
0.5761861
0.5761861
0.5764847
0.5764847
0.5764847
0.5764847
0.5764847
0.5768772
0.5768772
0.5768772
0.5768772
0.5768772
0.576606
0.576606
0.576606
0.576606
0.576606
0.576508
0.576508
0.576508
0.576508
0.576508
0.5767013
0.5767013
0.5767013
0.5767013
0.5767013
0.5763321
0.5763321
0.5763321
0.5763321
0.5763321
0.5764362
0.5764362
0.5764362
0.5764362
0.5764362
0.5768356
0.5768356
0.5768356
0.5768356
0.5768356
0.5765564
0.5765564
0.5765564
0.5765564
0.5765564
0.5765305
0.5765305
0.5765305
0.5765305
0.5765305
0.5767707
0.5767707
0.5767707
0.5767707
0.5767707
0.5763837
0.5763837
0.5763837
0.5763837
0.5763837
0.5764169
0.5764169
0.5764169
0.5764169
0.5764169
0.5768068
0.5768068
0.5768068
0.5768068
0.5768068
0.5765453
0.5765453
0.5765453
0.5765453
0.5765453
0.5765444
0.5765444
0.5765444
0.5765444
0.5765444
0.576806
0.576806
0.576806
0.576806
0.576806
0.5764098
0.5764098
0.5764098
0.5764098
0.5764098
0.5763817
0.5763817
0.5763817
0.5763817
0.5763817
0.5767688
0.5767688
0.5767688
0.5767688
0.5767688
0.576528
0.576528
0.576528
0.576528
0.576528
0.5765535
0.5765535
0.5765535
0.5765535
0.5765535
0.576832
0.576832
0.576832
0.576832
0.576832
0.5764282
0.5764282
0.5764282
0.5764282
0.5764282
0.5763245
0.5763245
0.5763245
0.5763245
0.5763245
0.5766938
0.5766938
0.5766938
0.5766938
0.5766938
0.5764999
0.5764999
0.5764999
0.5764999
0.5764999
0.5766039
0.5766039
0.5766039
0.5766039
0.5766039
0.5768754
0.5768754
0.5768754
0.5768754
0.5768754
0.5764828
0.5764828
0.5764828
0.5764828
0.5764828
0.5761844
0.5761844
0.5761844
0.5761844
0.5761844
0.576404
0.576404
0.576404
0.576404
0.576404
0.5763796
0.5763796
0.5763796
0.5763796
0.5763796
0.5768579
0.5768579
0.5768579
0.5768579
0.5768579
0.5770563
0.5770563
0.5770563
0.5770563
0.5770563
0.576658
0.576658
0.576658
0.576658
0.576658
0.5762872
0.5762872
0.5762872
0.5762872
0.5762872
0.5761416
0.5761416
0.5761416
0.5761416
0.5761416
0.5765249
0.5765249
0.5765249
0.5765249
0.5765249
0.5768768
0.5768768
0.5768768
0.5768768
0.5768768
0.5766924
0.5766924
0.5766924
0.5766924
0.5766924
0.5762178
0.5762178
0.5762178
0.5762178
0.5762178
0.5762244
0.5762244
0.5762244
0.5762244
0.5762244
0.5760404
0.5760404
0.5760404
0.5760404
0.5760404
0.5763504
0.5763504
0.5763504
0.5763504
0.5763504
0.5767015
0.5767015
0.5767015
0.5767015
0.5767015
0.5764297
0.5764297
0.5764297
0.5764297
0.5764297
0.5763303
0.5763303
0.5763303
0.5763303
0.5763303
0.576529
0.576529
0.576529
0.576529
0.576529
0.5762005
0.5762005
0.5762005
0.5762005
0.5762005
0.5763067
0.5763067
0.5763067
0.5763067
0.5763067
0.5766721
0.5766721
0.5766721
0.5766721
0.5766721
0.5763986
0.5763986
0.5763986
0.5763986
0.5763986
0.5763694
0.5763694
0.5763694
0.5763694
0.5763694
0.57661
0.57661
0.57661
0.57661
0.57661
0.5762637
0.5762637
0.5762637
0.5762637
0.5762637
0.5762954
0.5762954
0.5762954
0.5762954
0.5762954
0.5766466
0.5766466
0.5766466
0.5766466
0.5766466
0.5763836
0.5763836
0.5763836
0.5763836
0.5763836
0.5763829
0.5763829
0.5763829
0.5763829
0.5763829
0.5766459
0.5766459
0.5766459
0.5766459
0.5766459
0.5762962
0.5762962
0.5762962
0.5762962
0.5762962
0.576266
0.576266
0.576266
0.576266
0.576266
0.5766125
0.5766125
0.5766125
0.5766125
0.5766125
0.5763715
0.5763715
0.5763715
0.5763715
0.5763715
0.5764002
0.5764002
0.5764002
0.5764002
0.5764002
0.5766796
0.5766796
0.5766796
0.5766796
0.5766796
0.5763047
0.5763047
0.5763047
0.5763047
0.5763047
0.5761988
0.5761988
0.5761988
0.5761988
0.5761988
0.5765276
0.5765276
0.5765276
0.5765276
0.5765276
0.5763283
0.5763283
0.5763283
0.5763283
0.5763283
0.5764442
0.5764442
0.5764442
0.5764442
0.5764442
0.5767158
0.5767158
0.5767158
0.5767158
0.5767158
0.5763648
0.5763648
0.5763648
0.5763648
0.5763648
0.5760549
0.5760549
0.5760549
0.5760549
0.5760549
0.5762403
0.5762403
0.5762403
0.5762403
0.5762403
0.5762283
0.5762283
0.5762283
0.5762283
0.5762283
0.5767152
0.5767152
0.5767152
0.5767152
0.5767152
0.5769
0.5769
0.5769
0.5769
0.5769
0.5765487
0.5765487
0.5765487
0.5765487
0.5765487
0.5761654
0.5761654
0.5761654
0.5761654
0.5761654
0.5760338
0.5760338
0.5760338
0.5760338
0.5760338
0.5764325
0.5764325
0.5764325
0.5764325
0.5764325
0.576731
0.576731
0.576731
0.576731
0.576731
0.5765749
0.5765749
0.5765749
0.5765749
0.5765749
0.5761146
0.5761146
0.5761146
0.5761146
0.5761146
0.5760995
0.5760995
0.5760995
0.5760995
0.5760995
0.5759421
0.5759421
0.5759421
0.5759421
0.5759421
0.5762663
0.5762663
0.5762663
0.5762663
0.5762663
0.5765728
0.5765728
0.5765728
0.5765728
0.5765728
0.5763143
0.5763143
0.5763143
0.5763143
0.5763143
0.5761844
0.5761844
0.5761844
0.5761844
0.5761844
0.5763833
0.5763833
0.5763833
0.5763833
0.5763833
0.5760779
0.5760779
0.5760779
0.5760779
0.5760779
0.5761971
0.5761971
0.5761971
0.5761971
0.5761971
0.5765217
0.5765217
0.5765217
0.5765217
0.5765217
0.5762511
0.5762511
0.5762511
0.5762511
0.5762511
0.5762068
0.5762068
0.5762068
0.5762068
0.5762068
0.5764433
0.5764433
0.5764433
0.5764433
0.5764433
0.5761287
0.5761287
0.5761287
0.5761287
0.5761287
0.5761609
0.5761609
0.5761609
0.5761609
0.5761609
0.5764778
0.5764778
0.5764778
0.5764778
0.5764778
0.5762215
0.5762215
0.5762215
0.5762215
0.5762215
0.5762209
0.5762209
0.5762209
0.5762209
0.5762209
0.5764778
0.5764778
0.5764778
0.5764778
0.5764778
0.5761611
0.5761611
0.5761611
0.5761611
0.5761611
0.57613
0.57613
0.57613
0.57613
0.57613
0.5764572
0.5764572
0.5764572
0.5764572
0.5764572
0.5762203
0.5762203
0.5762203
0.5762203
0.5762203
0.5762523
0.5762523
0.5762523
0.5762523
0.5762523
0.5765223
0.5765223
0.5765223
0.5765223
0.5765223
0.576198
0.576198
0.576198
0.576198
0.576198
0.576082
0.576082
0.576082
0.576082
0.576082
0.5763878
0.5763878
0.5763878
0.5763878
0.5763878
0.5761866
0.5761866
0.5761866
0.5761866
0.5761866
0.5763169
0.5763169
0.5763169
0.5763169
0.5763169
0.576575
0.576575
0.576575
0.576575
0.576575
0.5762684
0.5762684
0.5762684
0.5762684
0.5762684
0.5759442
0.5759442
0.5759442
0.5759442
0.5759442
0.5761032
0.5761032
0.5761032
0.5761032
0.5761032
0.5761164
0.5761164
0.5761164
0.5761164
0.5761164
0.5765762
0.5765762
0.5765762
0.5765762
0.5765762
0.5767302
0.5767302
0.5767302
0.5767302
0.5767302
0.5764322
0.5764322
0.5764322
0.5764322
0.5764322
0.5760373
0.5760373
0.5760373
0.5760373
0.5760373
0.5759101
0.5759101
0.5759101
0.5759101
0.5759101
0.576314
0.576314
0.576314
0.576314
0.576314
0.5765639
0.5765639
0.5765639
0.5765639
0.5765639
0.5764316
0.5764316
0.5764316
0.5764316
0.5764316
0.5759939
0.5759939
0.5759939
0.5759939
0.5759939
0.5759549
0.5759549
0.5759549
0.5759549
0.5759549
0.5758091
0.5758091
0.5758091
0.5758091
0.5758091
0.576148
0.576148
0.576148
0.576148
0.576148
0.5764209
0.5764209
0.5764209
0.5764209
0.5764209
0.5761752
0.5761752
0.5761752
0.5761752
0.5761752
0.5760348
0.5760348
0.5760348
0.5760348
0.5760348
0.5762362
0.5762362
0.5762362
0.5762362
0.5762362
0.5759514
0.5759514
0.5759514
0.5759514
0.5759514
0.5760848
0.5760848
0.5760848
0.5760848
0.5760848
0.5763822
0.5763822
0.5763822
0.5763822
0.5763822
0.5761196
0.5761196
0.5761196
0.5761196
0.5761196
0.5760846
0.5760846
0.5760846
0.5760846
0.5760846
0.5763222
0.5763222
0.5763222
0.5763222
0.5763222
0.5760188
0.5760188
0.5760188
0.5760188
0.5760188
0.5760551
0.5760551
0.5760551
0.5760551
0.5760551
0.5763553
0.5763553
0.5763553
0.5763553
0.5763553
0.5761022
0.5761022
0.5761022
0.5761022
0.5761022
0.5761017
0.5761017
0.5761017
0.5761017
0.5761017
0.5763546
0.5763546
0.5763546
0.5763546
0.5763546
0.5760547
0.5760547
0.5760547
0.5760547
0.5760547
0.5760192
0.5760192
0.5760192
0.5760192
0.5760192
0.576323
0.576323
0.576323
0.576323
0.576323
0.5760851
0.5760851
0.5760851
0.5760851
0.5760851
0.5761195
0.5761195
0.5761195
0.5761195
0.5761195
0.5763813
0.5763813
0.5763813
0.5763813
0.5763813
0.5760845
0.5760845
0.5760845
0.5760845
0.5760845
0.5759513
0.5759513
0.5759513
0.5759513
0.5759513
0.5762368
0.5762368
0.5762368
0.5762368
0.5762368
0.5760348
0.5760348
0.5760348
0.5760348
0.5760348
0.5761754
0.5761754
0.5761754
0.5761754
0.5761754
0.5764206
0.5764206
0.5764206
0.5764206
0.5764206
0.576148
0.576148
0.576148
0.576148
0.576148
0.5758091
0.5758091
0.5758091
0.5758091
0.5758091
0.575956
0.575956
0.575956
0.575956
0.575956
0.5759933
0.5759933
0.5759933
0.5759933
0.5759933
0.5764307
0.5764307
0.5764307
0.5764307
0.5764307
0.5765632
0.5765632
0.5765632
0.5765632
0.5765632
0.5763139
0.5763139
0.5763139
0.5763139
0.5763139
0.5759099
0.5759099
0.5759099
0.5759099
0.5759099
0.5757879
0.5757879
0.5757879
0.5757879
0.5757879
0.5761986
0.5761986
0.5761986
0.5761986
0.5761986
0.5764372
0.5764372
0.5764372
0.5764372
0.5764372
0.5763253
0.5763253
0.5763253
0.5763253
0.5763253
0.5759127
0.5759127
0.5759127
0.5759127
0.5759127
0.5758598
0.5758598
0.5758598
0.5758598
0.5758598
0.5757029
0.5757029
0.5757029
0.5757029
0.5757029
0.5760621
0.5760621
0.5760621
0.5760621
0.5760621
0.5763064
0.5763064
0.5763064
0.5763064
0.5763064
0.5760766
0.5760766
0.5760766
0.5760766
0.5760766
0.5759286
0.5759286
0.5759286
0.5759286
0.5759286
0.5761256
0.5761256
0.5761256
0.5761256
0.5761256
0.5758358
0.5758358
0.5758358
0.5758358
0.5758358
0.5759732
0.5759732
0.5759732
0.5759732
0.5759732
0.5762559
0.5762559
0.5762559
0.5762559
0.5762559
0.5760017
0.5760017
0.5760017
0.5760017
0.5760017
0.5759656
0.5759656
0.5759656
0.5759656
0.5759656
0.5761975
0.5761975
0.5761975
0.5761975
0.5761975
0.5758841
0.5758841
0.5758841
0.5758841
0.5758841
0.5759212
0.5759212
0.5759212
0.5759212
0.5759212
0.5762161
0.5762161
0.5762161
0.5762161
0.5762161
0.5759686
0.5759686
0.5759686
0.5759686
0.5759686
0.5759681
0.5759681
0.5759681
0.5759681
0.5759681
0.5762146
0.5762146
0.5762146
0.5762146
0.5762146
0.57592
0.57592
0.57592
0.57592
0.57592
0.5758837
0.5758837
0.5758837
0.5758837
0.5758837
0.5761854
0.5761854
0.5761854
0.5761854
0.5761854
0.5759532
0.5759532
0.5759532
0.5759532
0.5759532
0.5760004
0.5760004
0.5760004
0.5760004
0.5760004
0.5762538
0.5762538
0.5762538
0.5762538
0.5762538
0.5759717
0.5759717
0.5759717
0.5759717
0.5759717
0.5758316
0.5758316
0.5758316
0.5758316
0.5758316
0.576122
0.576122
0.576122
0.576122
0.576122
0.5759264
0.5759264
0.5759264
0.5759264
0.5759264
0.5760744
0.5760744
0.5760744
0.5760744
0.5760744
0.5763037
0.5763037
0.5763037
0.5763037
0.5763037
0.5760601
0.5760601
0.5760601
0.5760601
0.5760601
0.5757008
0.5757008
0.5757008
0.5757008
0.5757008
0.5758584
0.5758584
0.5758584
0.5758584
0.5758584
0.5759099
0.5759099
0.5759099
0.5759099
0.5759099
0.5763222
0.5763222
0.5763222
0.5763222
0.5763222
0.5764367
0.5764367
0.5764367
0.5764367
0.5764367
0.5761986
0.5761986
0.5761986
0.5761986
0.5761986
0.5757842
0.5757842
0.5757842
0.5757842
0.5757842
0.5756718
0.5756718
0.5756718
0.5756718
0.5756718
0.5760817
0.5760817
0.5760817
0.5760817
0.5760817
0.5763078
0.5763078
0.5763078
0.5763078
0.5763078
0.5762077
0.5762077
0.5762077
0.5762077
0.5762077
0.5758071
0.5758071
0.5758071
0.5758071
0.5758071
0.5757501
0.5757501
0.5757501
0.5757501
0.5757501
0.5755776
0.5755776
0.5755776
0.5755776
0.5755776
0.5759373
0.5759373
0.5759373
0.5759373
0.5759373
0.5761688
0.5761688
0.5761688
0.5761688
0.5761688
0.5759564
0.5759564
0.5759564
0.5759564
0.5759564
0.5758029
0.5758029
0.5758029
0.5758029
0.5758029
0.5759912
0.5759912
0.5759912
0.5759912
0.5759912
0.575707
0.575707
0.575707
0.575707
0.575707
0.5758488
0.5758488
0.5758488
0.5758488
0.5758488
0.5761365
0.5761365
0.5761365
0.5761365
0.5761365
0.5758916
0.5758916
0.5758916
0.5758916
0.5758916
0.5758535
0.5758535
0.5758535
0.5758535
0.5758535
0.5760783
0.5760783
0.5760783
0.5760783
0.5760783
0.5757792
0.5757792
0.5757792
0.5757792
0.5757792
0.575814
0.575814
0.575814
0.575814
0.575814
0.5761118
0.5761118
0.5761118
0.5761118
0.5761118
0.5758697
0.5758697
0.5758697
0.5758697
0.5758697
0.5758693
0.5758693
0.5758693
0.5758693
0.5758693
0.576111
0.576111
0.576111
0.576111
0.576111
0.575812
0.575812
0.575812
0.575812
0.575812
0.5757781
0.5757781
0.5757781
0.5757781
0.5757781
0.5760776
0.5760776
0.5760776
0.5760776
0.5760776
0.5758523
0.5758523
0.5758523
0.5758523
0.5758523
0.5758899
0.5758899
0.5758899
0.5758899
0.5758899
0.5761275
0.5761275
0.5761275
0.5761275
0.5761275
0.5758499
0.5758499
0.5758499
0.5758499
0.5758499
0.5757086
0.5757086
0.5757086
0.5757086
0.5757086
0.5759932
0.5759932
0.5759932
0.5759932
0.5759932
0.5758046
0.5758046
0.5758046
0.5758046
0.5758046
0.5759422
0.5759422
0.5759422
0.5759422
0.5759422
0.5761535
0.5761535
0.5761535
0.5761535
0.5761535
0.5759224
0.5759224
0.5759224
0.5759224
0.5759224
0.5755632
0.5755632
0.5755632
0.5755632
0.5755632
0.5757363
0.5757363
0.5757363
0.5757363
0.5757363
0.5757959
0.5757959
0.5757959
0.5757959
0.5757959
0.576183
0.576183
0.576183
0.576183
0.576183
0.5762831
0.5762831
0.5762831
0.5762831
0.5762831
0.5760575
0.5760575
0.5760575
0.5760575
0.5760575
0.5756476
0.5756476
0.5756476
0.5756476
0.5756476
0.5755639
0.5755639
0.5755639
0.5755639
0.5755639
0.5759702
0.5759702
0.5759702
0.5759702
0.5759702
0.5761885
0.5761885
0.5761885
0.5761885
0.5761885
0.5761017
0.5761017
0.5761017
0.5761017
0.5761017
0.5757381
0.5757381
0.5757381
0.5757381
0.5757381
0.5756844
0.5756844
0.5756844
0.5756844
0.5756844
0.5754997
0.5754997
0.5754997
0.5754997
0.5754997
0.5758408
0.5758408
0.5758408
0.5758408
0.5758408
0.5760696
0.5760696
0.5760696
0.5760696
0.5760696
0.5758777
0.5758777
0.5758777
0.5758777
0.5758777
0.5757443
0.5757443
0.5757443
0.5757443
0.5757443
0.5759246
0.5759246
0.5759246
0.5759246
0.5759246
0.5756377
0.5756377
0.5756377
0.5756377
0.5756377
0.5757797
0.5757797
0.5757797
0.5757797
0.5757797
0.5760593
0.5760593
0.5760593
0.5760593
0.5760593
0.5758247
0.5758247
0.5758247
0.5758247
0.5758247
0.5757817
0.5757817
0.5757817
0.5757817
0.5757817
0.5759954
0.5759954
0.5759954
0.5759954
0.5759954
0.5757004
0.5757004
0.5757004
0.5757004
0.5757004
0.5757333
0.5757333
0.5757333
0.5757333
0.5757333
0.5760354
0.5760354
0.5760354
0.5760354
0.5760354
0.575799
0.575799
0.575799
0.575799
0.575799
0.5757987
0.5757987
0.5757987
0.5757987
0.5757987
0.5760346
0.5760346
0.5760346
0.5760346
0.5760346
0.5757306
0.5757306
0.5757306
0.5757306
0.5757306
0.5757028
0.5757028
0.5757028
0.5757028
0.5757028
0.5759979
0.5759979
0.5759979
0.5759979
0.5759979
0.5757838
0.5757838
0.5757838
0.5757838
0.5757838
0.5758264
0.5758264
0.5758264
0.5758264
0.5758264
0.5760589
0.5760589
0.5760589
0.5760589
0.5760589
0.5757673
0.5757673
0.5757673
0.5757673
0.5757673
0.5756258
0.5756258
0.5756258
0.5756258
0.5756258
0.5759134
0.5759134
0.5759134
0.5759134
0.5759134
0.5757327
0.5757327
0.5757327
0.5757327
0.5757327
0.5758879
0.5758879
0.5758879
0.5758879
0.5758879
0.5760814
0.5760814
0.5760814
0.5760814
0.5760814
0.575853
0.575853
0.575853
0.575853
0.575853
0.5755123
0.5755123
0.5755123
0.5755123
0.5755123
0.5756976
0.5756976
0.5756976
0.5756976
0.5756976
0.5757516
0.5757516
0.5757516
0.5757516
0.5757516
0.5761302
0.5761302
0.5761302
0.5761302
0.5761302
0.5762168
0.5762168
0.5762168
0.5762168
0.5762168
0.5759989
0.5759989
0.5759989
0.5759989
0.5759989
0.5755927
0.5755927
0.5755927
0.5755927
0.5755927
0.5754935
0.5754935
0.5754935
0.5754935
0.5754935
0.5758917
0.5758917
0.5758917
0.5758917
0.5758917
0.5761057
0.5761057
0.5761057
0.5761057
0.5761057
0.5760363
0.5760363
0.5760363
0.5760363
0.5760363
0.5756975
0.5756975
0.5756975
0.5756975
0.5756975
0.5756322
0.5756322
0.5756322
0.5756322
0.5756322
0.575441
0.575441
0.575441
0.575441
0.575441
0.5757646
0.5757646
0.5757646
0.5757646
0.5757646
0.5759912
0.5759912
0.5759912
0.5759912
0.5759912
0.5758186
0.5758186
0.5758186
0.5758186
0.5758186
0.5756665
0.5756665
0.5756665
0.5756665
0.5756665
0.5758449
0.5758449
0.5758449
0.5758449
0.5758449
0.5755499
0.5755499
0.5755499
0.5755499
0.5755499
0.5756845
0.5756845
0.5756845
0.5756845
0.5756845
0.5759714
0.5759714
0.5759714
0.5759714
0.5759714
0.5757514
0.5757514
0.5757514
0.5757514
0.5757514
0.575689
0.575689
0.575689
0.575689
0.575689
0.5758929
0.5758929
0.5758929
0.5758929
0.5758929
0.5755964
0.5755964
0.5755964
0.5755964
0.5755964
0.5756294
0.5756294
0.5756294
0.5756294
0.5756294
0.5759408
0.5759408
0.5759408
0.5759408
0.5759408
0.5757133
0.5757133
0.5757133
0.5757133
0.5757133
0.5757133
0.5757133
0.5757133
0.5757133
0.5757133
0.5759414
0.5759414
0.5759414
0.5759414
0.5759414
0.57563
0.57563
0.57563
0.57563
0.57563
0.5755984
0.5755984
0.5755984
0.5755984
0.5755984
0.5759089
0.5759089
0.5759089
0.5759089
0.5759089
0.5757047
0.5757047
0.5757047
0.5757047
0.5757047
0.5757526
0.5757526
0.5757526
0.5757526
0.5757526
0.575971
0.575971
0.575971
0.575971
0.575971
0.5756849
0.5756849
0.5756849
0.5756849
0.5756849
0.5755502
0.5755502
0.5755502
0.5755502
0.5755502
0.5758457
0.5758457
0.5758457
0.5758457
0.5758457
0.5756688
0.5756688
0.5756688
0.5756688
0.5756688
0.5758208
0.5758208
0.5758208
0.5758208
0.5758208
0.575993
0.575993
0.575993
0.575993
0.575993
0.5757662
0.5757662
0.5757662
0.5757662
0.5757662
0.5754425
0.5754425
0.5754425
0.5754425
0.5754425
0.5756335
0.5756335
0.5756335
0.5756335
0.5756335
0.5756983
0.5756983
0.5756983
0.5756983
0.5756983
0.5760367
0.5760367
0.5760367
0.5760367
0.5760367
0.5761075
0.5761075
0.5761075
0.5761075
0.5761075
0.5758937
0.5758937
0.5758937
0.5758937
0.5758937
0.5754957
0.5754957
0.5754957
0.5754957
0.5754957
0.5754014
0.5754014
0.5754014
0.5754014
0.5754014
0.5757819
0.5757819
0.5757819
0.5757819
0.5757819
0.5759848
0.5759848
0.5759848
0.5759848
0.5759848
0.5759381
0.5759381
0.5759381
0.5759381
0.5759381
0.57563
0.57563
0.57563
0.57563
0.57563
0.5755391
0.5755391
0.5755391
0.5755391
0.5755391
0.5753472
0.5753472
0.5753472
0.5753472
0.5753472
0.5756511
0.5756511
0.5756511
0.5756511
0.5756511
0.5758794
0.5758794
0.5758794
0.5758794
0.5758794
0.5757244
0.5757244
0.5757244
0.5757244
0.5757244
0.5755827
0.5755827
0.5755827
0.5755827
0.5755827
0.5757556
0.5757556
0.5757556
0.5757556
0.5757556
0.5754644
0.5754644
0.5754644
0.5754644
0.5754644
0.5755867
0.5755867
0.5755867
0.5755867
0.5755867
0.5758798
0.5758798
0.5758798
0.5758798
0.5758798
0.5756753
0.5756753
0.5756753
0.5756753
0.5756753
0.5756283
0.5756283
0.5756283
0.5756283
0.5756283
0.5758257
0.5758257
0.5758257
0.5758257
0.5758257
0.575517
0.575517
0.575517
0.575517
0.575517
0.5755505
0.5755505
0.5755505
0.5755505
0.5755505
0.575864
0.575864
0.575864
0.575864
0.575864
0.5756498
0.5756498
0.5756498
0.5756498
0.5756498
0.5756498
0.5756498
0.5756498
0.5756498
0.5756498
0.5758632
0.5758632
0.5758632
0.5758632
0.5758632
0.5755498
0.5755498
0.5755498
0.5755498
0.5755498
0.5755177
0.5755177
0.5755177
0.5755177
0.5755177
0.5758265
0.5758265
0.5758265
0.5758265
0.5758265
0.5756284
0.5756284
0.5756284
0.5756284
0.5756284
0.575675
0.575675
0.575675
0.575675
0.575675
0.5758775
0.5758775
0.5758775
0.5758775
0.5758775
0.5755854
0.5755854
0.5755854
0.5755854
0.5755854
0.575465
0.575465
0.575465
0.575465
0.575465
0.5757569
0.5757569
0.5757569
0.5757569
0.5757569
0.575583
0.575583
0.575583
0.575583
0.575583
0.5757245
0.5757245
0.5757245
0.5757245
0.5757245
0.575879
0.575879
0.575879
0.575879
0.575879
0.5756511
0.5756511
0.5756511
0.5756511
0.5756511
0.575347
0.575347
0.575347
0.575347
0.575347
0.5755397
0.5755397
0.5755397
0.5755397
0.5755397
0.57563
0.57563
0.57563
0.57563
0.57563
0.5759376
0.5759376
0.5759376
0.5759376
0.5759376
0.575984
0.575984
0.575984
0.575984
0.575984
0.575781
0.575781
0.575781
0.575781
0.575781
0.5754011
0.5754011
0.5754011
0.5754011
0.5754011
0.5753096
0.5753096
0.5753096
0.5753096
0.5753096
0.5756647
0.5756647
0.5756647
0.5756647
0.5756647
0.5758924
0.5758924
0.5758924
0.5758924
0.5758924
0.5758677
0.5758677
0.5758677
0.5758677
0.5758677
0.5755921
0.5755921
0.5755921
0.5755921
0.5755921
0.5754752
0.5754752
0.5754752
0.5754752
0.5754752
0.5752815
0.5752815
0.5752815
0.5752815
0.5752815
0.5755545
0.5755545
0.5755545
0.5755545
0.5755545
0.5757956
0.5757956
0.5757956
0.5757956
0.5757956
0.5756563
0.5756563
0.5756563
0.5756563
0.5756563
0.5755269
0.5755269
0.5755269
0.5755269
0.5755269
0.5756939
0.5756939
0.5756939
0.5756939
0.5756939
0.5753793
0.5753793
0.5753793
0.5753793
0.5753793
0.5754899
0.5754899
0.5754899
0.5754899
0.5754899
0.575786
0.575786
0.575786
0.575786
0.575786
0.5755988
0.5755988
0.5755988
0.5755988
0.5755988
0.5755606
0.5755606
0.5755606
0.5755606
0.5755606
0.5757551
0.5757551
0.5757551
0.5757551
0.5757551
0.575417
0.575417
0.575417
0.575417
0.575417
0.5754472
0.5754472
0.5754472
0.5754472
0.5754472
0.5757602
0.5757602
0.5757602
0.5757602
0.5757602
0.5755656
0.5755656
0.5755656
0.5755656
0.5755656
0.5755657
0.5755657
0.5755657
0.5755657
0.5755657
0.5757581
0.5757581
0.5757581
0.5757581
0.5757581
0.5754455
0.5754455
0.5754455
0.5754455
0.5754455
0.5754167
0.5754167
0.5754167
0.5754167
0.5754167
0.5757406
0.5757406
0.5757406
0.5757406
0.5757406
0.5755453
0.5755453
0.5755453
0.5755453
0.5755453
0.5755971
0.5755971
0.5755971
0.5755971
0.5755971
0.5757823
0.5757823
0.5757823
0.5757823
0.5757823
0.5754872
0.5754872
0.5754872
0.5754872
0.5754872
0.5753799
0.5753799
0.5753799
0.5753799
0.5753799
0.5756953
0.5756953
0.5756953
0.5756953
0.5756953
0.575525
0.575525
0.575525
0.575525
0.575525
0.5756543
0.5756543
0.5756543
0.5756543
0.5756543
0.5757931
0.5757931
0.5757931
0.5757931
0.5757931
0.5755525
0.5755525
0.5755525
0.5755525
0.5755525
0.5752799
0.5752799
0.5752799
0.5752799
0.5752799
0.5754755
0.5754755
0.5754755
0.5754755
0.5754755
0.5755911
0.5755911
0.5755911
0.5755911
0.5755911
0.5758664
0.5758664
0.5758664
0.5758664
0.5758664
0.5758889
0.5758889
0.5758889
0.5758889
0.5758889
0.5756612
0.5756612
0.5756612
0.5756612
0.5756612
0.5753068
0.5753068
0.5753068
0.5753068
0.5753068
0.5752172
0.5752172
0.5752172
0.5752172
0.5752172
0.5755401
0.5755401
0.5755401
0.5755401
0.5755401
0.5757821
0.5757821
0.5757821
0.5757821
0.5757821
0.5757852
0.5757852
0.5757852
0.5757852
0.5757852
0.5755275
0.5755275
0.5755275
0.5755275
0.5755275
0.5753939
0.5753939
0.5753939
0.5753939
0.5753939
0.5751913
0.5751913
0.5751913
0.5751913
0.5751913
0.5754382
0.5754382
0.5754382
0.5754382
0.5754382
0.5756987
0.5756987
0.5756987
0.5756987
0.5756987
0.5755659
0.5755659
0.5755659
0.5755659
0.5755659
0.5754455
0.5754455
0.5754455
0.5754455
0.5754455
0.5756004
0.5756004
0.5756004
0.5756004
0.5756004
0.5752787
0.5752787
0.5752787
0.5752787
0.5752787
0.5753784
0.5753784
0.5753784
0.5753784
0.5753784
0.5756916
0.5756916
0.5756916
0.5756916
0.5756916
0.5755202
0.5755202
0.5755202
0.5755202
0.5755202
0.5754894
0.5754894
0.5754894
0.5754894
0.5754894
0.575677
0.575677
0.575677
0.575677
0.575677
0.5753406
0.5753406
0.5753406
0.5753406
0.5753406
0.5753612
0.5753612
0.5753612
0.5753612
0.5753612
0.5756709
0.5756709
0.5756709
0.5756709
0.5756709
0.5754998
0.5754998
0.5754998
0.5754998
0.5754998
0.5754999
0.5754999
0.5754999
0.5754999
0.5754999
0.5756695
0.5756695
0.5756695
0.5756695
0.5756695
0.5753629
0.5753629
0.5753629
0.5753629
0.5753629
0.5753401
0.5753401
0.5753401
0.5753401
0.5753401
0.5756766
0.5756766
0.5756766
0.5756766
0.5756766
0.5754878
0.5754878
0.5754878
0.5754878
0.5754878
0.575518
0.575518
0.575518
0.575518
0.575518
0.5756882
0.5756882
0.5756882
0.5756882
0.5756882
0.5753888
0.5753888
0.5753888
0.5753888
0.5753888
0.575291
0.575291
0.575291
0.575291
0.575291
0.5756133
0.5756133
0.5756133
0.5756133
0.5756133
0.5754575
0.5754575
0.5754575
0.5754575
0.5754575
0.5755559
0.5755559
0.5755559
0.5755559
0.5755559
0.5756856
0.5756856
0.5756856
0.5756856
0.5756856
0.575425
0.575425
0.575425
0.575425
0.575425
0.575179
0.575179
0.575179
0.575179
0.575179
0.5753829
0.5753829
0.5753829
0.5753829
0.5753829
0.5755135
0.5755135
0.5755135
0.5755135
0.5755135
0.5757554
0.5757554
0.5757554
0.5757554
0.5757554
0.5757522
0.5757522
0.5757522
0.5757522
0.5757522
0.5755103
0.5755103
0.5755103
0.5755103
0.5755103
0.5751877
0.5751877
0.5751877
0.5751877
0.5751877
0.5751179
0.5751179
0.5751179
0.5751179
0.5751179
0.5754035
0.5754035
0.5754035
0.5754035
0.5754035
0.575673
0.575673
0.575673
0.575673
0.575673
0.5756966
0.5756966
0.5756966
0.5756966
0.5756966
0.5754842
0.5754842
0.5754842
0.5754842
0.5754842
0.5753468
0.5753468
0.5753468
0.5753468
0.5753468
0.5751328
0.5751328
0.5751328
0.5751328
0.5751328
0.5753533
0.5753533
0.5753533
0.5753533
0.5753533
0.575649
0.575649
0.575649
0.575649
0.575649
0.5755182
0.5755182
0.5755182
0.5755182
0.5755182
0.5754134
0.5754134
0.5754134
0.5754134
0.5754134
0.5755474
0.5755474
0.5755474
0.5755474
0.5755474
0.5752296
0.5752296
0.5752296
0.5752296
0.5752296
0.5753115
0.5753115
0.5753115
0.5753115
0.5753115
0.575629
0.575629
0.575629
0.575629
0.575629
0.5754668
0.5754668
0.5754668
0.5754668
0.5754668
0.5754354
0.5754354
0.5754354
0.5754354
0.5754354
0.5756134
0.5756134
0.5756134
0.5756134
0.5756134
0.5752713
0.5752713
0.5752713
0.5752713
0.5752713
0.5752849
0.5752849
0.5752849
0.5752849
0.5752849
0.5755919
0.5755919
0.5755919
0.5755919
0.5755919
0.5754411
0.5754411
0.5754411
0.5754411
0.5754411
0.5754411
0.5754411
0.5754411
0.5754411
0.5754411
0.5755894
0.5755894
0.5755894
0.5755894
0.5755894
0.5752781
0.5752781
0.5752781
0.5752781
0.5752781
0.5752706
0.5752706
0.5752706
0.5752706
0.5752706
0.5756128
0.5756128
0.5756128
0.5756128
0.5756128
0.5754333
0.5754333
0.5754333
0.5754333
0.5754333
0.5754637
0.5754637
0.5754637
0.5754637
0.5754637
0.5756199
0.5756199
0.5756199
0.5756199
0.5756199
0.5752933
0.5752933
0.5752933
0.5752933
0.5752933
0.5752137
0.5752137
0.5752137
0.5752137
0.5752137
0.575532
0.575532
0.575532
0.575532
0.575532
0.5753969
0.5753969
0.5753969
0.5753969
0.5753969
0.5755144
0.5755144
0.5755144
0.5755144
0.5755144
0.5756479
0.5756479
0.5756479
0.5756479
0.5756479
0.5753523
0.5753523
0.5753523
0.5753523
0.5753523
0.5751329
0.5751329
0.5751329
0.5751329
0.5751329
0.5753481
0.5753481
0.5753481
0.5753481
0.5753481
0.5754868
0.5754868
0.5754868
0.5754868
0.5754868
0.5757093
0.5757093
0.5757093
0.5757093
0.5757093
0.5756856
0.5756856
0.5756856
0.5756856
0.5756856
0.5754164
0.5754164
0.5754164
0.5754164
0.5754164
0.5751308
0.5751308
0.5751308
0.5751308
0.5751308
0.5750435
0.5750435
0.5750435
0.5750435
0.5750435
0.5752893
0.5752893
0.5752893
0.5752893
0.5752893
0.5755778
0.5755778
0.5755778
0.5755778
0.5755778
0.5756227
0.5756227
0.5756227
0.5756227
0.5756227
0.5754401
0.5754401
0.5754401
0.5754401
0.5754401
0.5753003
0.5753003
0.5753003
0.5753003
0.5753003
0.5750793
0.5750793
0.5750793
0.5750793
0.5750793
0.5752697
0.5752697
0.5752697
0.5752697
0.5752697
0.5755909
0.5755909
0.5755909
0.5755909
0.5755909
0.5754668
0.5754668
0.5754668
0.5754668
0.5754668
0.575351
0.575351
0.575351
0.575351
0.575351
0.5754703
0.5754703
0.5754703
0.5754703
0.5754703
0.575156
0.575156
0.575156
0.575156
0.575156
0.5752209
0.5752209
0.5752209
0.5752209
0.5752209
0.5755486
0.5755486
0.5755486
0.5755486
0.5755486
0.5754074
0.5754074
0.5754074
0.5754074
0.5754074
0.5753603
0.5753603
0.5753603
0.5753603
0.5753603
0.5755326
0.5755326
0.5755326
0.5755326
0.5755326
0.5751846
0.5751846
0.5751846
0.5751846
0.5751846
0.5751907
0.5751907
0.5751907
0.5751907
0.5751907
0.5754986
0.5754986
0.5754986
0.5754986
0.5754986
0.5753725
0.5753725
0.5753725
0.5753725
0.5753725
0.5753719
0.5753719
0.5753719
0.5753719
0.5753719
0.5754962
0.5754962
0.5754962
0.5754962
0.5754962
0.5751912
0.5751912
0.5751912
0.5751912
0.5751912
0.5751881
0.5751881
0.5751881
0.5751881
0.5751881
0.5755464
0.5755464
0.5755464
0.5755464
0.5755464
0.5753723
0.5753723
0.5753723
0.5753723
0.5753723
0.5754077
0.5754077
0.5754077
0.5754077
0.5754077
0.5755464
0.5755464
0.5755464
0.5755464
0.5755464
0.5752208
0.5752208
0.5752208
0.5752208
0.5752208
0.575156
0.575156
0.575156
0.575156
0.575156
0.5754712
0.5754712
0.5754712
0.5754712
0.5754712
0.5753522
0.5753522
0.5753522
0.5753522
0.5753522
0.575468
0.575468
0.575468
0.575468
0.575468
0.5755909
0.5755909
0.5755909
0.5755909
0.5755909
0.5752694
0.5752694
0.5752694
0.5752694
0.5752694
0.5750804
0.5750804
0.5750804
0.5750804
0.5750804
0.5753012
0.5753012
0.5753012
0.5753012
0.5753012
0.5754392
0.5754392
0.5754392
0.5754392
0.5754392
0.5756212
0.5756212
0.5756212
0.5756212
0.5756212
0.5755783
0.5755783
0.5755783
0.5755783
0.5755783
0.5752904
0.5752904
0.5752904
0.5752904
0.5752904
0.5750423
0.5750423
0.5750423
0.5750423
0.5750423
0.5749521
0.5749521
0.5749521
0.5749521
0.5749521
0.5751544
0.5751544
0.5751544
0.5751544
0.5751544
0.5754579
0.5754579
0.5754579
0.5754579
0.5754579
0.5755302
0.5755302
0.5755302
0.5755302
0.5755302
0.575372
0.575372
0.575372
0.575372
0.575372
0.5752398
0.5752398
0.5752398
0.5752398
0.5752398
0.57502
0.57502
0.57502
0.57502
0.57502
0.5751678
0.5751678
0.5751678
0.5751678
0.5751678
0.5755054
0.5755054
0.5755054
0.5755054
0.5755054
0.5754014
0.5754014
0.5754014
0.5754014
0.5754014
0.5752883
0.5752883
0.5752883
0.5752883
0.5752883
0.5753931
0.5753931
0.5753931
0.5753931
0.5753931
0.5750928
0.5750928
0.5750928
0.5750928
0.5750928
0.5751311
0.5751311
0.5751311
0.5751311
0.5751311
0.5754709
0.5754709
0.5754709
0.5754709
0.5754709
0.5753481
0.5753481
0.5753481
0.5753481
0.5753481
0.5753088
0.5753088
0.5753088
0.5753088
0.5753088
0.5754757
0.5754757
0.5754757
0.5754757
0.5754757
0.5751183
0.5751183
0.5751183
0.5751183
0.5751183
0.5751155
0.5751155
0.5751155
0.5751155
0.5751155
0.575423
0.575423
0.575423
0.575423
0.575423
0.5753145
0.5753145
0.5753145
0.5753145
0.5753145
0.5753137
0.5753137
0.5753137
0.5753137
0.5753137
0.5754188
0.5754188
0.5754188
0.5754188
0.5754188
0.5751149
0.5751149
0.5751149
0.5751149
0.5751149
0.5751213
0.5751213
0.5751213
0.5751213
0.5751213
0.5754783
0.5754783
0.5754783
0.5754783
0.5754783
0.5753096
0.5753096
0.5753096
0.5753096
0.5753096
0.575347
0.575347
0.575347
0.575347
0.575347
0.5754665
0.5754665
0.5754665
0.5754665
0.5754665
0.5751301
0.5751301
0.5751301
0.5751301
0.5751301
0.5750942
0.5750942
0.5750942
0.5750942
0.5750942
0.5753955
0.5753955
0.5753955
0.5753955
0.5753955
0.5752886
0.5752886
0.5752886
0.5752886
0.5752886
0.5754014
0.5754014
0.5754014
0.5754014
0.5754014
0.5755039
0.5755039
0.5755039
0.5755039
0.5755039
0.5751669
0.5751669
0.5751669
0.5751669
0.5751669
0.5750208
0.5750208
0.5750208
0.5750208
0.5750208
0.5752414
0.5752414
0.5752414
0.5752414
0.5752414
0.5753714
0.5753714
0.5753714
0.5753714
0.5753714
0.5755292
0.5755292
0.5755292
0.5755292
0.5755292
0.5754569
0.5754569
0.5754569
0.5754569
0.5754569
0.5751539
0.5751539
0.5751539
0.5751539
0.5751539
0.5749517
0.5749517
0.5749517
0.5749517
0.5749517
0.5748593
0.5748593
0.5748593
0.5748593
0.5748593
0.5750285
0.5750285
0.5750285
0.5750285
0.5750285
0.575321
0.575321
0.575321
0.575321
0.575321
0.5754262
0.5754262
0.5754262
0.5754262
0.5754262
0.5752981
0.5752981
0.5752981
0.5752981
0.5752981
0.5751697
0.5751697
0.5751697
0.5751697
0.5751697
0.5749838
0.5749838
0.5749838
0.5749838
0.5749838
0.5750859
0.5750859
0.5750859
0.5750859
0.5750859
0.5753713
0.5753713
0.5753713
0.5753713
0.5753713
0.5753186
0.5753186
0.5753186
0.5753186
0.5753186
0.5752182
0.5752182
0.5752182
0.5752182
0.5752182
0.5753123
0.5753123
0.5753123
0.5753123
0.5753123
0.5750261
0.5750261
0.5750261
0.5750261
0.5750261
0.5750522
0.5750522
0.5750522
0.5750522
0.5750522
0.5753539
0.5753539
0.5753539
0.5753539
0.5753539
0.5752623
0.5752623
0.5752623
0.5752623
0.5752623
0.5752312
0.5752312
0.5752312
0.5752312
0.5752312
0.5753867
0.5753867
0.5753867
0.5753867
0.5753867
0.5750304
0.5750304
0.5750304
0.5750304
0.5750304
0.5750299
0.5750299
0.5750299
0.5750299
0.5750299
0.5753027
0.5753027
0.5753027
0.5753027
0.5753027
0.5752208
0.5752208
0.5752208
0.5752208
0.5752208
0.5752199
0.5752199
0.5752199
0.5752199
0.5752199
0.5752973
0.5752973
0.5752973
0.5752973
0.5752973
0.575028
0.575028
0.575028
0.575028
0.575028
0.5750322
0.5750322
0.5750322
0.5750322
0.5750322
0.5753789
0.5753789
0.5753789
0.5753789
0.5753789
0.5752209
0.5752209
0.5752209
0.5752209
0.5752209
0.5752607
0.5752607
0.5752607
0.5752607
0.5752607
0.5753484
0.5753484
0.5753484
0.5753484
0.5753484
0.5750503
0.5750503
0.5750503
0.5750503
0.5750503
0.5750281
0.5750281
0.5750281
0.5750281
0.5750281
0.5753164
0.5753164
0.5753164
0.5753164
0.5753164
0.5752171
0.5752171
0.5752171
0.5752171
0.5752171
0.575317
0.575317
0.575317
0.575317
0.575317
0.5753681
0.5753681
0.5753681
0.5753681
0.5753681
0.5750844
0.5750844
0.5750844
0.5750844
0.5750844
0.5749841
0.5749841
0.5749841
0.5749841
0.5749841
0.5751725
0.5751725
0.5751725
0.5751725
0.5751725
0.5752988
0.5752988
0.5752988
0.5752988
0.5752988
0.5754261
0.5754261
0.5754261
0.5754261
0.5754261
0.5753182
0.5753182
0.5753182
0.5753182
0.5753182
0.5750262
0.5750262
0.5750262
0.5750262
0.5750262
0.5748597
0.5748597
0.5748597
0.5748597
0.5748597
0.574755
0.574755
0.574755
0.574755
0.574755
0.5748766
0.5748766
0.5748766
0.5748766
0.5748766
0.5751304
0.5751304
0.5751304
0.5751304
0.5751304
0.5752864
0.5752864
0.5752864
0.5752864
0.5752864
0.5751736
0.5751736
0.5751736
0.5751736
0.5751736
0.5750544
0.5750544
0.5750544
0.5750544
0.5750544
0.5749298
0.5749298
0.5749298
0.5749298
0.5749298
0.5749754
0.5749754
0.5749754
0.5749754
0.5749754
0.5751717
0.5751717
0.5751717
0.5751717
0.5751717
0.5751849
0.5751849
0.5751849
0.5751849
0.5751849
0.5750974
0.5750974
0.5750974
0.5750974
0.5750974
0.5751609
0.5751609
0.5751609
0.5751609
0.5751609
0.574942
0.574942
0.574942
0.574942
0.574942
0.5749493
0.5749493
0.5749493
0.5749493
0.5749493
0.5751984
0.5751984
0.5751984
0.5751984
0.5751984
0.5751482
0.5751482
0.5751482
0.5751482
0.5751482
0.5751245
0.5751245
0.5751245
0.5751245
0.5751245
0.5752332
0.5752332
0.5752332
0.5752332
0.5752332
0.5749506
0.5749506
0.5749506
0.5749506
0.5749506
0.5749407
0.5749407
0.5749407
0.5749407
0.5749407
0.5751693
0.5751693
0.5751693
0.5751693
0.5751693
0.5751136
0.5751136
0.5751136
0.5751136
0.5751136
0.5751118
0.5751118
0.5751118
0.5751118
0.5751118
0.5751623
0.5751623
0.5751623
0.5751623
0.5751623
0.5749454
0.5749454
0.5749454
0.5749454
0.5749454
0.5749556
0.5749556
0.5749556
0.5749556
0.5749556
0.5752398
0.5752398
0.5752398
0.5752398
0.5752398
0.5751282
0.5751282
0.5751282
0.5751282
0.5751282
0.5751505
0.5751505
0.5751505
0.5751505
0.5751505
0.5751998
0.5751998
0.5751998
0.5751998
0.5751998
0.5749646
0.5749646
0.5749646
0.5749646
0.5749646
0.5749599
0.5749599
0.5749599
0.5749599
0.5749599
0.5751814
0.5751814
0.5751814
0.5751814
0.5751814
0.5751148
0.5751148
0.5751148
0.5751148
0.5751148
0.5751895
0.5751895
0.5751895
0.5751895
0.5751895
0.5751688
0.5751688
0.5751688
0.5751688
0.5751688
0.5749751
0.5749751
0.5749751
0.5749751
0.5749751
0.5749308
0.5749308
0.5749308
0.5749308
0.5749308
0.5750572
0.5750572
0.5750572
0.5750572
0.5750572
0.5751725
0.5751725
0.5751725
0.5751725
0.5751725
0.5752702
0.5752702
0.5752702
0.5752702
0.5752702
0.5751152
0.5751152
0.5751152
0.5751152
0.5751152
0.5748621
0.5748621
0.5748621
0.5748621
0.5748621
0.5747412
0.5747412
0.5747412
0.5747412
0.5747412
0.5746172
0.5746172
0.5746172
0.5746172
0.5746172
0.5746996
0.5746996
0.5746996
0.5746996
0.5746996
0.5749046
0.5749046
0.5749046
0.5749046
0.5749046
0.5751154
0.5751154
0.5751154
0.5751154
0.5751154
0.5750408
0.5750408
0.5750408
0.5750408
0.5750408
0.5749351
0.5749351
0.5749351
0.5749351
0.5749351
0.5748903
0.5748903
0.5748903
0.5748903
0.5748903
0.5748917
0.5748917
0.5748917
0.5748917
0.5748917
0.5749677
0.5749677
0.5749677
0.5749677
0.5749677
0.5750404
0.5750404
0.5750404
0.5750404
0.5750404
0.5749855
0.5749855
0.5749855
0.5749855
0.5749855
0.5750315
0.5750315
0.5750315
0.5750315
0.5750315
0.5748927
0.5748927
0.5748927
0.5748927
0.5748927
0.5748857
0.5748857
0.5748857
0.5748857
0.5748857
0.575027
0.575027
0.575027
0.575027
0.575027
0.5750128
0.5750128
0.5750128
0.5750128
0.5750128
0.574992
0.574992
0.574992
0.574992
0.574992
0.5750478
0.5750478
0.5750478
0.5750478
0.5750478
0.5748687
0.5748687
0.5748687
0.5748687
0.5748687
0.574872
0.574872
0.574872
0.574872
0.574872
0.5750284
0.5750284
0.5750284
0.5750284
0.5750284
0.5749828
0.5749828
0.5749828
0.5749828
0.5749828
0.5749815
0.5749815
0.5749815
0.5749815
0.5749815
0.5750233
0.5750233
0.5750233
0.5750233
0.5750233
0.5748621
0.5748621
0.5748621
0.5748621
0.5748621
0.5748663
0.5748663
0.5748663
0.5748663
0.5748663
0.5750466
0.5750466
0.5750466
0.5750466
0.5750466
0.5749886
0.5749886
0.5749886
0.5749886
0.5749886
0.5750091
0.5750091
0.5750091
0.5750091
0.5750091
0.5750172
0.5750172
0.5750172
0.5750172
0.5750172
0.5748667
0.5748667
0.5748667
0.5748667
0.5748667
0.5748755
0.5748755
0.5748755
0.5748755
0.5748755
0.5750179
0.5750179
0.5750179
0.5750179
0.5750179
0.5749695
0.5749695
0.5749695
0.5749695
0.5749695
0.575031
0.575031
0.575031
0.575031
0.575031
0.5749587
0.5749587
0.5749587
0.5749587
0.5749587
0.5748863
0.5748863
0.5748863
0.5748863
0.5748863
0.5748861
0.5748861
0.5748861
0.5748861
0.5748861
0.5749331
0.5749331
0.5749331
0.5749331
0.5749331
0.5750439
0.5750439
0.5750439
0.5750439
0.5750439
0.5751218
0.5751218
0.5751218
0.5751218
0.5751218
0.5749111
0.5749111
0.5749111
0.5749111
0.5749111
0.5747072
0.5747072
0.5747072
0.5747072
0.5747072
0.5746258
0.5746258
0.5746258
0.5746258
0.5746258
0.5744843
0.5744843
0.5744843
0.5744843
0.5744843
0.5745039
0.5745039
0.5745039
0.5745039
0.5745039
0.5745191
0.5745191
0.5745191
0.5745191
0.5745191
0.5748086
0.5748086
0.5748086
0.5748086
0.5748086
0.5747526
0.5747526
0.5747526
0.5747526
0.5747526
0.5746967
0.5746967
0.5746967
0.5746967
0.5746967
0.5748157
0.5748157
0.5748157
0.5748157
0.5748157
0.5747835
0.5747835
0.5747835
0.5747835
0.5747835
0.5746559
0.5746559
0.5746559
0.5746559
0.5746559
0.574727
0.574727
0.574727
0.574727
0.574727
0.5747003
0.5747003
0.5747003
0.5747003
0.5747003
0.5747406
0.5747406
0.5747406
0.5747406
0.5747406
0.5748067
0.5748067
0.5748067
0.5748067
0.5748067
0.5747699
0.5747699
0.5747699
0.5747699
0.5747699
0.574693
0.574693
0.574693
0.574693
0.574693
0.5747122
0.5747122
0.5747122
0.5747122
0.5747122
0.574687
0.574687
0.574687
0.574687
0.574687
0.5746956
0.5746956
0.5746956
0.5746956
0.5746956
0.5747562
0.5747562
0.5747562
0.5747562
0.5747562
0.5747596
0.5747596
0.5747596
0.5747596
0.5747596
0.5747036
0.5747036
0.5747036
0.5747036
0.5747036
0.574693
0.574693
0.574693
0.574693
0.574693
0.5746911
0.5746911
0.5746911
0.5746911
0.5746911
0.574702
0.574702
0.574702
0.574702
0.574702
0.5747599
0.5747599
0.5747599
0.5747599
0.5747599
0.5747593
0.5747593
0.5747593
0.5747593
0.5747593
0.574708
0.574708
0.574708
0.574708
0.574708
0.5746987
0.5746987
0.5746987
0.5746987
0.5746987
0.574715
0.574715
0.574715
0.574715
0.574715
0.5746931
0.5746931
0.5746931
0.5746931
0.5746931
0.5747692
0.5747692
0.5747692
0.5747692
0.5747692
0.5748056
0.5748056
0.5748056
0.5748056
0.5748056
0.5747413
0.5747413
0.5747413
0.5747413
0.5747413
0.5747027
0.5747027
0.5747027
0.5747027
0.5747027
0.5747285
0.5747285
0.5747285
0.5747285
0.5747285
0.5746568
0.5746568
0.5746568
0.5746568
0.5746568
0.5747853
0.5747853
0.5747853
0.5747853
0.5747853
0.5748179
0.5748179
0.5748179
0.5748179
0.5748179
0.5746972
0.5746972
0.5746972
0.5746972
0.5746972
0.5747535
0.5747535
0.5747535
0.5747535
0.5747535
0.5748064
0.5748064
0.5748064
0.5748064
0.5748064
0.5745176
0.5745176
0.5745176
0.5745176
0.5745176
0.5745031
0.5745031
0.5745031
0.5745031
0.5745031
0.5744819
0.5744819
0.5744819
0.5744819
0.5744819
)
;

boundaryField
{
    electrolyteSides
    {
        type            zeroGradient;
    }
    electrolyte_to_fuel
    {
        type            zeroGradient;
    }
    electrolyte_to_air
    {
        type            zeroGradient;
    }
}


// ************************************************************************* //
