/*--------------------------------*- C++ -*----------------------------------*\
| =========                 |                                                 |
| \\      /  F ield         | OpenFOAM: The Open Source CFD Toolbox           |
|  \\    /   O peration     | Version:  4.0                                   |
|   \\  /    A nd           | Web:      www.OpenFOAM.org                      |
|    \\/     M anipulation  |                                                 |
\*---------------------------------------------------------------------------*/
FoamFile
{
    version     2.0;
    format      ascii;
    class       volScalarField;
    location    "120/electrolyte";
    object      etaConC;
}
// * * * * * * * * * * * * * * * * * * * * * * * * * * * * * * * * * * * * * //

dimensions      [1 2 -3 0 0 -1 0];

internalField   nonuniform List<scalar> 
4840
(
0.00247458
0.00247458
0.00247458
0.00247458
0.00247458
0.002517731
0.002517731
0.002517731
0.002517731
0.002517731
0.002571062
0.002571062
0.002571062
0.002571062
0.002571062
0.00257817
0.00257817
0.00257817
0.00257817
0.00257817
0.00257674
0.00257674
0.00257674
0.00257674
0.00257674
0.002564783
0.002564783
0.002564783
0.002564783
0.002564783
0.002515346
0.002515346
0.002515346
0.002515346
0.002515346
0.002517902
0.002517902
0.002517902
0.002517902
0.002517902
0.002565446
0.002565446
0.002565446
0.002565446
0.002565446
0.002571403
0.002571403
0.002571403
0.002571403
0.002571403
0.002562505
0.002562505
0.002562505
0.002562505
0.002562505
0.00255638
0.00255638
0.00255638
0.00255638
0.00255638
0.002508397
0.002508397
0.002508397
0.002508397
0.002508397
0.002508883
0.002508883
0.002508883
0.002508883
0.002508883
0.002556634
0.002556634
0.002556634
0.002556634
0.002556634
0.002559518
0.002559518
0.002559518
0.002559518
0.002559518
0.00255945
0.00255945
0.00255945
0.00255945
0.00255945
0.002553358
0.002553358
0.002553358
0.002553358
0.002553358
0.002505573
0.002505573
0.002505573
0.002505573
0.002505573
0.002505838
0.002505838
0.002505838
0.002505838
0.002505838
0.002553427
0.002553427
0.002553427
0.002553427
0.002553427
0.002559383
0.002559383
0.002559383
0.002559383
0.002559383
0.002559343
0.002559343
0.002559343
0.002559343
0.002559343
0.002553262
0.002553262
0.002553262
0.002553262
0.002553262
0.002505573
0.002505573
0.002505573
0.002505573
0.002505573
0.002507986
0.002507986
0.002507986
0.002507986
0.002507986
0.002555844
0.002555844
0.002555844
0.002555844
0.002555844
0.002561815
0.002561815
0.002561815
0.002561815
0.002561815
0.002561804
0.002561804
0.002561804
0.002561804
0.002561804
0.002555699
0.002555699
0.002555699
0.002555699
0.002555699
0.002514353
0.002514353
0.002514353
0.002514353
0.002514353
0.002514087
0.002514087
0.002514087
0.002514087
0.002514087
0.002562191
0.002562191
0.002562191
0.002562191
0.002562191
0.002568208
0.002568208
0.002568208
0.002568208
0.002568208
0.002568319
0.002568319
0.002568319
0.002568319
0.002568319
0.002562113
0.002562113
0.002562113
0.002562113
0.002562113
0.002514638
0.002514638
0.002514638
0.002514638
0.002514638
0.002512284
0.002512284
0.002512284
0.002512284
0.002512284
0.002561673
0.002561673
0.002561673
0.002561673
0.002561673
0.002568039
0.002568039
0.002568039
0.002568039
0.002568039
0.002562666
0.002562666
0.002562666
0.002562666
0.002562666
0.002554936
0.002554936
0.002554936
0.002554936
0.002554936
0.002501131
0.002501131
0.002501131
0.002501131
0.002501131
0.002457606
0.002457606
0.002457606
0.002457606
0.002457606
0.002471661
0.002471661
0.002471661
0.002471661
0.002471661
0.002499519
0.002499519
0.002499519
0.002499519
0.002499519
0.002537116
0.002537116
0.002537116
0.002537116
0.002537116
0.002542839
0.002542839
0.002542839
0.002542839
0.002542839
0.002541419
0.002541419
0.002541419
0.002541419
0.002541419
0.002534315
0.002534315
0.002534315
0.002534315
0.002534315
0.002494568
0.002494568
0.002494568
0.002494568
0.002494568
0.002497574
0.002497574
0.002497574
0.002497574
0.002497574
0.002535446
0.002535446
0.002535446
0.002535446
0.002535446
0.00254155
0.00254155
0.00254155
0.00254155
0.00254155
0.002541365
0.002541365
0.002541365
0.002541365
0.002541365
0.002537305
0.002537305
0.002537305
0.002537305
0.002537305
0.002498594
0.002498594
0.002498594
0.002498594
0.002498594
0.002499344
0.002499344
0.002499344
0.002499344
0.002499344
0.002537764
0.002537764
0.002537764
0.002537764
0.002537764
0.002544041
0.002544041
0.002544041
0.002544041
0.002544041
0.002550327
0.002550327
0.002550327
0.002550327
0.002550327
0.00254381
0.00254381
0.00254381
0.00254381
0.00254381
0.002505185
0.002505185
0.002505185
0.002505185
0.002505185
0.002505576
0.002505576
0.002505576
0.002505576
0.002505576
0.002544154
0.002544154
0.002544154
0.002544154
0.002544154
0.002550421
0.002550421
0.002550421
0.002550421
0.002550421
0.002550332
0.002550332
0.002550332
0.002550332
0.002550332
0.00254386
0.00254386
0.00254386
0.00254386
0.00254386
0.002505374
0.002505374
0.002505374
0.002505374
0.002505374
0.002505332
0.002505332
0.002505332
0.002505332
0.002505332
0.002537629
0.002537629
0.002537629
0.002537629
0.002537629
0.002543965
0.002543965
0.002543965
0.002543965
0.002543965
0.002543909
0.002543909
0.002543909
0.002543909
0.002543909
0.002537459
0.002537459
0.002537459
0.002537459
0.002537459
0.002499104
0.002499104
0.002499104
0.002499104
0.002499104
0.002496192
0.002496192
0.002496192
0.002496192
0.002496192
0.002534971
0.002534971
0.002534971
0.002534971
0.002534971
0.002541364
0.002541364
0.002541364
0.002541364
0.002541364
0.002541433
0.002541433
0.002541433
0.002541433
0.002541433
0.002535156
0.002535156
0.002535156
0.002535156
0.002535156
0.002497358
0.002497358
0.002497358
0.002497358
0.002497358
0.002494678
0.002494678
0.002494678
0.002494678
0.002494678
0.002534471
0.002534471
0.002534471
0.002534471
0.002534471
0.002541365
0.002541365
0.002541365
0.002541365
0.002541365
0.00254251
0.00254251
0.00254251
0.00254251
0.00254251
0.002538881
0.002538881
0.002538881
0.002538881
0.002538881
0.002501126
0.002501126
0.002501126
0.002501126
0.002501126
0.002471243
0.002471243
0.002471243
0.002471243
0.002471243
0.002466221
0.002466221
0.002466221
0.002466221
0.002466221
0.002491442
0.002491442
0.002491442
0.002491442
0.002491442
0.002532474
0.002532474
0.002532474
0.002532474
0.002532474
0.002538939
0.002538939
0.002538939
0.002538939
0.002538939
0.002537254
0.002537254
0.002537254
0.002537254
0.002537254
0.00252873
0.00252873
0.00252873
0.00252873
0.00252873
0.002493246
0.002493246
0.002493246
0.002493246
0.002493246
0.002495882
0.002495882
0.002495882
0.002495882
0.002495882
0.002530217
0.002530217
0.002530217
0.002530217
0.002530217
0.00253749
0.00253749
0.00253749
0.00253749
0.00253749
0.002537197
0.002537197
0.002537197
0.002537197
0.002537197
0.002529267
0.002529267
0.002529267
0.002529267
0.002529267
0.002488038
0.002488038
0.002488038
0.002488038
0.002488038
0.002489038
0.002489038
0.002489038
0.002489038
0.002489038
0.002523612
0.002523612
0.002523612
0.002523612
0.002523612
0.002531054
0.002531054
0.002531054
0.002531054
0.002531054
0.002530833
0.002530833
0.002530833
0.002530833
0.002530833
0.002520511
0.002520511
0.002520511
0.002520511
0.002520511
0.002485836
0.002485836
0.002485836
0.002485836
0.002485836
0.002486336
0.002486336
0.002486336
0.002486336
0.002486336
0.002521011
0.002521011
0.002521011
0.002521011
0.002521011
0.002528507
0.002528507
0.002528507
0.002528507
0.002528507
0.002528368
0.002528368
0.002528368
0.002528368
0.002528368
0.002520633
0.002520633
0.002520633
0.002520633
0.002520633
0.0024861
0.0024861
0.0024861
0.0024861
0.0024861
0.002486069
0.002486069
0.002486069
0.002486069
0.002486069
0.002520915
0.002520915
0.002520915
0.002520915
0.002520915
0.002531002
0.002531002
0.002531002
0.002531002
0.002531002
0.002530912
0.002530912
0.002530912
0.002530912
0.002530912
0.00252323
0.00252323
0.00252323
0.00252323
0.00252323
0.002488784
0.002488784
0.002488784
0.002488784
0.002488784
0.002488254
0.002488254
0.002488254
0.002488254
0.002488254
0.002529638
0.002529638
0.002529638
0.002529638
0.002529638
0.002537324
0.002537324
0.002537324
0.002537324
0.002537324
0.002537364
0.002537364
0.002537364
0.002537364
0.002537364
0.002529852
0.002529852
0.002529852
0.002529852
0.002529852
0.00249565
0.00249565
0.00249565
0.00249565
0.00249565
0.002493469
0.002493469
0.002493469
0.002493469
0.002493469
0.002529063
0.002529063
0.002529063
0.002529063
0.002529063
0.002537279
0.002537279
0.002537279
0.002537279
0.002537279
0.002538535
0.002538535
0.002538535
0.002538535
0.002538535
0.002531562
0.002531562
0.002531562
0.002531562
0.002531562
0.002490496
0.002490496
0.002490496
0.002490496
0.002490496
0.002465996
0.002465996
0.002465996
0.002465996
0.002465996
0.002458923
0.002458923
0.002458923
0.002458923
0.002458923
0.002478748
0.002478748
0.002478748
0.002478748
0.002478748
0.002513427
0.002513427
0.002513427
0.002513427
0.002513427
0.002519198
0.002519198
0.002519198
0.002519198
0.002519198
0.00251755
0.00251755
0.00251755
0.00251755
0.00251755
0.002506878
0.002506878
0.002506878
0.002506878
0.002506878
0.002474723
0.002474723
0.002474723
0.002474723
0.002474723
0.002476577
0.002476577
0.002476577
0.002476577
0.002476577
0.002508977
0.002508977
0.002508977
0.002508977
0.002508977
0.002517905
0.002517905
0.002517905
0.002517905
0.002517905
0.002517463
0.002517463
0.002517463
0.002517463
0.002517463
0.002507464
0.002507464
0.002507464
0.002507464
0.002507464
0.002475544
0.002475544
0.002475544
0.002475544
0.002475544
0.002478858
0.002478858
0.002478858
0.002478858
0.002478858
0.002511195
0.002511195
0.002511195
0.002511195
0.002511195
0.002520388
0.002520388
0.002520388
0.002520388
0.002520388
0.002520079
0.002520079
0.002520079
0.002520079
0.002520079
0.002510249
0.002510249
0.002510249
0.002510249
0.002510249
0.002484603
0.002484603
0.002484603
0.002484603
0.002484603
0.002485071
0.002485071
0.002485071
0.002485071
0.002485071
0.002517405
0.002517405
0.002517405
0.002517405
0.002517405
0.002526753
0.002526753
0.002526753
0.002526753
0.002526753
0.002526569
0.002526569
0.002526569
0.002526569
0.002526569
0.002516957
0.002516957
0.002516957
0.002516957
0.002516957
0.002484813
0.002484813
0.002484813
0.002484813
0.002484813
0.002484912
0.002484912
0.002484912
0.002484912
0.002484912
0.002517157
0.002517157
0.002517157
0.002517157
0.002517157
0.002526709
0.002526709
0.002526709
0.002526709
0.002526709
0.002520247
0.002520247
0.002520247
0.002520247
0.002520247
0.002510765
0.002510765
0.002510765
0.002510765
0.002510765
0.002478604
0.002478604
0.002478604
0.002478604
0.002478604
0.002478347
0.002478347
0.002478347
0.002478347
0.002478347
0.002510477
0.002510477
0.002510477
0.002510477
0.002510477
0.002517696
0.002517696
0.002517696
0.002517696
0.002517696
0.002517789
0.002517789
0.002517789
0.002517789
0.002517789
0.002508568
0.002508568
0.002508568
0.002508568
0.002508568
0.002476352
0.002476352
0.002476352
0.002476352
0.002476352
0.002475034
0.002475034
0.002475034
0.002475034
0.002475034
0.002507342
0.002507342
0.002507342
0.002507342
0.002507342
0.002517627
0.002517627
0.002517627
0.002517627
0.002517627
0.002518715
0.002518715
0.002518715
0.002518715
0.002518715
0.002509861
0.002509861
0.002509861
0.002509861
0.002509861
0.00247523
0.00247523
0.00247523
0.00247523
0.00247523
0.002458787
0.002458787
0.002458787
0.002458787
0.002458787
0.002452643
0.002452643
0.002452643
0.002452643
0.002452643
0.002468673
0.002468673
0.002468673
0.002468673
0.002468673
0.002503362
0.002503362
0.002503362
0.002503362
0.002503362
0.002513384
0.002513384
0.002513384
0.002513384
0.002513384
0.002518299
0.002518299
0.002518299
0.002518299
0.002518299
0.002506567
0.002506567
0.002506567
0.002506567
0.002506567
0.002475234
0.002475234
0.002475234
0.002475234
0.002475234
0.002476571
0.002476571
0.002476571
0.002476571
0.002476571
0.002508567
0.002508567
0.002508567
0.002508567
0.002508567
0.002518746
0.002518746
0.002518746
0.002518746
0.002518746
0.002518204
0.002518204
0.002518204
0.002518204
0.002518204
0.002507021
0.002507021
0.002507021
0.002507021
0.002507021
0.002475911
0.002475911
0.002475911
0.002475911
0.002475911
0.002476621
0.002476621
0.002476621
0.002476621
0.002476621
0.00250214
0.00250214
0.00250214
0.00250214
0.00250214
0.002512331
0.002512331
0.002512331
0.002512331
0.002512331
0.002511933
0.002511933
0.002511933
0.002511933
0.002511933
0.00250095
0.00250095
0.00250095
0.00250095
0.00250095
0.002469717
0.002469717
0.002469717
0.002469717
0.002469717
0.002467731
0.002467731
0.002467731
0.002467731
0.002467731
0.002499439
0.002499439
0.002499439
0.002499439
0.002499439
0.002509785
0.002509785
0.002509785
0.002509785
0.002509785
0.002509573
0.002509573
0.002509573
0.002509573
0.002509573
0.002498904
0.002498904
0.002498904
0.002498904
0.002498904
0.002467544
0.002467544
0.002467544
0.002467544
0.002467544
0.002467714
0.002467714
0.002467714
0.002467714
0.002467714
0.002499136
0.002499136
0.002499136
0.002499136
0.002499136
0.00250979
0.00250979
0.00250979
0.00250979
0.00250979
0.002509779
0.002509779
0.002509779
0.002509779
0.002509779
0.00250233
0.00250233
0.00250233
0.00250233
0.00250233
0.002470672
0.002470672
0.002470672
0.002470672
0.002470672
0.00247059
0.00247059
0.00247059
0.00247059
0.00247059
0.002501881
0.002501881
0.002501881
0.002501881
0.002501881
0.002512739
0.002512739
0.002512739
0.002512739
0.002512739
0.002521518
0.002521518
0.002521518
0.002521518
0.002521518
0.002511127
0.002511127
0.002511127
0.002511127
0.002511127
0.002479312
0.002479312
0.002479312
0.002479312
0.002479312
0.002478577
0.002478577
0.002478577
0.002478577
0.002478577
0.002510083
0.002510083
0.002510083
0.002510083
0.002510083
0.002526653
0.002526653
0.002526653
0.002526653
0.002526653
0.002527494
0.002527494
0.002527494
0.002527494
0.002527494
0.002516801
0.002516801
0.002516801
0.002516801
0.002516801
0.00248208
0.00248208
0.00248208
0.00248208
0.00248208
0.002466963
0.002466963
0.002466963
0.002466963
0.002466963
0.002462579
0.002462579
0.002462579
0.002462579
0.002462579
0.002475582
0.002475582
0.002475582
0.002475582
0.002475582
0.002509327
0.002509327
0.002509327
0.002509327
0.002509327
0.002522026
0.002522026
0.002522026
0.002522026
0.002522026
0.002520877
0.002520877
0.002520877
0.002520877
0.002520877
0.002503078
0.002503078
0.002503078
0.002503078
0.002503078
0.002472504
0.002472504
0.002472504
0.002472504
0.002472504
0.002473491
0.002473491
0.002473491
0.002473491
0.002473491
0.002504682
0.002504682
0.002504682
0.002504682
0.002504682
0.002516242
0.002516242
0.002516242
0.002516242
0.002516242
0.002508618
0.002508618
0.002508618
0.002508618
0.002508618
0.002496008
0.002496008
0.002496008
0.002496008
0.002496008
0.002465888
0.002465888
0.002465888
0.002465888
0.002465888
0.002466563
0.002466563
0.002466563
0.002466563
0.002466563
0.002497893
0.002497893
0.002497893
0.002497893
0.002497893
0.00250673
0.00250673
0.00250673
0.00250673
0.00250673
0.002506255
0.002506255
0.002506255
0.002506255
0.002506255
0.002493939
0.002493939
0.002493939
0.002493939
0.002493939
0.002463476
0.002463476
0.002463476
0.002463476
0.002463476
0.002463934
0.002463934
0.002463934
0.002463934
0.002463934
0.002494776
0.002494776
0.002494776
0.002494776
0.002494776
0.002506492
0.002506492
0.002506492
0.002506492
0.002506492
0.002506258
0.002506258
0.002506258
0.002506258
0.002506258
0.002494196
0.002494196
0.002494196
0.002494196
0.002494196
0.002463468
0.002463468
0.002463468
0.002463468
0.002463468
0.002465704
0.002465704
0.002465704
0.002465704
0.002465704
0.002496418
0.002496418
0.002496418
0.002496418
0.002496418
0.002508392
0.002508392
0.002508392
0.002508392
0.002508392
0.002508406
0.002508406
0.002508406
0.002508406
0.002508406
0.002496614
0.002496614
0.002496614
0.002496614
0.002496614
0.002470446
0.002470446
0.002470446
0.002470446
0.002470446
0.002470446
0.002470446
0.002470446
0.002470446
0.002470446
0.002500841
0.002500841
0.002500841
0.002500841
0.002500841
0.002513123
0.002513123
0.002513123
0.002513123
0.002513123
0.002513236
0.002513236
0.002513236
0.002513236
0.002513236
0.002501224
0.002501224
0.002501224
0.002501224
0.002501224
0.002470276
0.002470276
0.002470276
0.002470276
0.002470276
0.002469932
0.002469932
0.002469932
0.002469932
0.002469932
0.002500648
0.002500648
0.002500648
0.002500648
0.002500648
0.002513052
0.002513052
0.002513052
0.002513052
0.002513052
0.002508415
0.002508415
0.002508415
0.002508415
0.002508415
0.002495043
0.002495043
0.002495043
0.002495043
0.002495043
0.002461476
0.002461476
0.002461476
0.002461476
0.002461476
0.002449523
0.002449523
0.002449523
0.002449523
0.002449523
0.002444522
0.002444522
0.002444522
0.002444522
0.002444522
0.002453493
0.002453493
0.002453493
0.002453493
0.002453493
0.002486896
0.002486896
0.002486896
0.002486896
0.002486896
0.002501265
0.002501265
0.002501265
0.002501265
0.002501265
0.002500406
0.002500406
0.002500406
0.002500406
0.002500406
0.002486656
0.002486656
0.002486656
0.002486656
0.002486656
0.002456272
0.002456272
0.002456272
0.002456272
0.002456272
0.00245707
0.00245707
0.00245707
0.00245707
0.00245707
0.002488435
0.002488435
0.002488435
0.002488435
0.002488435
0.002500701
0.002500701
0.002500701
0.002500701
0.002500701
0.002500034
0.002500034
0.002500034
0.002500034
0.002500034
0.002488684
0.002488684
0.002488684
0.002488684
0.002488684
0.002458515
0.002458515
0.002458515
0.002458515
0.002458515
0.002459177
0.002459177
0.002459177
0.002459177
0.002459177
0.002490688
0.002490688
0.002490688
0.002490688
0.002490688
0.002502899
0.002502899
0.002502899
0.002502899
0.002502899
0.00250735
0.00250735
0.00250735
0.00250735
0.00250735
0.002494249
0.002494249
0.002494249
0.002494249
0.002494249
0.002463596
0.002463596
0.002463596
0.002463596
0.002463596
0.002464038
0.002464038
0.002464038
0.002464038
0.002464038
0.002495109
0.002495109
0.002495109
0.002495109
0.002495109
0.00250767
0.00250767
0.00250767
0.00250767
0.00250767
0.00250742
0.00250742
0.00250742
0.00250742
0.00250742
0.002494471
0.002494471
0.002494471
0.002494471
0.002494471
0.00246366
0.00246366
0.00246366
0.00246366
0.00246366
0.00246393
0.00246393
0.00246393
0.00246393
0.00246393
0.002489867
0.002489867
0.002489867
0.002489867
0.002489867
0.002502593
0.002502593
0.002502593
0.002502593
0.002502593
0.002502611
0.002502611
0.002502611
0.002502611
0.002502611
0.002490037
0.002490037
0.002490037
0.002490037
0.002490037
0.002458777
0.002458777
0.002458777
0.002458777
0.002458777
0.002456761
0.002456761
0.002456761
0.002456761
0.002456761
0.002487169
0.002487169
0.002487169
0.002487169
0.002487169
0.00250022
0.00250022
0.00250022
0.00250022
0.00250022
0.002500398
0.002500398
0.002500398
0.002500398
0.002500398
0.002487758
0.002487758
0.002487758
0.002487758
0.002487758
0.002456619
0.002456619
0.002456619
0.002456619
0.002456619
0.002456484
0.002456484
0.002456484
0.002456484
0.002456484
0.002487018
0.002487018
0.002487018
0.002487018
0.002487018
0.002500245
0.002500245
0.002500245
0.002500245
0.002500245
0.002500321
0.002500321
0.002500321
0.002500321
0.002500321
0.002487271
0.002487271
0.002487271
0.002487271
0.002487271
0.002453935
0.002453935
0.002453935
0.002453935
0.002453935
0.002443936
0.002443936
0.002443936
0.002443936
0.002443936
0.002439359
0.002439359
0.002439359
0.002439359
0.002439359
0.00244928
0.00244928
0.00244928
0.00244928
0.00244928
0.002487728
0.002487728
0.002487728
0.002487728
0.002487728
0.002503357
0.002503357
0.002503357
0.002503357
0.002503357
0.002502727
0.002502727
0.002502727
0.002502727
0.002502727
0.002488279
0.002488279
0.002488279
0.002488279
0.002488279
0.002457721
0.002457721
0.002457721
0.002457721
0.002457721
0.002458449
0.002458449
0.002458449
0.002458449
0.002458449
0.002490439
0.002490439
0.002490439
0.002490439
0.002490439
0.002503163
0.002503163
0.002503163
0.002503163
0.002503163
0.002502427
0.002502427
0.002502427
0.002502427
0.002502427
0.002488449
0.002488449
0.002488449
0.002488449
0.002488449
0.00245292
0.00245292
0.00245292
0.00245292
0.00245292
0.002453572
0.002453572
0.002453572
0.002453572
0.002453572
0.002485457
0.002485457
0.002485457
0.002485457
0.002485457
0.002498272
0.002498272
0.002498272
0.002498272
0.002498272
0.002497739
0.002497739
0.002497739
0.002497739
0.002497739
0.002482073
0.002482073
0.002482073
0.002482073
0.002482073
0.002451025
0.002451025
0.002451025
0.002451025
0.002451025
0.002451441
0.002451441
0.002451441
0.002451441
0.002451441
0.002482766
0.002482766
0.002482766
0.002482766
0.002482766
0.002495963
0.002495963
0.002495963
0.002495963
0.002495963
0.002495703
0.002495703
0.002495703
0.002495703
0.002495703
0.002482132
0.002482132
0.002482132
0.002482132
0.002482132
0.002451076
0.002451076
0.002451076
0.002451076
0.002451076
0.002451391
0.002451391
0.002451391
0.002451391
0.002451391
0.002482719
0.002482719
0.002482719
0.002482719
0.002482719
0.002498014
0.002498014
0.002498014
0.002498014
0.002498014
0.002498014
0.002498014
0.002498014
0.002498014
0.002498014
0.002484824
0.002484824
0.002484824
0.002484824
0.002484824
0.002453202
0.002453202
0.002453202
0.002453202
0.002453202
0.002453284
0.002453284
0.002453284
0.002453284
0.002453284
0.002489082
0.002489082
0.002489082
0.002489082
0.002489082
0.002502681
0.002502681
0.002502681
0.002502681
0.002502681
0.002502896
0.002502896
0.002502896
0.002502896
0.002502896
0.002489785
0.002489785
0.002489785
0.002489785
0.002489785
0.002458035
0.002458035
0.002458035
0.002458035
0.002458035
0.00245799
0.00245799
0.00245799
0.00245799
0.00245799
0.002488714
0.002488714
0.002488714
0.002488714
0.002488714
0.002502605
0.002502605
0.002502605
0.002502605
0.002502605
0.002502404
0.002502404
0.002502404
0.002502404
0.002502404
0.002486
0.002486
0.002486
0.002486
0.002486
0.002447649
0.002447649
0.002447649
0.002447649
0.002447649
0.002438822
0.002438822
0.002438822
0.002438822
0.002438822
0.002434695
0.002434695
0.002434695
0.002434695
0.002434695
0.002444065
0.002444065
0.002444065
0.002444065
0.002444065
0.002477991
0.002477991
0.002477991
0.002477991
0.002477991
0.002492288
0.002492288
0.002492288
0.002492288
0.002492288
0.00249182
0.00249182
0.00249182
0.00249182
0.00249182
0.002476967
0.002476967
0.002476967
0.002476967
0.002476967
0.002446104
0.002446104
0.002446104
0.002446104
0.002446104
0.002446803
0.002446803
0.002446803
0.002446803
0.002446803
0.002479275
0.002479275
0.002479275
0.002479275
0.002479275
0.002492343
0.002492343
0.002492343
0.002492343
0.002492343
0.002491557
0.002491557
0.002491557
0.002491557
0.002491557
0.002477108
0.002477108
0.002477108
0.002477108
0.002477108
0.002446189
0.002446189
0.002446189
0.002446189
0.002446189
0.002448908
0.002448908
0.002448908
0.002448908
0.002448908
0.002481355
0.002481355
0.002481355
0.002481355
0.002481355
0.002494528
0.002494528
0.002494528
0.002494528
0.002494528
0.002493994
0.002493994
0.002493994
0.002493994
0.002493994
0.002480021
0.002480021
0.002480021
0.002480021
0.002480021
0.002453333
0.002453333
0.002453333
0.002453333
0.002453333
0.002453726
0.002453726
0.002453726
0.002453726
0.002453726
0.002485538
0.002485538
0.002485538
0.002485538
0.002485538
0.002499203
0.002499203
0.002499203
0.002499203
0.002499203
0.002498935
0.002498935
0.002498935
0.002498935
0.002498935
0.002484907
0.002484907
0.002484907
0.002484907
0.002484907
0.002453371
0.002453371
0.002453371
0.002453371
0.002453371
0.00245373
0.00245373
0.00245373
0.00245373
0.00245373
0.002485662
0.002485662
0.002485662
0.002485662
0.002485662
0.002499267
0.002499267
0.002499267
0.002499267
0.002499267
0.002494301
0.002494301
0.002494301
0.002494301
0.002494301
0.002480745
0.002480745
0.002480745
0.002480745
0.002480745
0.002448571
0.002448571
0.002448571
0.002448571
0.002448571
0.002448656
0.002448656
0.002448656
0.002448656
0.002448656
0.002479866
0.002479866
0.002479866
0.002479866
0.002479866
0.002491875
0.002491875
0.002491875
0.002491875
0.002491875
0.002492127
0.002492127
0.002492127
0.002492127
0.002492127
0.002478666
0.002478666
0.002478666
0.002478666
0.002478666
0.002446441
0.002446441
0.002446441
0.002446441
0.002446441
0.002446433
0.002446433
0.002446433
0.002446433
0.002446433
0.002477472
0.002477472
0.002477472
0.002477472
0.002477472
0.002491756
0.002491756
0.002491756
0.002491756
0.002491756
0.002491363
0.002491363
0.002491363
0.002491363
0.002491363
0.002474223
0.002474223
0.002474223
0.002474223
0.002474223
0.002440414
0.002440414
0.002440414
0.002440414
0.002440414
0.002434234
0.002434234
0.002434234
0.002434234
0.002434234
0.002430597
0.002430597
0.002430597
0.002430597
0.002430597
0.002439711
0.002439711
0.002439711
0.002439711
0.002439711
0.002474093
0.002474093
0.002474093
0.002474093
0.002474093
0.002491055
0.002491055
0.002491055
0.002491055
0.002491055
0.002495733
0.002495733
0.002495733
0.002495733
0.002495733
0.002480557
0.002480557
0.002480557
0.002480557
0.002480557
0.002449257
0.002449257
0.002449257
0.002449257
0.002449257
0.002449931
0.002449931
0.002449931
0.002449931
0.002449931
0.002482745
0.002482745
0.002482745
0.002482745
0.002482745
0.002496331
0.002496331
0.002496331
0.002496331
0.002496331
0.00249554
0.00249554
0.00249554
0.00249554
0.00249554
0.00248069
0.00248069
0.00248069
0.00248069
0.00248069
0.002449392
0.002449392
0.002449392
0.002449392
0.002449392
0.002450058
0.002450058
0.002450058
0.002450058
0.002450058
0.002477968
0.002477968
0.002477968
0.002477968
0.002477968
0.002491519
0.002491519
0.002491519
0.002491519
0.002491519
0.002490988
0.002490988
0.002490988
0.002490988
0.002490988
0.002476568
0.002476568
0.002476568
0.002476568
0.002476568
0.002444665
0.002444665
0.002444665
0.002444665
0.002444665
0.002443061
0.002443061
0.002443061
0.002443061
0.002443061
0.002475265
0.002475265
0.002475265
0.002475265
0.002475265
0.002489195
0.002489195
0.002489195
0.002489195
0.002489195
0.002488922
0.002488922
0.002488922
0.002488922
0.002488922
0.002474605
0.002474605
0.002474605
0.002474605
0.002474605
0.002442805
0.002442805
0.002442805
0.002442805
0.002442805
0.002443166
0.002443166
0.002443166
0.002443166
0.002443166
0.002475326
0.002475326
0.002475326
0.002475326
0.002475326
0.002489349
0.002489349
0.002489349
0.002489349
0.002489349
0.002489344
0.002489344
0.002489344
0.002489344
0.002489344
0.002477988
0.002477988
0.002477988
0.002477988
0.002477988
0.002445474
0.002445474
0.002445474
0.002445474
0.002445474
0.002445568
0.002445568
0.002445568
0.002445568
0.002445568
0.002477119
0.002477119
0.002477119
0.002477119
0.002477119
0.002491561
0.002491561
0.002491561
0.002491561
0.002491561
0.002498782
0.002498782
0.002498782
0.002498782
0.002498782
0.00248489
0.00248489
0.00248489
0.00248489
0.00248489
0.002452288
0.002452288
0.002452288
0.002452288
0.002452288
0.002452315
0.002452315
0.002452315
0.002452315
0.002452315
0.002483794
0.002483794
0.002483794
0.002483794
0.002483794
0.002503232
0.002503232
0.002503232
0.002503232
0.002503232
0.002502666
0.002502666
0.002502666
0.002502666
0.002502666
0.002484865
0.002484865
0.002484865
0.002484865
0.002484865
0.002450498
0.002450498
0.002450498
0.002450498
0.002450498
0.002442512
0.002442512
0.002442512
0.002442512
0.002442512
0.002441484
0.002441484
0.002441484
0.002441484
0.002441484
0.00245053
0.00245053
0.00245053
0.00245053
0.00245053
0.002485446
0.002485446
0.002485446
0.002485446
0.002485446
0.002502929
0.002502929
0.002502929
0.002502929
0.002502929
0.002502726
0.002502726
0.002502726
0.002502726
0.002502726
0.002482928
0.002482928
0.002482928
0.002482928
0.002482928
0.002451268
0.002451268
0.002451268
0.002451268
0.002451268
0.002451903
0.002451903
0.002451903
0.002451903
0.002451903
0.002484861
0.002484861
0.002484861
0.002484861
0.002484861
0.002498751
0.002498751
0.002498751
0.002498751
0.002498751
0.002491198
0.002491198
0.002491198
0.002491198
0.002491198
0.002476128
0.002476128
0.002476128
0.002476128
0.002476128
0.002444538
0.002444538
0.002444538
0.002444538
0.002444538
0.002445179
0.002445179
0.002445179
0.002445179
0.002445179
0.002478053
0.002478053
0.002478053
0.002478053
0.002478053
0.002489628
0.002489628
0.002489628
0.002489628
0.002489628
0.002489097
0.002489097
0.002489097
0.002489097
0.002489097
0.002474171
0.002474171
0.002474171
0.002474171
0.002474171
0.002442288
0.002442288
0.002442288
0.002442288
0.002442288
0.002442771
0.002442771
0.002442771
0.002442771
0.002442771
0.002475177
0.002475177
0.002475177
0.002475177
0.002475177
0.002489321
0.002489321
0.002489321
0.002489321
0.002489321
0.002489045
0.002489045
0.002489045
0.002489045
0.002489045
0.002474509
0.002474509
0.002474509
0.002474509
0.002474509
0.002442248
0.002442248
0.002442248
0.002442248
0.002442248
0.002444279
0.002444279
0.002444279
0.002444279
0.002444279
0.002476458
0.002476458
0.002476458
0.002476458
0.002476458
0.002490994
0.002490994
0.002490994
0.002490994
0.002490994
0.002490975
0.002490975
0.002490975
0.002490975
0.002490975
0.002476568
0.002476568
0.002476568
0.002476568
0.002476568
0.002448299
0.002448299
0.002448299
0.002448299
0.002448299
0.002448429
0.002448429
0.002448429
0.002448429
0.002448429
0.00248034
0.00248034
0.00248034
0.00248034
0.00248034
0.002495023
0.002495023
0.002495023
0.002495023
0.002495023
0.002495174
0.002495174
0.002495174
0.002495174
0.002495174
0.002480806
0.002480806
0.002480806
0.002480806
0.002480806
0.002448124
0.002448124
0.002448124
0.002448124
0.002448124
0.002448198
0.002448198
0.002448198
0.002448198
0.002448198
0.002479989
0.002479989
0.002479989
0.002479989
0.002479989
0.00249476
0.00249476
0.00249476
0.00249476
0.00249476
0.002489605
0.002489605
0.002489605
0.002489605
0.002489605
0.002471348
0.002471348
0.002471348
0.002471348
0.002471348
0.002436649
0.002436649
0.002436649
0.002436649
0.002436649
0.002428781
0.002428781
0.002428781
0.002428781
0.002428781
0.00242604
0.00242604
0.00242604
0.00242604
0.00242604
0.002433206
0.002433206
0.002433206
0.002433206
0.002433206
0.002468275
0.002468275
0.002468275
0.002468275
0.002468275
0.002486191
0.002486191
0.002486191
0.002486191
0.002486191
0.002486165
0.002486165
0.002486165
0.002486165
0.002486165
0.002470642
0.002470642
0.002470642
0.002470642
0.002470642
0.002438856
0.002438856
0.002438856
0.002438856
0.002438856
0.002439446
0.002439446
0.002439446
0.002439446
0.002439446
0.00247229
0.00247229
0.00247229
0.00247229
0.00247229
0.002486493
0.002486493
0.002486493
0.002486493
0.002486493
0.002485882
0.002485882
0.002485882
0.002485882
0.002485882
0.002472586
0.002472586
0.002472586
0.002472586
0.002472586
0.002440668
0.002440668
0.002440668
0.002440668
0.002440668
0.002441221
0.002441221
0.002441221
0.002441221
0.002441221
0.002473816
0.002473816
0.002473816
0.002473816
0.002473816
0.002488328
0.002488328
0.002488328
0.002488328
0.002488328
0.002492219
0.002492219
0.002492219
0.002492219
0.002492219
0.002476885
0.002476885
0.002476885
0.002476885
0.002476885
0.002445073
0.002445073
0.002445073
0.002445073
0.002445073
0.002445591
0.002445591
0.002445591
0.002445591
0.002445591
0.002478301
0.002478301
0.002478301
0.002478301
0.002478301
0.002492664
0.002492664
0.002492664
0.002492664
0.002492664
0.002492384
0.002492384
0.002492384
0.002492384
0.002492384
0.002477604
0.002477604
0.002477604
0.002477604
0.002477604
0.002445182
0.002445182
0.002445182
0.002445182
0.002445182
0.002445441
0.002445441
0.002445441
0.002445441
0.002445441
0.002473151
0.002473151
0.002473151
0.002473151
0.002473151
0.002488073
0.002488073
0.002488073
0.002488073
0.002488073
0.002487993
0.002487993
0.002487993
0.002487993
0.002487993
0.002473082
0.002473082
0.002473082
0.002473082
0.002473082
0.002440779
0.002440779
0.002440779
0.002440779
0.002440779
0.0024392
0.0024392
0.0024392
0.0024392
0.0024392
0.002471388
0.002471388
0.002471388
0.002471388
0.002471388
0.002486077
0.002486077
0.002486077
0.002486077
0.002486077
0.002486127
0.002486127
0.002486127
0.002486127
0.002486127
0.002471514
0.002471514
0.002471514
0.002471514
0.002471514
0.002438914
0.002438914
0.002438914
0.002438914
0.002438914
0.002439033
0.002439033
0.002439033
0.002439033
0.002439033
0.002470959
0.002470959
0.002470959
0.002470959
0.002470959
0.002485873
0.002485873
0.002485873
0.002485873
0.002485873
0.002484987
0.002484987
0.002484987
0.002484987
0.002484987
0.002468032
0.002468032
0.002468032
0.002468032
0.002468032
0.002433064
0.002433064
0.002433064
0.002433064
0.002433064
0.002425248
0.002425248
0.002425248
0.002425248
0.002425248
0.002422877
0.002422877
0.002422877
0.002422877
0.002422877
0.002431826
0.002431826
0.002431826
0.002431826
0.002431826
0.002471422
0.002471422
0.002471422
0.002471422
0.002471422
0.002489852
0.002489852
0.002489852
0.002489852
0.002489852
0.002489997
0.002489997
0.002489997
0.002489997
0.002489997
0.002474265
0.002474265
0.002474265
0.002474265
0.002474265
0.002442399
0.002442399
0.002442399
0.002442399
0.002442399
0.00244298
0.00244298
0.00244298
0.00244298
0.00244298
0.002475818
0.002475818
0.002475818
0.002475818
0.002475818
0.002490297
0.002490297
0.002490297
0.002490297
0.002490297
0.002489766
0.002489766
0.002489766
0.002489766
0.002489766
0.002474637
0.002474637
0.002474637
0.002474637
0.002474637
0.002438376
0.002438376
0.002438376
0.002438376
0.002438376
0.002438619
0.002438619
0.002438619
0.002438619
0.002438619
0.002470747
0.002470747
0.002470747
0.002470747
0.002470747
0.00248574
0.00248574
0.00248574
0.00248574
0.00248574
0.002485379
0.002485379
0.002485379
0.002485379
0.002485379
0.002468081
0.002468081
0.002468081
0.002468081
0.002468081
0.002436356
0.002436356
0.002436356
0.002436356
0.002436356
0.002436867
0.002436867
0.002436867
0.002436867
0.002436867
0.002469397
0.002469397
0.002469397
0.002469397
0.002469397
0.002484037
0.002484037
0.002484037
0.002484037
0.002484037
0.002483757
0.002483757
0.002483757
0.002483757
0.002483757
0.00246872
0.00246872
0.00246872
0.00246872
0.00246872
0.002436478
0.002436478
0.002436478
0.002436478
0.002436478
0.002436745
0.002436745
0.002436745
0.002436745
0.002436745
0.002468767
0.002468767
0.002468767
0.002468767
0.002468767
0.002485669
0.002485669
0.002485669
0.002485669
0.002485669
0.002485456
0.002485456
0.002485456
0.002485456
0.002485456
0.002470063
0.002470063
0.002470063
0.002470063
0.002470063
0.002438228
0.002438228
0.002438228
0.002438228
0.002438228
0.002438767
0.002438767
0.002438767
0.002438767
0.002438767
0.002475318
0.002475318
0.002475318
0.002475318
0.002475318
0.002490037
0.002490037
0.002490037
0.002490037
0.002490037
0.002489994
0.002489994
0.002489994
0.002489994
0.002489994
0.002475095
0.002475095
0.002475095
0.002475095
0.002475095
0.00244252
0.00244252
0.00244252
0.00244252
0.00244252
0.002442655
0.002442655
0.002442655
0.002442655
0.002442655
0.002474683
0.002474683
0.002474683
0.002474683
0.002474683
0.002489783
0.002489783
0.002489783
0.002489783
0.002489783
0.002488715
0.002488715
0.002488715
0.002488715
0.002488715
0.002469438
0.002469438
0.002469438
0.002469438
0.002469438
0.002429968
0.002429968
0.002429968
0.002429968
0.002429968
0.002422198
0.002422198
0.002422198
0.002422198
0.002422198
0.00242016
0.00242016
0.00242016
0.00242016
0.00242016
0.002429045
0.002429045
0.002429045
0.002429045
0.002429045
0.002464247
0.002464247
0.002464247
0.002464247
0.002464247
0.002481374
0.002481374
0.002481374
0.002481374
0.002481374
0.002481724
0.002481724
0.002481724
0.002481724
0.002481724
0.002465902
0.002465902
0.002465902
0.002465902
0.002465902
0.00243417
0.00243417
0.00243417
0.00243417
0.00243417
0.002434719
0.002434719
0.002434719
0.002434719
0.002434719
0.002467322
0.002467322
0.002467322
0.002467322
0.002467322
0.002482009
0.002482009
0.002482009
0.002482009
0.002482009
0.002481574
0.002481574
0.002481574
0.002481574
0.002481574
0.002466483
0.002466483
0.002466483
0.002466483
0.002466483
0.002434832
0.002434832
0.002434832
0.002434832
0.002434832
0.002436525
0.002436525
0.002436525
0.002436525
0.002436525
0.002468074
0.002468074
0.002468074
0.002468074
0.002468074
0.002483477
0.002483477
0.002483477
0.002483477
0.002483477
0.002483266
0.002483266
0.002483266
0.002483266
0.002483266
0.00246772
0.00246772
0.00246772
0.00246772
0.00246772
0.002440371
0.002440371
0.002440371
0.002440371
0.002440371
0.002440865
0.002440865
0.002440865
0.002440865
0.002440865
0.002473241
0.002473241
0.002473241
0.002473241
0.002473241
0.002488133
0.002488133
0.002488133
0.002488133
0.002488133
0.00248785
0.00248785
0.00248785
0.00248785
0.00248785
0.002472579
0.002472579
0.002472579
0.002472579
0.002472579
0.002440495
0.002440495
0.002440495
0.002440495
0.002440495
0.002440787
0.002440787
0.002440787
0.002440787
0.002440787
0.002472813
0.002472813
0.002472813
0.002472813
0.002472813
0.002487974
0.002487974
0.002487974
0.002487974
0.002487974
0.002483246
0.002483246
0.002483246
0.002483246
0.002483246
0.002467445
0.002467445
0.002467445
0.002467445
0.002467445
0.002436189
0.002436189
0.002436189
0.002436189
0.002436189
0.002437078
0.002437078
0.002437078
0.002437078
0.002437078
0.002469032
0.002469032
0.002469032
0.002469032
0.002469032
0.00248192
0.00248192
0.00248192
0.00248192
0.00248192
0.002481778
0.002481778
0.002481778
0.002481778
0.002481778
0.002466669
0.002466669
0.002466669
0.002466669
0.002466669
0.002434338
0.002434338
0.002434338
0.002434338
0.002434338
0.002434503
0.002434503
0.002434503
0.002434503
0.002434503
0.002466409
0.002466409
0.002466409
0.002466409
0.002466409
0.002481592
0.002481592
0.002481592
0.002481592
0.002481592
0.002480318
0.002480318
0.002480318
0.002480318
0.002480318
0.002460556
0.002460556
0.002460556
0.002460556
0.002460556
0.002425491
0.002425491
0.002425491
0.002425491
0.002425491
0.002419604
0.002419604
0.002419604
0.002419604
0.002419604
0.002417843
0.002417843
0.002417843
0.002417843
0.002417843
0.002426682
0.002426682
0.002426682
0.002426682
0.002426682
0.00246189
0.00246189
0.00246189
0.00246189
0.00246189
0.002481228
0.002481228
0.002481228
0.002481228
0.002481228
0.002486226
0.002486226
0.002486226
0.002486226
0.002486226
0.002470457
0.002470457
0.002470457
0.002470457
0.002470457
0.002438587
0.002438587
0.002438587
0.002438587
0.002438587
0.002439116
0.002439116
0.002439116
0.002439116
0.002439116
0.002471433
0.002471433
0.002471433
0.002471433
0.002471433
0.00248649
0.00248649
0.00248649
0.00248649
0.00248649
0.002486172
0.002486172
0.002486172
0.002486172
0.002486172
0.002471074
0.002471074
0.002471074
0.002471074
0.002471074
0.002439584
0.002439584
0.002439584
0.002439584
0.002439584
0.002439247
0.002439247
0.002439247
0.002439247
0.002439247
0.002466042
0.002466042
0.002466042
0.002466042
0.002466042
0.002481687
0.002481687
0.002481687
0.002481687
0.002481687
0.002481608
0.002481608
0.002481608
0.002481608
0.002481608
0.002466098
0.002466098
0.002466098
0.002466098
0.002466098
0.002434407
0.002434407
0.002434407
0.002434407
0.002434407
0.002433138
0.002433138
0.002433138
0.002433138
0.002433138
0.002465198
0.002465198
0.002465198
0.002465198
0.002465198
0.002480264
0.002480264
0.002480264
0.002480264
0.002480264
0.00247998
0.00247998
0.00247998
0.00247998
0.00247998
0.002464516
0.002464516
0.002464516
0.002464516
0.002464516
0.002432883
0.002432883
0.002432883
0.002432883
0.002432883
0.002433198
0.002433198
0.002433198
0.002433198
0.002433198
0.002465158
0.002465158
0.002465158
0.002465158
0.002465158
0.00248026
0.00248026
0.00248026
0.00248026
0.00248026
0.002479777
0.002479777
0.002479777
0.002479777
0.002479777
0.002466149
0.002466149
0.002466149
0.002466149
0.002466149
0.002435356
0.002435356
0.002435356
0.002435356
0.002435356
0.00243648
0.00243648
0.00243648
0.00243648
0.00243648
0.002468224
0.002468224
0.002468224
0.002468224
0.002468224
0.002482902
0.002482902
0.002482902
0.002482902
0.002482902
0.002489434
0.002489434
0.002489434
0.002489434
0.002489434
0.002474026
0.002474026
0.002474026
0.002474026
0.002474026
0.002441943
0.002441943
0.002441943
0.002441943
0.002441943
0.002442133
0.002442133
0.002442133
0.002442133
0.002442133
0.002474182
0.002474182
0.002474182
0.002474182
0.002474182
0.002493699
0.002493699
0.002493699
0.002493699
0.002493699
0.00249219
0.00249219
0.00249219
0.00249219
0.00249219
0.002471963
0.002471963
0.002471963
0.002471963
0.002471963
0.002436785
0.002436785
0.002436785
0.002436785
0.002436785
0.002429132
0.002429132
0.002429132
0.002429132
0.002429132
0.002430139
0.002430139
0.002430139
0.002430139
0.002430139
0.002438871
0.002438871
0.002438871
0.002438871
0.002438871
0.002473881
0.002473881
0.002473881
0.002473881
0.002473881
0.002493849
0.002493849
0.002493849
0.002493849
0.002493849
0.002494725
0.002494725
0.002494725
0.002494725
0.002494725
0.002474964
0.002474964
0.002474964
0.002474964
0.002474964
0.002443177
0.002443177
0.002443177
0.002443177
0.002443177
0.002443529
0.002443529
0.002443529
0.002443529
0.002443529
0.002475204
0.002475204
0.002475204
0.002475204
0.002475204
0.002490587
0.002490587
0.002490587
0.002490587
0.002490587
0.002483299
0.002483299
0.002483299
0.002483299
0.002483299
0.002468228
0.002468228
0.002468228
0.002468228
0.002468228
0.00243687
0.00243687
0.00243687
0.00243687
0.00243687
0.002436528
0.002436528
0.002436528
0.002436528
0.002436528
0.00246714
0.00246714
0.00246714
0.00246714
0.00246714
0.002480491
0.002480491
0.002480491
0.002480491
0.002480491
0.002480541
0.002480541
0.002480541
0.002480541
0.002480541
0.002465041
0.002465041
0.002465041
0.002465041
0.002465041
0.002433531
0.002433531
0.002433531
0.002433531
0.002433531
0.002433939
0.002433939
0.002433939
0.002433939
0.002433939
0.002465316
0.002465316
0.002465316
0.002465316
0.002465316
0.002480666
0.002480666
0.002480666
0.002480666
0.002480666
0.002480381
0.002480381
0.002480381
0.002480381
0.002480381
0.002464633
0.002464633
0.002464633
0.002464633
0.002464633
0.002433373
0.002433373
0.002433373
0.002433373
0.002433373
0.002435379
0.002435379
0.002435379
0.002435379
0.002435379
0.002467189
0.002467189
0.002467189
0.002467189
0.002467189
0.002482291
0.002482291
0.002482291
0.002482291
0.002482291
0.002481671
0.002481671
0.002481671
0.002481671
0.002481671
0.002465418
0.002465418
0.002465418
0.002465418
0.002465418
0.00243914
0.00243914
0.00243914
0.00243914
0.00243914
0.002440279
0.002440279
0.002440279
0.002440279
0.002440279
0.002471948
0.002471948
0.002471948
0.002471948
0.002471948
0.002486618
0.002486618
0.002486618
0.002486618
0.002486618
0.002486138
0.002486138
0.002486138
0.002486138
0.002486138
0.002470305
0.002470305
0.002470305
0.002470305
0.002470305
0.002438923
0.002438923
0.002438923
0.002438923
0.002438923
0.002439286
0.002439286
0.002439286
0.002439286
0.002439286
0.002471188
0.002471188
0.002471188
0.002471188
0.002471188
0.002486157
0.002486157
0.002486157
0.002486157
0.002486157
0.002480125
0.002480125
0.002480125
0.002480125
0.002480125
0.002459372
0.002459372
0.002459372
0.002459372
0.002459372
0.002424607
0.002424607
0.002424607
0.002424607
0.002424607
0.0024171
0.0024171
0.0024171
0.0024171
0.0024171
0.002415818
0.002415818
0.002415818
0.002415818
0.002415818
0.002422689
0.002422689
0.002422689
0.002422689
0.002422689
0.002457187
0.002457187
0.002457187
0.002457187
0.002457187
0.002477643
0.002477643
0.002477643
0.002477643
0.002477643
0.002478878
0.002478878
0.002478878
0.002478878
0.002478878
0.002463489
0.002463489
0.002463489
0.002463489
0.002463489
0.002432119
0.002432119
0.002432119
0.002432119
0.002432119
0.002432105
0.002432105
0.002432105
0.002432105
0.002432105
0.002462875
0.002462875
0.002462875
0.002462875
0.002462875
0.002478597
0.002478597
0.002478597
0.002478597
0.002478597
0.002478706
0.002478706
0.002478706
0.002478706
0.002478706
0.002465358
0.002465358
0.002465358
0.002465358
0.002465358
0.002434201
0.002434201
0.002434201
0.002434201
0.002434201
0.002433844
0.002433844
0.002433844
0.002433844
0.002433844
0.002464
0.002464
0.002464
0.002464
0.002464
0.002479957
0.002479957
0.002479957
0.002479957
0.002479957
0.002484236
0.002484236
0.002484236
0.002484236
0.002484236
0.002468788
0.002468788
0.002468788
0.002468788
0.002468788
0.002437452
0.002437452
0.002437452
0.002437452
0.002437452
0.002437755
0.002437755
0.002437755
0.002437755
0.002437755
0.002468775
0.002468775
0.002468775
0.002468775
0.002468775
0.002484366
0.002484366
0.002484366
0.002484366
0.002484366
0.002484079
0.002484079
0.002484079
0.002484079
0.002484079
0.002468078
0.002468078
0.002468078
0.002468078
0.002468078
0.002437351
0.002437351
0.002437351
0.002437351
0.002437351
0.00243784
0.00243784
0.00243784
0.00243784
0.00243784
0.002465324
0.002465324
0.002465324
0.002465324
0.002465324
0.002480352
0.002480352
0.002480352
0.002480352
0.002480352
0.002479617
0.002479617
0.002479617
0.002479617
0.002479617
0.002463256
0.002463256
0.002463256
0.002463256
0.002463256
0.002433404
0.002433404
0.002433404
0.002433404
0.002433404
0.00243287
0.00243287
0.00243287
0.00243287
0.00243287
0.002464293
0.002464293
0.002464293
0.002464293
0.002464293
0.002478906
0.002478906
0.002478906
0.002478906
0.002478906
0.00247822
0.00247822
0.00247822
0.00247822
0.00247822
0.002462081
0.002462081
0.002462081
0.002462081
0.002462081
0.002431554
0.002431554
0.002431554
0.002431554
0.002431554
0.002432276
0.002432276
0.002432276
0.002432276
0.002432276
0.002463785
0.002463785
0.002463785
0.002463785
0.002463785
0.002478529
0.002478529
0.002478529
0.002478529
0.002478529
0.002476354
0.002476354
0.002476354
0.002476354
0.002476354
0.002456737
0.002456737
0.002456737
0.002456737
0.002456737
0.002422355
0.002422355
0.002422355
0.002422355
0.002422355
0.002414992
0.002414992
0.002414992
0.002414992
0.002414992
0.002413915
0.002413915
0.002413915
0.002413915
0.002413915
0.002422094
0.002422094
0.002422094
0.002422094
0.002422094
0.002459463
0.002459463
0.002459463
0.002459463
0.002459463
0.002481093
0.002481093
0.002481093
0.002481093
0.002481093
0.002482972
0.002482972
0.002482972
0.002482972
0.002482972
0.002467752
0.002467752
0.002467752
0.002467752
0.002467752
0.00243666
0.00243666
0.00243666
0.00243666
0.00243666
0.002436473
0.002436473
0.002436473
0.002436473
0.002436473
0.002465864
0.002465864
0.002465864
0.002465864
0.002465864
0.002482331
0.002482331
0.002482331
0.002482331
0.002482331
0.002482733
0.002482733
0.002482733
0.002482733
0.002482733
0.00246739
0.00246739
0.00246739
0.00246739
0.00246739
0.002432634
0.002432634
0.002432634
0.002432634
0.002432634
0.002432403
0.002432403
0.002432403
0.002432403
0.002432403
0.00246164
0.00246164
0.00246164
0.00246164
0.00246164
0.002477976
0.002477976
0.002477976
0.002477976
0.002477976
0.00247826
0.00247826
0.00247826
0.00247826
0.00247826
0.002460896
0.002460896
0.002460896
0.002460896
0.002460896
0.002430312
0.002430312
0.002430312
0.002430312
0.002430312
0.002430545
0.002430545
0.002430545
0.002430545
0.002430545
0.002460436
0.002460436
0.002460436
0.002460436
0.002460436
0.0024765
0.0024765
0.0024765
0.0024765
0.0024765
0.002476212
0.002476212
0.002476212
0.002476212
0.002476212
0.002459747
0.002459747
0.002459747
0.002459747
0.002459747
0.002430148
0.002430148
0.002430148
0.002430148
0.002430148
0.002430708
0.002430708
0.002430708
0.002430708
0.002430708
0.002461591
0.002461591
0.002461591
0.002461591
0.002461591
0.002478553
0.002478553
0.002478553
0.002478553
0.002478553
0.00247768
0.00247768
0.00247768
0.00247768
0.00247768
0.002460939
0.002460939
0.002460939
0.002460939
0.002460939
0.002432008
0.002432008
0.002432008
0.002432008
0.002432008
0.002433039
0.002433039
0.002433039
0.002433039
0.002433039
0.002468087
0.002468087
0.002468087
0.002468087
0.002468087
0.002483006
0.002483006
0.002483006
0.002483006
0.002483006
0.002482015
0.002482015
0.002482015
0.002482015
0.002482015
0.002465128
0.002465128
0.002465128
0.002465128
0.002465128
0.002435989
0.002435989
0.002435989
0.002435989
0.002435989
0.00243689
0.00243689
0.00243689
0.00243689
0.00243689
0.002468132
0.002468132
0.002468132
0.002468132
0.002468132
0.002482693
0.002482693
0.002482693
0.002482693
0.002482693
0.00247986
0.00247986
0.00247986
0.00247986
0.00247986
0.002457389
0.002457389
0.002457389
0.002457389
0.002457389
0.002420181
0.002420181
0.002420181
0.002420181
0.002420181
0.002413221
0.002413221
0.002413221
0.002413221
0.002413221
0.002412278
0.002412278
0.002412278
0.002412278
0.002412278
0.002419581
0.002419581
0.002419581
0.002419581
0.002419581
0.002450178
0.002450178
0.002450178
0.002450178
0.002450178
0.002472308
0.002472308
0.002472308
0.002472308
0.002472308
0.00247522
0.00247522
0.00247522
0.00247522
0.00247522
0.002459766
0.002459766
0.002459766
0.002459766
0.002459766
0.002429675
0.002429675
0.002429675
0.002429675
0.002429675
0.00242935
0.00242935
0.00242935
0.00242935
0.00242935
0.002456622
0.002456622
0.002456622
0.002456622
0.002456622
0.002474182
0.002474182
0.002474182
0.002474182
0.002474182
0.002474903
0.002474903
0.002474903
0.002474903
0.002474903
0.002458796
0.002458796
0.002458796
0.002458796
0.002458796
0.002429522
0.002429522
0.002429522
0.002429522
0.002429522
0.002431037
0.002431037
0.002431037
0.002431037
0.002431037
0.002458695
0.002458695
0.002458695
0.002458695
0.002458695
0.002475864
0.002475864
0.002475864
0.002475864
0.002475864
0.002476256
0.002476256
0.002476256
0.002476256
0.002476256
0.002459773
0.002459773
0.002459773
0.002459773
0.002459773
0.002434799
0.002434799
0.002434799
0.002434799
0.002434799
0.002434986
0.002434986
0.002434986
0.002434986
0.002434986
0.00246332
0.00246332
0.00246332
0.00246332
0.00246332
0.002480239
0.002480239
0.002480239
0.002480239
0.002480239
0.002479946
0.002479946
0.002479946
0.002479946
0.002479946
0.002462635
0.002462635
0.002462635
0.002462635
0.002462635
0.002434598
0.002434598
0.002434598
0.002434598
0.002434598
0.00243521
0.00243521
0.00243521
0.00243521
0.00243521
0.002464625
0.002464625
0.002464625
0.002464625
0.002464625
0.002480718
0.002480718
0.002480718
0.002480718
0.002480718
0.002475616
0.002475616
0.002475616
0.002475616
0.002475616
0.002458042
0.002458042
0.002458042
0.002458042
0.002458042
0.002430691
0.002430691
0.002430691
0.002430691
0.002430691
0.002431664
0.002431664
0.002431664
0.002431664
0.002431664
0.002461245
0.002461245
0.002461245
0.002461245
0.002461245
0.002475246
0.002475246
0.002475246
0.002475246
0.002475246
0.002473929
0.002473929
0.002473929
0.002473929
0.002473929
0.002455949
0.002455949
0.002455949
0.002455949
0.002455949
0.002428932
0.002428932
0.002428932
0.002428932
0.002428932
0.002429968
0.002429968
0.002429968
0.002429968
0.002429968
0.002460212
0.002460212
0.002460212
0.002460212
0.002460212
0.002474998
0.002474998
0.002474998
0.002474998
0.002474998
0.002471121
0.002471121
0.002471121
0.002471121
0.002471121
0.002446487
0.002446487
0.002446487
0.002446487
0.002446487
0.002416072
0.002416072
0.002416072
0.002416072
0.002416072
0.002411699
0.002411699
0.002411699
0.002411699
0.002411699
0.002410928
0.002410928
0.002410928
0.002410928
0.002410928
0.002417266
0.002417266
0.002417266
0.002417266
0.002417266
0.002445237
0.002445237
0.002445237
0.002445237
0.002445237
0.002470812
0.002470812
0.002470812
0.002470812
0.002470812
0.002479112
0.002479112
0.002479112
0.002479112
0.002479112
0.002463212
0.002463212
0.002463212
0.002463212
0.002463212
0.002434339
0.002434339
0.002434339
0.002434339
0.002434339
0.002433868
0.002433868
0.002433868
0.002433868
0.002433868
0.002459162
0.002459162
0.002459162
0.002459162
0.002459162
0.002477726
0.002477726
0.002477726
0.002477726
0.002477726
0.002478745
0.002478745
0.002478745
0.002478745
0.002478745
0.002461843
0.002461843
0.002461843
0.002461843
0.002461843
0.002434039
0.002434039
0.002434039
0.002434039
0.002434039
0.002433882
0.002433882
0.002433882
0.002433882
0.002433882
0.002455849
0.002455849
0.002455849
0.002455849
0.002455849
0.002473807
0.002473807
0.002473807
0.002473807
0.002473807
0.002474277
0.002474277
0.002474277
0.002474277
0.002474277
0.002456968
0.002456968
0.002456968
0.002456968
0.002456968
0.002429579
0.002429579
0.002429579
0.002429579
0.002429579
0.00242812
0.00242812
0.00242812
0.00242812
0.00242812
0.00245476
0.00245476
0.00245476
0.00245476
0.00245476
0.002472397
0.002472397
0.002472397
0.002472397
0.002472397
0.002472097
0.002472097
0.002472097
0.002472097
0.002472097
0.002454054
0.002454054
0.002454054
0.002454054
0.002454054
0.00242789
0.00242789
0.00242789
0.00242789
0.00242789
0.002428528
0.002428528
0.002428528
0.002428528
0.002428528
0.002456207
0.002456207
0.002456207
0.002456207
0.002456207
0.002473099
0.002473099
0.002473099
0.002473099
0.002473099
0.002472031
0.002472031
0.002472031
0.002472031
0.002472031
0.00245615
0.00245615
0.00245615
0.00245615
0.00245615
0.002430474
0.002430474
0.002430474
0.002430474
0.002430474
0.002431436
0.002431436
0.002431436
0.002431436
0.002431436
0.002459517
0.002459517
0.002459517
0.002459517
0.002459517
0.00247598
0.00247598
0.00247598
0.00247598
0.00247598
0.002481489
0.002481489
0.002481489
0.002481489
0.002481489
0.002462524
0.002462524
0.002462524
0.002462524
0.002462524
0.002437465
0.002437465
0.002437465
0.002437465
0.002437465
0.00243866
0.00243866
0.00243866
0.00243866
0.00243866
0.002467702
0.002467702
0.002467702
0.002467702
0.002467702
0.002487034
0.002487034
0.002487034
0.002487034
0.002487034
0.002481924
0.002481924
0.002481924
0.002481924
0.002481924
0.00245546
0.00245546
0.00245546
0.00245546
0.00245546
0.002427617
0.002427617
0.002427617
0.002427617
0.002427617
0.002422555
0.002422555
0.002422555
0.002422555
0.002422555
0.002424348
0.002424348
0.002424348
0.002424348
0.002424348
0.002428522
0.002428522
0.002428522
0.002428522
0.002428522
0.002448623
0.002448623
0.002448623
0.002448623
0.002448623
0.002480797
0.002480797
0.002480797
0.002480797
0.002480797
0.002485796
0.002485796
0.002485796
0.002485796
0.002485796
0.002463064
0.002463064
0.002463064
0.002463064
0.002463064
0.002439141
0.002439141
0.002439141
0.002439141
0.002439141
0.002438374
0.002438374
0.002438374
0.002438374
0.002438374
0.002457803
0.002457803
0.002457803
0.002457803
0.002457803
0.002480047
0.002480047
0.002480047
0.002480047
0.002480047
0.002473709
0.002473709
0.002473709
0.002473709
0.002473709
0.002453498
0.002453498
0.002453498
0.002453498
0.002453498
0.002431168
0.002431168
0.002431168
0.002431168
0.002431168
0.002430987
0.002430987
0.002430987
0.002430987
0.002430987
0.002451614
0.002451614
0.002451614
0.002451614
0.002451614
0.002470251
0.002470251
0.002470251
0.002470251
0.002470251
0.00247068
0.00247068
0.00247068
0.00247068
0.00247068
0.002449965
0.002449965
0.002449965
0.002449965
0.002449965
0.002428162
0.002428162
0.002428162
0.002428162
0.002428162
0.002428313
0.002428313
0.002428313
0.002428313
0.002428313
0.002449348
0.002449348
0.002449348
0.002449348
0.002449348
0.002470266
0.002470266
0.002470266
0.002470266
0.002470266
0.002469943
0.002469943
0.002469943
0.002469943
0.002469943
0.002448625
0.002448625
0.002448625
0.002448625
0.002448625
0.002427697
0.002427697
0.002427697
0.002427697
0.002427697
0.0024299
0.0024299
0.0024299
0.0024299
0.0024299
0.002452037
0.002452037
0.002452037
0.002452037
0.002452037
0.002472355
0.002472355
0.002472355
0.002472355
0.002472355
0.00247128
0.00247128
0.00247128
0.00247128
0.00247128
0.002449618
0.002449618
0.002449618
0.002449618
0.002449618
0.002433209
0.002433209
0.002433209
0.002433209
0.002433209
0.002434185
0.002434185
0.002434185
0.002434185
0.002434185
0.002456849
0.002456849
0.002456849
0.002456849
0.002456849
0.002476659
0.002476659
0.002476659
0.002476659
0.002476659
0.002474903
0.002474903
0.002474903
0.002474903
0.002474903
0.002452229
0.002452229
0.002452229
0.002452229
0.002452229
0.002433104
0.002433104
0.002433104
0.002433104
0.002433104
0.002434567
0.002434567
0.002434567
0.002434567
0.002434567
0.002458591
0.002458591
0.002458591
0.002458591
0.002458591
0.002476421
0.002476421
0.002476421
0.002476421
0.002476421
0.002466294
0.002466294
0.002466294
0.002466294
0.002466294
0.002433503
0.002433503
0.002433503
0.002433503
0.002433503
0.002413794
0.002413794
0.002413794
0.002413794
0.002413794
0.002410968
0.002410968
0.002410968
0.002410968
0.002410968
0.002408766
0.002408766
0.002408766
0.002408766
0.002408766
0.002408107
0.002408107
0.002408107
0.002408107
0.002408107
0.002418829
0.002418829
0.002418829
0.002418829
0.002418829
0.002454989
0.002454989
0.002454989
0.002454989
0.002454989
0.002461471
0.002461471
0.002461471
0.002461471
0.002461471
0.002441308
0.002441308
0.002441308
0.002441308
0.002441308
0.002424795
0.002424795
0.002424795
0.002424795
0.002424795
0.002423786
0.002423786
0.002423786
0.002423786
0.002423786
0.002436212
0.002436212
0.002436212
0.002436212
0.002436212
0.002459609
0.002459609
0.002459609
0.002459609
0.002459609
0.002460746
0.002460746
0.002460746
0.002460746
0.002460746
0.002440444
0.002440444
0.002440444
0.002440444
0.002440444
0.002425435
0.002425435
0.002425435
0.002425435
0.002425435
0.002425282
0.002425282
0.002425282
0.002425282
0.002425282
0.002439129
0.002439129
0.002439129
0.002439129
0.002439129
0.002461624
0.002461624
0.002461624
0.002461624
0.002461624
0.002465942
0.002465942
0.002465942
0.002465942
0.002465942
0.002443619
0.002443619
0.002443619
0.002443619
0.002443619
0.002429
0.002429
0.002429
0.002429
0.002429
0.002429179
0.002429179
0.002429179
0.002429179
0.002429179
0.002443588
0.002443588
0.002443588
0.002443588
0.002443588
0.00246581
0.00246581
0.00246581
0.00246581
0.00246581
0.00246548
0.00246548
0.00246548
0.00246548
0.00246548
0.002442858
0.002442858
0.002442858
0.002442858
0.002442858
0.002428781
0.002428781
0.002428781
0.002428781
0.002428781
0.002429381
0.002429381
0.002429381
0.002429381
0.002429381
0.002440336
0.002440336
0.002440336
0.002440336
0.002440336
0.002462246
0.002462246
0.002462246
0.002462246
0.002462246
0.002461239
0.002461239
0.002461239
0.002461239
0.002461239
0.002438361
0.002438361
0.002438361
0.002438361
0.002438361
0.00242484
0.00242484
0.00242484
0.00242484
0.00242484
0.002424134
0.002424134
0.002424134
0.002424134
0.002424134
0.002439452
0.002439452
0.002439452
0.002439452
0.002439452
0.002460961
0.002460961
0.002460961
0.002460961
0.002460961
0.002459153
0.002459153
0.002459153
0.002459153
0.002459153
0.00243534
0.00243534
0.00243534
0.00243534
0.00243534
0.002423177
0.002423177
0.002423177
0.002423177
0.002423177
0.002424849
0.002424849
0.002424849
0.002424849
0.002424849
0.002441474
0.002441474
0.002441474
0.002441474
0.002441474
0.002460908
0.002460908
0.002460908
0.002460908
0.002460908
0.002453355
0.002453355
0.002453355
0.002453355
0.002453355
0.002418147
0.002418147
0.002418147
0.002418147
0.002418147
0.002407807
0.002407807
0.002407807
0.002407807
0.002407807
0.002408184
0.002408184
0.002408184
0.002408184
0.002408184
)
;

boundaryField
{
    electrolyteSides
    {
        type            zeroGradient;
    }
    electrolyte_to_fuel
    {
        type            zeroGradient;
    }
    electrolyte_to_air
    {
        type            zeroGradient;
    }
}


// ************************************************************************* //
