/*--------------------------------*- C++ -*----------------------------------*\
| =========                 |                                                 |
| \\      /  F ield         | OpenFOAM: The Open Source CFD Toolbox           |
|  \\    /   O peration     | Version:  4.0                                   |
|   \\  /    A nd           | Web:      www.OpenFOAM.org                      |
|    \\/     M anipulation  |                                                 |
\*---------------------------------------------------------------------------*/
FoamFile
{
    version     2.0;
    format      ascii;
    class       volScalarField;
    location    "120/electrolyte";
    object      etaOhmic;
}
// * * * * * * * * * * * * * * * * * * * * * * * * * * * * * * * * * * * * * //

dimensions      [1 2 -3 0 0 -1 0];

internalField   nonuniform List<scalar> 
4840
(
0.0048874
0.0048874
0.0048874
0.0048874
0.0048874
0.004873189
0.004873189
0.004873189
0.004873189
0.004873189
0.004855493
0.004855493
0.004855493
0.004855493
0.004855493
0.004859315
0.004859315
0.004859315
0.004859315
0.004859315
0.004876423
0.004876423
0.004876423
0.004876423
0.004876423
0.004871533
0.004871533
0.004871533
0.004871533
0.004871533
0.004883592
0.004883592
0.004883592
0.004883592
0.004883592
0.004887165
0.004887165
0.004887165
0.004887165
0.004887165
0.004875316
0.004875316
0.004875316
0.004875316
0.004875316
0.004893412
0.004893412
0.004893412
0.004893412
0.004893412
0.004915699
0.004915699
0.004915699
0.004915699
0.004915699
0.004882193
0.004882193
0.004882193
0.004882193
0.004882193
0.004895887
0.004895887
0.004895887
0.004895887
0.004895887
0.004898036
0.004898036
0.004898036
0.004898036
0.004898036
0.004886068
0.004886068
0.004886068
0.004886068
0.004886068
0.004916236
0.004916236
0.004916236
0.004916236
0.004916236
0.004918497
0.004918497
0.004918497
0.004918497
0.004918497
0.004886664
0.004886664
0.004886664
0.004886664
0.004886664
0.004898755
0.004898755
0.004898755
0.004898755
0.004898755
0.00489948
0.00489948
0.00489948
0.00489948
0.00489948
0.004887958
0.004887958
0.004887958
0.004887958
0.004887958
0.004921072
0.004921072
0.004921072
0.004921072
0.004921072
0.004920504
0.004920504
0.004920504
0.004920504
0.004920504
0.00488763
0.00488763
0.00488763
0.00488763
0.00488763
0.004899074
0.004899074
0.004899074
0.004899074
0.004899074
0.004898851
0.004898851
0.004898851
0.004898851
0.004898851
0.004886935
0.004886935
0.004886935
0.004886935
0.004886935
0.004918573
0.004918573
0.004918573
0.004918573
0.004918573
0.004915993
0.004915993
0.004915993
0.004915993
0.004915993
0.004885559
0.004885559
0.004885559
0.004885559
0.004885559
0.004897811
0.004897811
0.004897811
0.004897811
0.004897811
0.004895907
0.004895907
0.004895907
0.004895907
0.004895907
0.004882327
0.004882327
0.004882327
0.004882327
0.004882327
0.004915474
0.004915474
0.004915474
0.004915474
0.004915474
0.004893321
0.004893321
0.004893321
0.004893321
0.004893321
0.004875175
0.004875175
0.004875175
0.004875175
0.004875175
0.004887267
0.004887267
0.004887267
0.004887267
0.004887267
0.004883999
0.004883999
0.004883999
0.004883999
0.004883999
0.004871979
0.004871979
0.004871979
0.004871979
0.004871979
0.004876586
0.004876586
0.004876586
0.004876586
0.004876586
0.004858598
0.004858598
0.004858598
0.004858598
0.004858598
0.004854973
0.004854973
0.004854973
0.004854973
0.004854973
0.004873365
0.004873365
0.004873365
0.004873365
0.004873365
0.004888953
0.004888953
0.004888953
0.004888953
0.004888953
0.004912046
0.004912046
0.004912046
0.004912046
0.004912046
0.00495396
0.00495396
0.00495396
0.00495396
0.00495396
0.004992019
0.004992019
0.004992019
0.004992019
0.004992019
0.005001374
0.005001374
0.005001374
0.005001374
0.005001374
0.004986472
0.004986472
0.004986472
0.004986472
0.004986472
0.004981814
0.004981814
0.004981814
0.004981814
0.004981814
0.004930948
0.004930948
0.004930948
0.004930948
0.004930948
0.004960869
0.004960869
0.004960869
0.004960869
0.004960869
0.005005016
0.005005016
0.005005016
0.005005016
0.005005016
0.00500263
0.00500263
0.00500263
0.00500263
0.00500263
0.005001334
0.005001334
0.005001334
0.005001334
0.005001334
0.005003097
0.005003097
0.005003097
0.005003097
0.005003097
0.004952472
0.004952472
0.004952472
0.004952472
0.004952472
0.004962247
0.004962247
0.004962247
0.004962247
0.004962247
0.005008977
0.005008977
0.005008977
0.005008977
0.005008977
0.00500495
0.00500495
0.00500495
0.00500495
0.00500495
0.005004285
0.005004285
0.005004285
0.005004285
0.005004285
0.005007208
0.005007208
0.005007208
0.005007208
0.005007208
0.004958278
0.004958278
0.004958278
0.004958278
0.004958278
0.004960862
0.004960862
0.004960862
0.004960862
0.004960862
0.005008689
0.005008689
0.005008689
0.005008689
0.005008689
0.005005066
0.005005066
0.005005066
0.005005066
0.005005066
0.005004774
0.005004774
0.005004774
0.005004774
0.005004774
0.005008299
0.005008299
0.005008299
0.005008299
0.005008299
0.004960666
0.004960666
0.004960666
0.004960666
0.004960666
0.004958497
0.004958497
0.004958497
0.004958497
0.004958497
0.005007373
0.005007373
0.005007373
0.005007373
0.005007373
0.005004271
0.005004271
0.005004271
0.005004271
0.005004271
0.005004683
0.005004683
0.005004683
0.005004683
0.005004683
0.005008569
0.005008569
0.005008569
0.005008569
0.005008569
0.00496207
0.00496207
0.00496207
0.00496207
0.00496207
0.004952371
0.004952371
0.004952371
0.004952371
0.004952371
0.00500311
0.00500311
0.00500311
0.00500311
0.00500311
0.00500164
0.00500164
0.00500164
0.00500164
0.00500164
0.005002395
0.005002395
0.005002395
0.005002395
0.005002395
0.00500473
0.00500473
0.00500473
0.00500473
0.00500473
0.004960812
0.004960812
0.004960812
0.004960812
0.004960812
0.004931092
0.004931092
0.004931092
0.004931092
0.004931092
0.004981884
0.004981884
0.004981884
0.004981884
0.004981884
0.00498619
0.00498619
0.00498619
0.00498619
0.00498619
0.005000595
0.005000595
0.005000595
0.005000595
0.005000595
0.004991455
0.004991455
0.004991455
0.004991455
0.004991455
0.004953862
0.004953862
0.004953862
0.004953862
0.004953862
0.004912541
0.004912541
0.004912541
0.004912541
0.004912541
0.004930161
0.004930161
0.004930161
0.004930161
0.004930161
0.00496552
0.00496552
0.00496552
0.00496552
0.00496552
0.005000872
0.005000872
0.005000872
0.005000872
0.005000872
0.004989532
0.004989532
0.004989532
0.004989532
0.004989532
0.004958199
0.004958199
0.004958199
0.004958199
0.004958199
0.004961101
0.004961101
0.004961101
0.004961101
0.004961101
0.004927617
0.004927617
0.004927617
0.004927617
0.004927617
0.004954023
0.004954023
0.004954023
0.004954023
0.004954023
0.004994055
0.004994055
0.004994055
0.004994055
0.004994055
0.004977186
0.004977186
0.004977186
0.004977186
0.004977186
0.0049716
0.0049716
0.0049716
0.0049716
0.0049716
0.004985715
0.004985715
0.004985715
0.004985715
0.004985715
0.004939364
0.004939364
0.004939364
0.004939364
0.004939364
0.004950828
0.004950828
0.004950828
0.004950828
0.004950828
0.004993934
0.004993934
0.004993934
0.004993934
0.004993934
0.004974733
0.004974733
0.004974733
0.004974733
0.004974733
0.004972625
0.004972625
0.004972625
0.004972625
0.004972625
0.004989989
0.004989989
0.004989989
0.004989989
0.004989989
0.00494475
0.00494475
0.00494475
0.00494475
0.00494475
0.004948104
0.004948104
0.004948104
0.004948104
0.004948104
0.004992172
0.004992172
0.004992172
0.004992172
0.004992172
0.004973399
0.004973399
0.004973399
0.004973399
0.004973399
0.00497319
0.00497319
0.00497319
0.00497319
0.00497319
0.004991882
0.004991882
0.004991882
0.004991882
0.004991882
0.004947913
0.004947913
0.004947913
0.004947913
0.004947913
0.004944949
0.004944949
0.004944949
0.004944949
0.004944949
0.004990261
0.004990261
0.004990261
0.004990261
0.004990261
0.004972719
0.004972719
0.004972719
0.004972719
0.004972719
0.00497454
0.00497454
0.00497454
0.00497454
0.00497454
0.004993604
0.004993604
0.004993604
0.004993604
0.004993604
0.004950703
0.004950703
0.004950703
0.004950703
0.004950703
0.004939447
0.004939447
0.004939447
0.004939447
0.004939447
0.004985792
0.004985792
0.004985792
0.004985792
0.004985792
0.004971468
0.004971468
0.004971468
0.004971468
0.004971468
0.004976847
0.004976847
0.004976847
0.004976847
0.004976847
0.004993532
0.004993532
0.004993532
0.004993532
0.004993532
0.004953843
0.004953843
0.004953843
0.004953843
0.004953843
0.004927616
0.004927616
0.004927616
0.004927616
0.004927616
0.004961009
0.004961009
0.004961009
0.004961009
0.004961009
0.00495768
0.00495768
0.00495768
0.00495768
0.00495768
0.004988272
0.004988272
0.004988272
0.004988272
0.004988272
0.004999176
0.004999176
0.004999176
0.004999176
0.004999176
0.004964338
0.004964338
0.004964338
0.004964338
0.004964338
0.004929313
0.004929313
0.004929313
0.004929313
0.004929313
0.004927777
0.004927777
0.004927777
0.004927777
0.004927777
0.004955204
0.004955204
0.004955204
0.004955204
0.004955204
0.00499051
0.00499051
0.00499051
0.00499051
0.00499051
0.00497486
0.00497486
0.00497486
0.00497486
0.00497486
0.004936136
0.004936136
0.004936136
0.004936136
0.004936136
0.004941006
0.004941006
0.004941006
0.004941006
0.004941006
0.004912537
0.004912537
0.004912537
0.004912537
0.004912537
0.004939604
0.004939604
0.004939604
0.004939604
0.004939604
0.004977179
0.004977179
0.004977179
0.004977179
0.004977179
0.004955478
0.004955478
0.004955478
0.004955478
0.004955478
0.004948562
0.004948562
0.004948562
0.004948562
0.004948562
0.004966491
0.004966491
0.004966491
0.004966491
0.004966491
0.004925275
0.004925275
0.004925275
0.004925275
0.004925275
0.004936323
0.004936323
0.004936323
0.004936323
0.004936323
0.004975981
0.004975981
0.004975981
0.004975981
0.004975981
0.004952359
0.004952359
0.004952359
0.004952359
0.004952359
0.00495042
0.00495042
0.00495042
0.00495042
0.00495042
0.00497195
0.00497195
0.00497195
0.00497195
0.00497195
0.00493103
0.00493103
0.00493103
0.00493103
0.00493103
0.004934175
0.004934175
0.004934175
0.004934175
0.004934175
0.004974386
0.004974386
0.004974386
0.004974386
0.004974386
0.004951564
0.004951564
0.004951564
0.004951564
0.004951564
0.004951416
0.004951416
0.004951416
0.004951416
0.004951416
0.004974291
0.004974291
0.004974291
0.004974291
0.004974291
0.004934128
0.004934128
0.004934128
0.004934128
0.004934128
0.004931112
0.004931112
0.004931112
0.004931112
0.004931112
0.004972279
0.004972279
0.004972279
0.004972279
0.004972279
0.004950701
0.004950701
0.004950701
0.004950701
0.004950701
0.004952287
0.004952287
0.004952287
0.004952287
0.004952287
0.004975914
0.004975914
0.004975914
0.004975914
0.004975914
0.004936404
0.004936404
0.004936404
0.004936404
0.004936404
0.004925556
0.004925556
0.004925556
0.004925556
0.004925556
0.004966798
0.004966798
0.004966798
0.004966798
0.004966798
0.004948465
0.004948465
0.004948465
0.004948465
0.004948465
0.004955237
0.004955237
0.004955237
0.004955237
0.004955237
0.00497692
0.00497692
0.00497692
0.00497692
0.00497692
0.004939624
0.004939624
0.004939624
0.004939624
0.004939624
0.004912633
0.004912633
0.004912633
0.004912633
0.004912633
0.004941296
0.004941296
0.004941296
0.004941296
0.004941296
0.00493605
0.00493605
0.00493605
0.00493605
0.00493605
0.004974233
0.004974233
0.004974233
0.004974233
0.004974233
0.004989402
0.004989402
0.004989402
0.004989402
0.004989402
0.004954147
0.004954147
0.004954147
0.004954147
0.004954147
0.00492655
0.00492655
0.00492655
0.00492655
0.00492655
0.004912185
0.004912185
0.004912185
0.004912185
0.004912185
0.004942602
0.004942602
0.004942602
0.004942602
0.004942602
0.004975541
0.004975541
0.004975541
0.004975541
0.004975541
0.004959316
0.004959316
0.004959316
0.004959316
0.004959316
0.004920038
0.004920038
0.004920038
0.004920038
0.004920038
0.004922528
0.004922528
0.004922528
0.004922528
0.004922528
0.004904373
0.004904373
0.004904373
0.004904373
0.004904373
0.004928822
0.004928822
0.004928822
0.004928822
0.004928822
0.00496125
0.00496125
0.00496125
0.00496125
0.00496125
0.004939034
0.004939034
0.004939034
0.004939034
0.004939034
0.004930875
0.004930875
0.004930875
0.004930875
0.004930875
0.004946728
0.004946728
0.004946728
0.004946728
0.004946728
0.00491626
0.00491626
0.00491626
0.00491626
0.00491626
0.004924752
0.004924752
0.004924752
0.004924752
0.004924752
0.004958016
0.004958016
0.004958016
0.004958016
0.004958016
0.004935283
0.004935283
0.004935283
0.004935283
0.004935283
0.004933047
0.004933047
0.004933047
0.004933047
0.004933047
0.004952718
0.004952718
0.004952718
0.004952718
0.004952718
0.004920828
0.004920828
0.004920828
0.004920828
0.004920828
0.004922957
0.004922957
0.004922957
0.004922957
0.004922957
0.004955132
0.004955132
0.004955132
0.004955132
0.004955132
0.004933843
0.004933843
0.004933843
0.004933843
0.004933843
0.004933718
0.004933718
0.004933718
0.004933718
0.004933718
0.004955132
0.004955132
0.004955132
0.004955132
0.004955132
0.004923345
0.004923345
0.004923345
0.004923345
0.004923345
0.004920908
0.004920908
0.004920908
0.004920908
0.004920908
0.004952842
0.004952842
0.004952842
0.004952842
0.004952842
0.004933212
0.004933212
0.004933212
0.004933212
0.004933212
0.004935292
0.004935292
0.004935292
0.004935292
0.004935292
0.004958281
0.004958281
0.004958281
0.004958281
0.004958281
0.004925114
0.004925114
0.004925114
0.004925114
0.004925114
0.004916423
0.004916423
0.004916423
0.004916423
0.004916423
0.004946881
0.004946881
0.004946881
0.004946881
0.004946881
0.00493103
0.00493103
0.00493103
0.00493103
0.00493103
0.004939062
0.004939062
0.004939062
0.004939062
0.004939062
0.004961354
0.004961354
0.004961354
0.004961354
0.004961354
0.004929192
0.004929192
0.004929192
0.004929192
0.004929192
0.004904587
0.004904587
0.004904587
0.004904587
0.004904587
0.004922797
0.004922797
0.004922797
0.004922797
0.004922797
0.004919978
0.004919978
0.004919978
0.004919978
0.004919978
0.00495909
0.00495909
0.00495909
0.00495909
0.00495909
0.004975545
0.004975545
0.004975545
0.004975545
0.004975545
0.004942903
0.004942903
0.004942903
0.004942903
0.004942903
0.004912229
0.004912229
0.004912229
0.004912229
0.004912229
0.004900881
0.004900881
0.004900881
0.004900881
0.004900881
0.004932426
0.004932426
0.004932426
0.004932426
0.004932426
0.004961718
0.004961718
0.004961718
0.004961718
0.004961718
0.004946675
0.004946675
0.004946675
0.004946675
0.004946675
0.004907644
0.004907644
0.004907644
0.004907644
0.004907644
0.004908762
0.004908762
0.004908762
0.004908762
0.004908762
0.004893498
0.004893498
0.004893498
0.004893498
0.004893498
0.004918787
0.004918787
0.004918787
0.004918787
0.004918787
0.004947844
0.004947844
0.004947844
0.004947844
0.004947844
0.004925743
0.004925743
0.004925743
0.004925743
0.004925743
0.004915312
0.004915312
0.004915312
0.004915312
0.004915312
0.004931554
0.004931554
0.004931554
0.004931554
0.004931554
0.004904511
0.004904511
0.004904511
0.004904511
0.004904511
0.004913141
0.004913141
0.004913141
0.004913141
0.004913141
0.004943287
0.004943287
0.004943287
0.004943287
0.004943287
0.004920233
0.004920233
0.004920233
0.004920233
0.004920233
0.004917733
0.004917733
0.004917733
0.004917733
0.004917733
0.00493739
0.00493739
0.00493739
0.00493739
0.00493739
0.004908912
0.004908912
0.004908912
0.004908912
0.004908912
0.004911373
0.004911373
0.004911373
0.004911373
0.004911373
0.00494017
0.00494017
0.00494017
0.00494017
0.00494017
0.004918813
0.004918813
0.004918813
0.004918813
0.004918813
0.004918693
0.004918693
0.004918693
0.004918693
0.004918693
0.004940184
0.004940184
0.004940184
0.004940184
0.004940184
0.004911432
0.004911432
0.004911432
0.004911432
0.004911432
0.004908853
0.004908853
0.004908853
0.004908853
0.004908853
0.004937396
0.004937396
0.004937396
0.004937396
0.004937396
0.004917791
0.004917791
0.004917791
0.004917791
0.004917791
0.004920118
0.004920118
0.004920118
0.004920118
0.004920118
0.004942981
0.004942981
0.004942981
0.004942981
0.004942981
0.00491362
0.00491362
0.00491362
0.00491362
0.00491362
0.004904772
0.004904772
0.004904772
0.004904772
0.004904772
0.004931808
0.004931808
0.004931808
0.004931808
0.004931808
0.00491556
0.00491556
0.00491556
0.00491556
0.00491556
0.004925009
0.004925009
0.004925009
0.004925009
0.004925009
0.004947314
0.004947314
0.004947314
0.004947314
0.004947314
0.004918552
0.004918552
0.004918552
0.004918552
0.004918552
0.004893095
0.004893095
0.004893095
0.004893095
0.004893095
0.004908398
0.004908398
0.004908398
0.004908398
0.004908398
0.004907074
0.004907074
0.004907074
0.004907074
0.004907074
0.004944931
0.004944931
0.004944931
0.004944931
0.004944931
0.004960347
0.004960347
0.004960347
0.004960347
0.004960347
0.004931526
0.004931526
0.004931526
0.004931526
0.004931526
0.004899894
0.004899894
0.004899894
0.004899894
0.004899894
0.004889084
0.004889084
0.004889084
0.004889084
0.004889084
0.004921313
0.004921313
0.004921313
0.004921313
0.004921313
0.004946276
0.004946276
0.004946276
0.004946276
0.004946276
0.004933588
0.004933588
0.004933588
0.004933588
0.004933588
0.004895797
0.004895797
0.004895797
0.004895797
0.004895797
0.004894738
0.004894738
0.004894738
0.004894738
0.004894738
0.004881707
0.004881707
0.004881707
0.004881707
0.004881707
0.00490809
0.00490809
0.00490809
0.00490809
0.00490809
0.004933495
0.004933495
0.004933495
0.004933495
0.004933495
0.004912537
0.004912537
0.004912537
0.004912537
0.004912537
0.004901817
0.004901817
0.004901817
0.004901817
0.004901817
0.004918237
0.004918237
0.004918237
0.004918237
0.004918237
0.004893147
0.004893147
0.004893147
0.004893147
0.004893147
0.004902816
0.004902816
0.004902816
0.004902816
0.004902816
0.004929592
0.004929592
0.004929592
0.004929592
0.004929592
0.004907672
0.004907672
0.004907672
0.004907672
0.004907672
0.004905668
0.004905668
0.004905668
0.004905668
0.004905668
0.00492494
0.00492494
0.00492494
0.00492494
0.00492494
0.004899098
0.004899098
0.004899098
0.004899098
0.004899098
0.004901604
0.004901604
0.004901604
0.004901604
0.004901604
0.004927702
0.004927702
0.004927702
0.004927702
0.004927702
0.004906838
0.004906838
0.004906838
0.004906838
0.004906838
0.00490673
0.00490673
0.00490673
0.00490673
0.00490673
0.004927685
0.004927685
0.004927685
0.004927685
0.004927685
0.00490168
0.00490168
0.00490168
0.00490168
0.00490168
0.004898991
0.004898991
0.004898991
0.004898991
0.004898991
0.004924105
0.004924105
0.004924105
0.004924105
0.004924105
0.004904895
0.004904895
0.004904895
0.004904895
0.004904895
0.004907488
0.004907488
0.004907488
0.004907488
0.004907488
0.004929547
0.004929547
0.004929547
0.004929547
0.004929547
0.004902979
0.004902979
0.004902979
0.004902979
0.004902979
0.004892915
0.004892915
0.004892915
0.004892915
0.004892915
0.004917984
0.004917984
0.004917984
0.004917984
0.004917984
0.00490163
0.00490163
0.00490163
0.00490163
0.00490163
0.004912231
0.004912231
0.004912231
0.004912231
0.004912231
0.004933406
0.004933406
0.004933406
0.004933406
0.004933406
0.00490833
0.00490833
0.00490833
0.00490833
0.00490833
0.004881749
0.004881749
0.004881749
0.004881749
0.004881749
0.004894825
0.004894825
0.004894825
0.004894825
0.004894825
0.004895563
0.004895563
0.004895563
0.004895563
0.004895563
0.004933062
0.004933062
0.004933062
0.004933062
0.004933062
0.004946304
0.004946304
0.004946304
0.004946304
0.004946304
0.004921868
0.004921868
0.004921868
0.004921868
0.004921868
0.004889323
0.004889323
0.004889323
0.004889323
0.004889323
0.004878937
0.004878937
0.004878937
0.004878937
0.004878937
0.004912119
0.004912119
0.004912119
0.004912119
0.004912119
0.004934824
0.004934824
0.004934824
0.004934824
0.004934824
0.004924088
0.004924088
0.004924088
0.004924088
0.004924088
0.004888158
0.004888158
0.004888158
0.004888158
0.004888158
0.004885116
0.004885116
0.004885116
0.004885116
0.004885116
0.004872953
0.004872953
0.004872953
0.004872953
0.004872953
0.004900414
0.004900414
0.004900414
0.004900414
0.004900414
0.00492309
0.00492309
0.00492309
0.00492309
0.00492309
0.004903229
0.004903229
0.004903229
0.004903229
0.004903229
0.004891688
0.004891688
0.004891688
0.004891688
0.004891688
0.004908025
0.004908025
0.004908025
0.004908025
0.004908025
0.004882897
0.004882897
0.004882897
0.004882897
0.004882897
0.004893689
0.004893689
0.004893689
0.004893689
0.004893689
0.004918226
0.004918226
0.004918226
0.004918226
0.004918226
0.004897035
0.004897035
0.004897035
0.004897035
0.004897035
0.004894095
0.004894095
0.004894095
0.004894095
0.004894095
0.004913045
0.004913045
0.004913045
0.004913045
0.004913045
0.004888152
0.004888152
0.004888152
0.004888152
0.004888152
0.004890968
0.004890968
0.004890968
0.004890968
0.004890968
0.004915662
0.004915662
0.004915662
0.004915662
0.004915662
0.004895239
0.004895239
0.004895239
0.004895239
0.004895239
0.004895155
0.004895155
0.004895155
0.004895155
0.004895155
0.004915733
0.004915733
0.004915733
0.004915733
0.004915733
0.004891132
0.004891132
0.004891132
0.004891132
0.004891132
0.004888062
0.004888062
0.004888062
0.004888062
0.004888062
0.004912995
0.004912995
0.004912995
0.004912995
0.004912995
0.004894132
0.004894132
0.004894132
0.004894132
0.004894132
0.004896931
0.004896931
0.004896931
0.004896931
0.004896931
0.004918286
0.004918286
0.004918286
0.004918286
0.004918286
0.004893968
0.004893968
0.004893968
0.004893968
0.004893968
0.004882889
0.004882889
0.004882889
0.004882889
0.004882889
0.004907982
0.004907982
0.004907982
0.004907982
0.004907982
0.004891628
0.004891628
0.004891628
0.004891628
0.004891628
0.004903068
0.004903068
0.004903068
0.004903068
0.004903068
0.004923178
0.004923178
0.004923178
0.004923178
0.004923178
0.004900852
0.004900852
0.004900852
0.004900852
0.004900852
0.00487313
0.00487313
0.00487313
0.00487313
0.00487313
0.004885195
0.004885195
0.004885195
0.004885195
0.004885195
0.004887916
0.004887916
0.004887916
0.004887916
0.004887916
0.004923596
0.004923596
0.004923596
0.004923596
0.004923596
0.004934796
0.004934796
0.004934796
0.004934796
0.004934796
0.004912686
0.004912686
0.004912686
0.004912686
0.004912686
0.004879444
0.004879444
0.004879444
0.004879444
0.004879444
0.004869426
0.004869426
0.004869426
0.004869426
0.004869426
0.004903114
0.004903114
0.004903114
0.004903114
0.004903114
0.004923131
0.004923131
0.004923131
0.004923131
0.004923131
0.004913771
0.004913771
0.004913771
0.004913771
0.004913771
0.004879937
0.004879937
0.004879937
0.004879937
0.004879937
0.004875725
0.004875725
0.004875725
0.004875725
0.004875725
0.004862642
0.004862642
0.004862642
0.004862642
0.004862642
0.00489176
0.00489176
0.00489176
0.00489176
0.00489176
0.004912071
0.004912071
0.004912071
0.004912071
0.004912071
0.00489356
0.00489356
0.00489356
0.00489356
0.00489356
0.00488145
0.00488145
0.00488145
0.00488145
0.00488145
0.004897376
0.004897376
0.004897376
0.004897376
0.004897376
0.004873577
0.004873577
0.004873577
0.004873577
0.004873577
0.004885054
0.004885054
0.004885054
0.004885054
0.004885054
0.00490839
0.00490839
0.00490839
0.00490839
0.00490839
0.004887945
0.004887945
0.004887945
0.004887945
0.004887945
0.004884942
0.004884942
0.004884942
0.004884942
0.004884942
0.004903744
0.004903744
0.004903744
0.004903744
0.004903744
0.004879797
0.004879797
0.004879797
0.004879797
0.004879797
0.004882647
0.004882647
0.004882647
0.004882647
0.004882647
0.004906894
0.004906894
0.004906894
0.004906894
0.004906894
0.004886996
0.004886996
0.004886996
0.004886996
0.004886996
0.004886943
0.004886943
0.004886943
0.004886943
0.004886943
0.004907068
0.004907068
0.004907068
0.004907068
0.004907068
0.004882893
0.004882893
0.004882893
0.004882893
0.004882893
0.004879723
0.004879723
0.004879723
0.004879723
0.004879723
0.004904453
0.004904453
0.004904453
0.004904453
0.004904453
0.004885764
0.004885764
0.004885764
0.004885764
0.004885764
0.004887922
0.004887922
0.004887922
0.004887922
0.004887922
0.004908564
0.004908564
0.004908564
0.004908564
0.004908564
0.004885441
0.004885441
0.004885441
0.004885441
0.004885441
0.004873771
0.004873771
0.004873771
0.004873771
0.004873771
0.004897493
0.004897493
0.004897493
0.004897493
0.004897493
0.0048815
0.0048815
0.0048815
0.0048815
0.0048815
0.004893547
0.004893547
0.004893547
0.004893547
0.004893547
0.004912336
0.004912336
0.004912336
0.004912336
0.004912336
0.004892376
0.004892376
0.004892376
0.004892376
0.004892376
0.004862936
0.004862936
0.004862936
0.004862936
0.004862936
0.004875789
0.004875789
0.004875789
0.004875789
0.004875789
0.004879705
0.004879705
0.004879705
0.004879705
0.004879705
0.00491335
0.00491335
0.00491335
0.00491335
0.00491335
0.00492308
0.00492308
0.00492308
0.00492308
0.00492308
0.004903685
0.004903685
0.004903685
0.004903685
0.004903685
0.004870128
0.004870128
0.004870128
0.004870128
0.004870128
0.004860846
0.004860846
0.004860846
0.004860846
0.004860846
0.004894452
0.004894452
0.004894452
0.004894452
0.004894452
0.004913431
0.004913431
0.004913431
0.004913431
0.004913431
0.004905422
0.004905422
0.004905422
0.004905422
0.004905422
0.004874524
0.004874524
0.004874524
0.004874524
0.004874524
0.004869916
0.004869916
0.004869916
0.004869916
0.004869916
0.004855533
0.004855533
0.004855533
0.004855533
0.004855533
0.004884655
0.004884655
0.004884655
0.004884655
0.004884655
0.004903947
0.004903947
0.004903947
0.004903947
0.004903947
0.004886898
0.004886898
0.004886898
0.004886898
0.004886898
0.004874379
0.004874379
0.004874379
0.004874379
0.004874379
0.004889572
0.004889572
0.004889572
0.004889572
0.004889572
0.004866172
0.004866172
0.004866172
0.004866172
0.004866172
0.004877561
0.004877561
0.004877561
0.004877561
0.004877561
0.004899924
0.004899924
0.004899924
0.004899924
0.004899924
0.004880304
0.004880304
0.004880304
0.004880304
0.004880304
0.004877184
0.004877184
0.004877184
0.004877184
0.004877184
0.004895372
0.004895372
0.004895372
0.004895372
0.004895372
0.004870793
0.004870793
0.004870793
0.004870793
0.004870793
0.004873397
0.004873397
0.004873397
0.004873397
0.004873397
0.004897854
0.004897854
0.004897854
0.004897854
0.004897854
0.004878483
0.004878483
0.004878483
0.004878483
0.004878483
0.004878466
0.004878466
0.004878466
0.004878466
0.004878466
0.004898058
0.004898058
0.004898058
0.004898058
0.004898058
0.004873681
0.004873681
0.004873681
0.004873681
0.004873681
0.004870649
0.004870649
0.004870649
0.004870649
0.004870649
0.004895187
0.004895187
0.004895187
0.004895187
0.004895187
0.004877147
0.004877147
0.004877147
0.004877147
0.004877147
0.004880252
0.004880252
0.004880252
0.004880252
0.004880252
0.004900419
0.004900419
0.004900419
0.004900419
0.004900419
0.004877652
0.004877652
0.004877652
0.004877652
0.004877652
0.004865839
0.004865839
0.004865839
0.004865839
0.004865839
0.004889088
0.004889088
0.004889088
0.004889088
0.004889088
0.004873969
0.004873969
0.004873969
0.004873969
0.004873969
0.004887332
0.004887332
0.004887332
0.004887332
0.004887332
0.004904652
0.004904652
0.004904652
0.004904652
0.004904652
0.004885716
0.004885716
0.004885716
0.004885716
0.004885716
0.004856246
0.004856246
0.004856246
0.004856246
0.004856246
0.004870341
0.004870341
0.004870341
0.004870341
0.004870341
0.004874609
0.004874609
0.004874609
0.004874609
0.004874609
0.004906229
0.004906229
0.004906229
0.004906229
0.004906229
0.004914773
0.004914773
0.004914773
0.004914773
0.004914773
0.004896428
0.004896428
0.004896428
0.004896428
0.004896428
0.004862686
0.004862686
0.004862686
0.004862686
0.004862686
0.004853017
0.004853017
0.004853017
0.004853017
0.004853017
0.004886291
0.004886291
0.004886291
0.004886291
0.004886291
0.004904646
0.004904646
0.004904646
0.004904646
0.004904646
0.00489779
0.00489779
0.00489779
0.00489779
0.00489779
0.004868076
0.004868076
0.004868076
0.004868076
0.004868076
0.00486329
0.00486329
0.00486329
0.00486329
0.00486329
0.004847876
0.004847876
0.004847876
0.004847876
0.004847876
0.004875461
0.004875461
0.004875461
0.004875461
0.004875461
0.004894513
0.004894513
0.004894513
0.004894513
0.004894513
0.004879179
0.004879179
0.004879179
0.004879179
0.004879179
0.00486517
0.00486517
0.00486517
0.00486517
0.00486517
0.004879671
0.004879671
0.004879671
0.004879671
0.004879671
0.004856048
0.004856048
0.004856048
0.004856048
0.004856048
0.004867383
0.004867383
0.004867383
0.004867383
0.004867383
0.004890438
0.004890438
0.004890438
0.004890438
0.004890438
0.004871715
0.004871715
0.004871715
0.004871715
0.004871715
0.004868244
0.004868244
0.004868244
0.004868244
0.004868244
0.0048855
0.0048855
0.0048855
0.0048855
0.0048855
0.004861229
0.004861229
0.004861229
0.004861229
0.004861229
0.004863658
0.004863658
0.004863658
0.004863658
0.004863658
0.004888691
0.004888691
0.004888691
0.004888691
0.004888691
0.004869865
0.004869865
0.004869865
0.004869865
0.004869865
0.004869899
0.004869899
0.004869899
0.004869899
0.004869899
0.004888975
0.004888975
0.004888975
0.004888975
0.004888975
0.004864019
0.004864019
0.004864019
0.004864019
0.004864019
0.004860955
0.004860955
0.004860955
0.004860955
0.004860955
0.004885132
0.004885132
0.004885132
0.004885132
0.004885132
0.00486808
0.00486808
0.00486808
0.00486808
0.00486808
0.004871606
0.004871606
0.004871606
0.004871606
0.004871606
0.00489047
0.00489047
0.00489047
0.00489047
0.00489047
0.004868615
0.004868615
0.004868615
0.004868615
0.004868615
0.00485677
0.00485677
0.00485677
0.00485677
0.00485677
0.004880237
0.004880237
0.004880237
0.004880237
0.004880237
0.004865831
0.004865831
0.004865831
0.004865831
0.004865831
0.004878473
0.004878473
0.004878473
0.004878473
0.004878473
0.004893991
0.004893991
0.004893991
0.004893991
0.004893991
0.004875294
0.004875294
0.004875294
0.004875294
0.004875294
0.004847283
0.004847283
0.004847283
0.004847283
0.004847283
0.004862331
0.004862331
0.004862331
0.004862331
0.004862331
0.004866635
0.004866635
0.004866635
0.004866635
0.004866635
0.004895217
0.004895217
0.004895217
0.004895217
0.004895217
0.00490264
0.00490264
0.00490264
0.00490264
0.00490264
0.004884925
0.004884925
0.004884925
0.004884925
0.004884925
0.004851491
0.004851491
0.004851491
0.004851491
0.004851491
0.004843187
0.004843187
0.004843187
0.004843187
0.004843187
0.004875564
0.004875564
0.004875564
0.004875564
0.004875564
0.004893575
0.004893575
0.004893575
0.004893575
0.004893575
0.004888209
0.004888209
0.004888209
0.004888209
0.004888209
0.004860601
0.004860601
0.004860601
0.004860601
0.004860601
0.004855229
0.004855229
0.004855229
0.004855229
0.004855229
0.004839368
0.004839368
0.004839368
0.004839368
0.004839368
0.00486549
0.00486549
0.00486549
0.00486549
0.00486549
0.004884342
0.004884342
0.004884342
0.004884342
0.004884342
0.004870618
0.004870618
0.004870618
0.004870618
0.004870618
0.00485831
0.00485831
0.00485831
0.00485831
0.00485831
0.004872505
0.004872505
0.004872505
0.004872505
0.004872505
0.004848219
0.004848219
0.004848219
0.004848219
0.004848219
0.004858895
0.004858895
0.004858895
0.004858895
0.004858895
0.004882516
0.004882516
0.004882516
0.004882516
0.004882516
0.004865083
0.004865083
0.004865083
0.004865083
0.004865083
0.004862296
0.004862296
0.004862296
0.004862296
0.004862296
0.004878736
0.004878736
0.004878736
0.004878736
0.004878736
0.004854301
0.004854301
0.004854301
0.004854301
0.004854301
0.004856674
0.004856674
0.004856674
0.004856674
0.004856674
0.004882209
0.004882209
0.004882209
0.004882209
0.004882209
0.004864022
0.004864022
0.004864022
0.004864022
0.004864022
0.004864106
0.004864106
0.004864106
0.004864106
0.004864106
0.004882516
0.004882516
0.004882516
0.004882516
0.004882516
0.004856933
0.004856933
0.004856933
0.004856933
0.004856933
0.004854007
0.004854007
0.004854007
0.004854007
0.004854007
0.004877239
0.004877239
0.004877239
0.004877239
0.004877239
0.00486107
0.00486107
0.00486107
0.00486107
0.00486107
0.004865043
0.004865043
0.004865043
0.004865043
0.004865043
0.004882724
0.004882724
0.004882724
0.004882724
0.004882724
0.004859234
0.004859234
0.004859234
0.004859234
0.004859234
0.004847902
0.004847902
0.004847902
0.004847902
0.004847902
0.00487198
0.00487198
0.00487198
0.00487198
0.00487198
0.004857957
0.004857957
0.004857957
0.004857957
0.004857957
0.00487035
0.00487035
0.00487035
0.00487035
0.00487035
0.004884475
0.004884475
0.004884475
0.004884475
0.004884475
0.004865991
0.004865991
0.004865991
0.004865991
0.004865991
0.004839322
0.004839322
0.004839322
0.004839322
0.004839322
0.004854823
0.004854823
0.004854823
0.004854823
0.004854823
0.004860083
0.004860083
0.004860083
0.004860083
0.004860083
0.004887767
0.004887767
0.004887767
0.004887767
0.004887767
0.004893851
0.004893851
0.004893851
0.004893851
0.004893851
0.004876446
0.004876446
0.004876446
0.004876446
0.004876446
0.004843643
0.004843643
0.004843643
0.004843643
0.004843643
0.004835693
0.004835693
0.004835693
0.004835693
0.004835693
0.004866784
0.004866784
0.004866784
0.004866784
0.004866784
0.004886075
0.004886075
0.004886075
0.004886075
0.004886075
0.004882626
0.004882626
0.004882626
0.004882626
0.004882626
0.004857581
0.004857581
0.004857581
0.004857581
0.004857581
0.004850131
0.004850131
0.004850131
0.004850131
0.004850131
0.00483404
0.00483404
0.00483404
0.00483404
0.00483404
0.004858471
0.004858471
0.004858471
0.004858471
0.004858471
0.004877442
0.004877442
0.004877442
0.004877442
0.004877442
0.004865199
0.004865199
0.004865199
0.004865199
0.004865199
0.004853761
0.004853761
0.004853761
0.004853761
0.004853761
0.004867596
0.004867596
0.004867596
0.004867596
0.004867596
0.004841419
0.004841419
0.004841419
0.004841419
0.004841419
0.004851055
0.004851055
0.004851055
0.004851055
0.004851055
0.004875158
0.004875158
0.004875158
0.004875158
0.004875158
0.004859056
0.004859056
0.004859056
0.004859056
0.004859056
0.004855366
0.004855366
0.004855366
0.004855366
0.004855366
0.004871292
0.004871292
0.004871292
0.004871292
0.004871292
0.004845835
0.004845835
0.004845835
0.004845835
0.004845835
0.004848191
0.004848191
0.004848191
0.004848191
0.004848191
0.00487389
0.00487389
0.00487389
0.00487389
0.00487389
0.004857026
0.004857026
0.004857026
0.004857026
0.004857026
0.004857155
0.004857155
0.004857155
0.004857155
0.004857155
0.004874343
0.004874343
0.004874343
0.004874343
0.004874343
0.004848561
0.004848561
0.004848561
0.004848561
0.004848561
0.004845552
0.004845552
0.004845552
0.004845552
0.004845552
0.004870838
0.004870838
0.004870838
0.004870838
0.004870838
0.004855213
0.004855213
0.004855213
0.004855213
0.004855213
0.004859111
0.004859111
0.004859111
0.004859111
0.004859111
0.004875472
0.004875472
0.004875472
0.004875472
0.004875472
0.004851476
0.004851476
0.004851476
0.004851476
0.004851476
0.004841266
0.004841266
0.004841266
0.004841266
0.004841266
0.004867204
0.004867204
0.004867204
0.004867204
0.004867204
0.004853504
0.004853504
0.004853504
0.004853504
0.004853504
0.004865089
0.004865089
0.004865089
0.004865089
0.004865089
0.004877769
0.004877769
0.004877769
0.004877769
0.004877769
0.004859117
0.004859117
0.004859117
0.004859117
0.004859117
0.004834063
0.004834063
0.004834063
0.004834063
0.004834063
0.004849708
0.004849708
0.004849708
0.004849708
0.004849708
0.004857087
0.004857087
0.004857087
0.004857087
0.004857087
0.00488231
0.00488231
0.00488231
0.00488231
0.00488231
0.004886422
0.004886422
0.004886422
0.004886422
0.004886422
0.004867704
0.004867704
0.004867704
0.004867704
0.004867704
0.004836328
0.004836328
0.004836328
0.004836328
0.004836328
0.004828551
0.004828551
0.004828551
0.004828551
0.004828551
0.004857559
0.004857559
0.004857559
0.004857559
0.004857559
0.004876712
0.004876712
0.004876712
0.004876712
0.004876712
0.004875181
0.004875181
0.004875181
0.004875181
0.004875181
0.004852856
0.004852856
0.004852856
0.004852856
0.004852856
0.004843322
0.004843322
0.004843322
0.004843322
0.004843322
0.004827045
0.004827045
0.004827045
0.004827045
0.004827045
0.004848989
0.004848989
0.004848989
0.004848989
0.004848989
0.004868921
0.004868921
0.004868921
0.004868921
0.004868921
0.00485801
0.00485801
0.00485801
0.00485801
0.00485801
0.00484761
0.00484761
0.00484761
0.00484761
0.00484761
0.004860925
0.004860925
0.004860925
0.004860925
0.004860925
0.004834949
0.004834949
0.004834949
0.004834949
0.004834949
0.004843613
0.004843613
0.004843613
0.004843613
0.004843613
0.004867953
0.004867953
0.004867953
0.004867953
0.004867953
0.004853317
0.004853317
0.004853317
0.004853317
0.004853317
0.004850369
0.004850369
0.004850369
0.004850369
0.004850369
0.004865998
0.004865998
0.004865998
0.004865998
0.004865998
0.004840323
0.004840323
0.004840323
0.004840323
0.004840323
0.004842357
0.004842357
0.004842357
0.004842357
0.004842357
0.004868023
0.004868023
0.004868023
0.004868023
0.004868023
0.00485281
0.00485281
0.00485281
0.00485281
0.00485281
0.004852989
0.004852989
0.004852989
0.004852989
0.004852989
0.004868616
0.004868616
0.004868616
0.004868616
0.004868616
0.004842837
0.004842837
0.004842837
0.004842837
0.004842837
0.004840052
0.004840052
0.004840052
0.004840052
0.004840052
0.004866574
0.004866574
0.004866574
0.004866574
0.004866574
0.004851284
0.004851284
0.004851284
0.004851284
0.004851284
0.00485346
0.00485346
0.00485346
0.00485346
0.00485346
0.004868393
0.004868393
0.004868393
0.004868393
0.004868393
0.004844121
0.004844121
0.004844121
0.004844121
0.004844121
0.004834919
0.004834919
0.004834919
0.004834919
0.004834919
0.004860622
0.004860622
0.004860622
0.004860622
0.004860622
0.004847432
0.004847432
0.004847432
0.004847432
0.004847432
0.004858067
0.004858067
0.004858067
0.004858067
0.004858067
0.004869452
0.004869452
0.004869452
0.004869452
0.004869452
0.004849753
0.004849753
0.004849753
0.004849753
0.004849753
0.00482714
0.00482714
0.00482714
0.00482714
0.00482714
0.004842903
0.004842903
0.004842903
0.004842903
0.004842903
0.004852386
0.004852386
0.004852386
0.004852386
0.004852386
0.004875005
0.004875005
0.004875005
0.004875005
0.004875005
0.004877152
0.004877152
0.004877152
0.004877152
0.004877152
0.004858535
0.004858535
0.004858535
0.004858535
0.004858535
0.004829356
0.004829356
0.004829356
0.004829356
0.004829356
0.00482169
0.00482169
0.00482169
0.00482169
0.00482169
0.004848054
0.004848054
0.004848054
0.004848054
0.004848054
0.004868369
0.004868369
0.004868369
0.004868369
0.004868369
0.004869132
0.004869132
0.004869132
0.004869132
0.004869132
0.004850697
0.004850697
0.004850697
0.004850697
0.004850697
0.004839832
0.004839832
0.004839832
0.004839832
0.004839832
0.004822791
0.004822791
0.004822791
0.004822791
0.004822791
0.004842541
0.004842541
0.004842541
0.004842541
0.004842541
0.004864114
0.004864114
0.004864114
0.004864114
0.004864114
0.004854161
0.004854161
0.004854161
0.004854161
0.004854161
0.004844533
0.004844533
0.004844533
0.004844533
0.004844533
0.004856829
0.004856829
0.004856829
0.004856829
0.004856829
0.004830226
0.004830226
0.004830226
0.004830226
0.004830226
0.004837924
0.004837924
0.004837924
0.004837924
0.004837924
0.004861605
0.004861605
0.004861605
0.004861605
0.004861605
0.004848324
0.004848324
0.004848324
0.004848324
0.004848324
0.004846008
0.004846008
0.004846008
0.004846008
0.004846008
0.004861062
0.004861062
0.004861062
0.004861062
0.004861062
0.004833288
0.004833288
0.004833288
0.004833288
0.004833288
0.00483497
0.00483497
0.00483497
0.00483497
0.00483497
0.004860376
0.004860376
0.004860376
0.004860376
0.004860376
0.004847141
0.004847141
0.004847141
0.004847141
0.004847141
0.004847365
0.004847365
0.004847365
0.004847365
0.004847365
0.004860966
0.004860966
0.004860966
0.004860966
0.004860966
0.004835371
0.004835371
0.004835371
0.004835371
0.004835371
0.004833012
0.004833012
0.004833012
0.004833012
0.004833012
0.004860564
0.004860564
0.004860564
0.004860564
0.004860564
0.004845878
0.004845878
0.004845878
0.004845878
0.004845878
0.004848532
0.004848532
0.004848532
0.004848532
0.004848532
0.004862269
0.004862269
0.004862269
0.004862269
0.004862269
0.004837591
0.004837591
0.004837591
0.004837591
0.004837591
0.004829102
0.004829102
0.004829102
0.004829102
0.004829102
0.004855373
0.004855373
0.004855373
0.004855373
0.004855373
0.004843332
0.004843332
0.004843332
0.004843332
0.004843332
0.004854681
0.004854681
0.004854681
0.004854681
0.004854681
0.00486531
0.00486531
0.00486531
0.00486531
0.00486531
0.004843926
0.004843926
0.004843926
0.004843926
0.004843926
0.004823441
0.004823441
0.004823441
0.004823441
0.004823441
0.004840012
0.004840012
0.004840012
0.004840012
0.004840012
0.00485117
0.00485117
0.00485117
0.00485117
0.00485117
0.004871112
0.004871112
0.004871112
0.004871112
0.004871112
0.004871129
0.004871129
0.004871129
0.004871129
0.004871129
0.004851301
0.004851301
0.004851301
0.004851301
0.004851301
0.004824437
0.004824437
0.004824437
0.004824437
0.004824437
0.00481561
0.00481561
0.00481561
0.00481561
0.00481561
0.00483892
0.00483892
0.00483892
0.00483892
0.00483892
0.00486147
0.00486147
0.00486147
0.00486147
0.00486147
0.004863988
0.004863988
0.004863988
0.004863988
0.004863988
0.004846969
0.004846969
0.004846969
0.004846969
0.004846969
0.004835192
0.004835192
0.004835192
0.004835192
0.004835192
0.004817216
0.004817216
0.004817216
0.004817216
0.004817216
0.004834718
0.004834718
0.004834718
0.004834718
0.004834718
0.004859097
0.004859097
0.004859097
0.004859097
0.004859097
0.004849033
0.004849033
0.004849033
0.004849033
0.004849033
0.004838645
0.004838645
0.004838645
0.004838645
0.004838645
0.00484924
0.00484924
0.00484924
0.00484924
0.00484924
0.004822935
0.004822935
0.004822935
0.004822935
0.004822935
0.004829111
0.004829111
0.004829111
0.004829111
0.004829111
0.004855173
0.004855173
0.004855173
0.004855173
0.004855173
0.004843069
0.004843069
0.004843069
0.004843069
0.004843069
0.004840771
0.004840771
0.004840771
0.004840771
0.004840771
0.004855031
0.004855031
0.004855031
0.004855031
0.004855031
0.004826765
0.004826765
0.004826765
0.004826765
0.004826765
0.00482734
0.00482734
0.00482734
0.00482734
0.00482734
0.004853365
0.004853365
0.004853365
0.004853365
0.004853365
0.004841856
0.004841856
0.004841856
0.004841856
0.004841856
0.004842107
0.004842107
0.004842107
0.004842107
0.004842107
0.004853976
0.004853976
0.004853976
0.004853976
0.004853976
0.004828187
0.004828187
0.004828187
0.004828187
0.004828187
0.004826555
0.004826555
0.004826555
0.004826555
0.004826555
0.00485457
0.00485457
0.00485457
0.00485457
0.00485457
0.004840708
0.004840708
0.004840708
0.004840708
0.004840708
0.004843402
0.004843402
0.004843402
0.004843402
0.004843402
0.004855943
0.004855943
0.004855943
0.004855943
0.004855943
0.004830743
0.004830743
0.004830743
0.004830743
0.004830743
0.004823709
0.004823709
0.004823709
0.004823709
0.004823709
0.004849669
0.004849669
0.004849669
0.004849669
0.004849669
0.004839358
0.004839358
0.004839358
0.004839358
0.004839358
0.004849109
0.004849109
0.004849109
0.004849109
0.004849109
0.00485951
0.00485951
0.00485951
0.00485951
0.00485951
0.004835254
0.004835254
0.004835254
0.004835254
0.004835254
0.004816933
0.004816933
0.004816933
0.004816933
0.004816933
0.004834447
0.004834447
0.004834447
0.004834447
0.004834447
0.004845942
0.004845942
0.004845942
0.004845942
0.004845942
0.004862663
0.004862663
0.004862663
0.004862663
0.004862663
0.004860979
0.004860979
0.004860979
0.004860979
0.004860979
0.004838878
0.004838878
0.004838878
0.004838878
0.004838878
0.00481496
0.00481496
0.00481496
0.00481496
0.00481496
0.004807354
0.004807354
0.004807354
0.004807354
0.004807354
0.004827477
0.004827477
0.004827477
0.004827477
0.004827477
0.004851557
0.004851557
0.004851557
0.004851557
0.004851557
0.004855921
0.004855921
0.004855921
0.004855921
0.004855921
0.004841446
0.004841446
0.004841446
0.004841446
0.004841446
0.004830142
0.004830142
0.004830142
0.004830142
0.004830142
0.004811795
0.004811795
0.004811795
0.004811795
0.004811795
0.004826733
0.004826733
0.004826733
0.004826733
0.004826733
0.004853124
0.004853124
0.004853124
0.004853124
0.004853124
0.0048437
0.0048437
0.0048437
0.0048437
0.0048437
0.004834567
0.004834567
0.004834567
0.004834567
0.004834567
0.004843828
0.004843828
0.004843828
0.004843828
0.004843828
0.00481777
0.00481777
0.00481777
0.00481777
0.00481777
0.004822489
0.004822489
0.004822489
0.004822489
0.004822489
0.004849353
0.004849353
0.004849353
0.004849353
0.004849353
0.004838657
0.004838657
0.004838657
0.004838657
0.004838657
0.004836791
0.004836791
0.004836791
0.004836791
0.004836791
0.004850577
0.004850577
0.004850577
0.004850577
0.004850577
0.00482177
0.00482177
0.00482177
0.00482177
0.00482177
0.004821695
0.004821695
0.004821695
0.004821695
0.004821695
0.004846978
0.004846978
0.004846978
0.004846978
0.004846978
0.004837418
0.004837418
0.004837418
0.004837418
0.004837418
0.004837675
0.004837675
0.004837675
0.004837675
0.004837675
0.004847588
0.004847588
0.004847588
0.004847588
0.004847588
0.004822238
0.004822238
0.004822238
0.004822238
0.004822238
0.004821349
0.004821349
0.004821349
0.004821349
0.004821349
0.004849026
0.004849026
0.004849026
0.004849026
0.004849026
0.004835694
0.004835694
0.004835694
0.004835694
0.004835694
0.004838823
0.004838823
0.004838823
0.004838823
0.004838823
0.004849904
0.004849904
0.004849904
0.004849904
0.004849904
0.004822997
0.004822997
0.004822997
0.004822997
0.004822997
0.004817276
0.004817276
0.004817276
0.004817276
0.004817276
0.00484299
0.00484299
0.00484299
0.00484299
0.00484299
0.004834042
0.004834042
0.004834042
0.004834042
0.004834042
0.004843675
0.004843675
0.004843675
0.004843675
0.004843675
0.004853667
0.004853667
0.004853667
0.004853667
0.004853667
0.004827346
0.004827346
0.004827346
0.004827346
0.004827346
0.004811513
0.004811513
0.004811513
0.004811513
0.004811513
0.004829514
0.004829514
0.004829514
0.004829514
0.004829514
0.004841024
0.004841024
0.004841024
0.004841024
0.004841024
0.004856124
0.004856124
0.004856124
0.004856124
0.004856124
0.004852663
0.004852663
0.004852663
0.004852663
0.004852663
0.004828938
0.004828938
0.004828938
0.004828938
0.004828938
0.004808006
0.004808006
0.004808006
0.004808006
0.004808006
0.004800169
0.004800169
0.004800169
0.004800169
0.004800169
0.004816563
0.004816563
0.004816563
0.004816563
0.004816563
0.004843501
0.004843501
0.004843501
0.004843501
0.004843501
0.004850199
0.004850199
0.004850199
0.004850199
0.004850199
0.004837827
0.004837827
0.004837827
0.004837827
0.004837827
0.004827167
0.004827167
0.004827167
0.004827167
0.004827167
0.00480874
0.00480874
0.00480874
0.00480874
0.00480874
0.004820115
0.004820115
0.004820115
0.004820115
0.004820115
0.004847742
0.004847742
0.004847742
0.004847742
0.004847742
0.004840006
0.004840006
0.004840006
0.004840006
0.004840006
0.00483118
0.00483118
0.00483118
0.00483118
0.00483118
0.004839435
0.004839435
0.004839435
0.004839435
0.004839435
0.004812818
0.004812818
0.004812818
0.004812818
0.004812818
0.004815332
0.004815332
0.004815332
0.004815332
0.004815332
0.004843127
0.004843127
0.004843127
0.004843127
0.004843127
0.00483399
0.00483399
0.00483399
0.00483399
0.00483399
0.004831182
0.004831182
0.004831182
0.004831182
0.004831182
0.004844629
0.004844629
0.004844629
0.004844629
0.004844629
0.004815022
0.004815022
0.004815022
0.004815022
0.004815022
0.004814188
0.004814188
0.004814188
0.004814188
0.004814188
0.004839471
0.004839471
0.004839471
0.004839471
0.004839471
0.004831511
0.004831511
0.004831511
0.004831511
0.004831511
0.004831797
0.004831797
0.004831797
0.004831797
0.004831797
0.00484015
0.00484015
0.00484015
0.00484015
0.00484015
0.004814827
0.004814827
0.004814827
0.004814827
0.004814827
0.004814621
0.004814621
0.004814621
0.004814621
0.004814621
0.004843846
0.004843846
0.004843846
0.004843846
0.004843846
0.004830903
0.004830903
0.004830903
0.004830903
0.004830903
0.004834223
0.004834223
0.004834223
0.004834223
0.004834223
0.004843729
0.004843729
0.004843729
0.004843729
0.004843729
0.004815916
0.004815916
0.004815916
0.004815916
0.004815916
0.004812374
0.004812374
0.004812374
0.004812374
0.004812374
0.004838665
0.004838665
0.004838665
0.004838665
0.004838665
0.004830746
0.004830746
0.004830746
0.004830746
0.004830746
0.004840141
0.004840141
0.004840141
0.004840141
0.004840141
0.004848423
0.004848423
0.004848423
0.004848423
0.004848423
0.004820716
0.004820716
0.004820716
0.004820716
0.004820716
0.004808413
0.004808413
0.004808413
0.004808413
0.004808413
0.004826441
0.004826441
0.004826441
0.004826441
0.004826441
0.004837376
0.004837376
0.004837376
0.004837376
0.004837376
0.004850513
0.004850513
0.004850513
0.004850513
0.004850513
0.004844756
0.004844756
0.004844756
0.004844756
0.004844756
0.004818047
0.004818047
0.004818047
0.004818047
0.004818047
0.004800776
0.004800776
0.004800776
0.004800776
0.004800776
0.004792626
0.004792626
0.004792626
0.004792626
0.004792626
0.004806221
0.004806221
0.004806221
0.004806221
0.004806221
0.004830645
0.004830645
0.004830645
0.004830645
0.004830645
0.004840269
0.004840269
0.004840269
0.004840269
0.004840269
0.004830469
0.004830469
0.004830469
0.004830469
0.004830469
0.004820206
0.004820206
0.004820206
0.004820206
0.004820206
0.004804511
0.004804511
0.004804511
0.004804511
0.004804511
0.004812142
0.004812142
0.004812142
0.004812142
0.004812142
0.004835363
0.004835363
0.004835363
0.004835363
0.004835363
0.004831823
0.004831823
0.004831823
0.004831823
0.004831823
0.004824109
0.004824109
0.004824109
0.004824109
0.004824109
0.004831519
0.004831519
0.004831519
0.004831519
0.004831519
0.004807625
0.004807625
0.004807625
0.004807625
0.004807625
0.004808976
0.004808976
0.004808976
0.004808976
0.004808976
0.004833654
0.004833654
0.004833654
0.004833654
0.004833654
0.004827114
0.004827114
0.004827114
0.004827114
0.004827114
0.004825006
0.004825006
0.004825006
0.004825006
0.004825006
0.004837306
0.004837306
0.004837306
0.004837306
0.004837306
0.004809423
0.004809423
0.004809423
0.004809423
0.004809423
0.004808742
0.004808742
0.004808742
0.004808742
0.004808742
0.004831264
0.004831264
0.004831264
0.004831264
0.004831264
0.004825508
0.004825508
0.004825508
0.004825508
0.004825508
0.004825825
0.004825825
0.004825825
0.004825825
0.004825825
0.00483205
0.00483205
0.00483205
0.00483205
0.00483205
0.004809432
0.004809432
0.004809432
0.004809432
0.004809432
0.004809024
0.004809024
0.004809024
0.004809024
0.004809024
0.00483736
0.00483736
0.00483736
0.00483736
0.00483736
0.004825525
0.004825525
0.004825525
0.004825525
0.004825525
0.004827478
0.004827478
0.004827478
0.004827478
0.004827478
0.004834368
0.004834368
0.004834368
0.004834368
0.004834368
0.004809598
0.004809598
0.004809598
0.004809598
0.004809598
0.00480715
0.00480715
0.00480715
0.00480715
0.00480715
0.004830799
0.004830799
0.004830799
0.004830799
0.004830799
0.00482373
0.00482373
0.00482373
0.00482373
0.00482373
0.0048321
0.0048321
0.0048321
0.0048321
0.0048321
0.004836132
0.004836132
0.004836132
0.004836132
0.004836132
0.004812705
0.004812705
0.004812705
0.004812705
0.004812705
0.00480413
0.00480413
0.00480413
0.00480413
0.00480413
0.004819444
0.004819444
0.004819444
0.004819444
0.004819444
0.00483011
0.00483011
0.00483011
0.00483011
0.00483011
0.004840772
0.004840772
0.004840772
0.004840772
0.004840772
0.004832023
0.004832023
0.004832023
0.004832023
0.004832023
0.004807671
0.004807671
0.004807671
0.004807671
0.004807671
0.004793088
0.004793088
0.004793088
0.004793088
0.004793088
0.004783968
0.004783968
0.004783968
0.004783968
0.004783968
0.004793654
0.004793654
0.004793654
0.004793654
0.004793654
0.004814917
0.004814917
0.004814917
0.004814917
0.004814917
0.004828601
0.004828601
0.004828601
0.004828601
0.004828601
0.004821868
0.004821868
0.004821868
0.004821868
0.004821868
0.004812393
0.004812393
0.004812393
0.004812393
0.004812393
0.004801675
0.004801675
0.004801675
0.004801675
0.004801675
0.004804762
0.004804762
0.004804762
0.004804762
0.004804762
0.004820793
0.004820793
0.004820793
0.004820793
0.004820793
0.004823054
0.004823054
0.004823054
0.004823054
0.004823054
0.004816469
0.004816469
0.004816469
0.004816469
0.004816469
0.004821372
0.004821372
0.004821372
0.004821372
0.004821372
0.004802886
0.004802886
0.004802886
0.004802886
0.004802886
0.004802824
0.004802824
0.004802824
0.004802824
0.004802824
0.004821547
0.004821547
0.004821547
0.004821547
0.004821547
0.004818361
0.004818361
0.004818361
0.004818361
0.004818361
0.004816877
0.004816877
0.004816877
0.004816877
0.004816877
0.004825298
0.004825298
0.004825298
0.004825298
0.004825298
0.004801725
0.004801725
0.004801725
0.004801725
0.004801725
0.004800766
0.004800766
0.004800766
0.004800766
0.004800766
0.004819729
0.004819729
0.004819729
0.004819729
0.004819729
0.004816133
0.004816133
0.004816133
0.004816133
0.004816133
0.004816427
0.004816427
0.004816427
0.004816427
0.004816427
0.004820354
0.004820354
0.004820354
0.004820354
0.004820354
0.004801108
0.004801108
0.004801108
0.004801108
0.004801108
0.004801151
0.004801151
0.004801151
0.004801151
0.004801151
0.004824332
0.004824332
0.004824332
0.004824332
0.004824332
0.004816305
0.004816305
0.004816305
0.004816305
0.004816305
0.004818561
0.004818561
0.004818561
0.004818561
0.004818561
0.004821988
0.004821988
0.004821988
0.004821988
0.004821988
0.004802243
0.004802243
0.004802243
0.004802243
0.004802243
0.004801211
0.004801211
0.004801211
0.004801211
0.004801211
0.004819453
0.004819453
0.004819453
0.004819453
0.004819453
0.004814923
0.004814923
0.004814923
0.004814923
0.004814923
0.00482335
0.00482335
0.00482335
0.00482335
0.00482335
0.004821542
0.004821542
0.004821542
0.004821542
0.004821542
0.004805351
0.004805351
0.004805351
0.004805351
0.004805351
0.004801344
0.004801344
0.004801344
0.004801344
0.004801344
0.004811897
0.004811897
0.004811897
0.004811897
0.004811897
0.004822341
0.004822341
0.004822341
0.004822341
0.004822341
0.004830572
0.004830572
0.004830572
0.004830572
0.004830572
0.004817891
0.004817891
0.004817891
0.004817891
0.004817891
0.004796534
0.004796534
0.004796534
0.004796534
0.004796534
0.004785721
0.004785721
0.004785721
0.004785721
0.004785721
0.004774755
0.004774755
0.004774755
0.004774755
0.004774755
0.004781081
0.004781081
0.004781081
0.004781081
0.004781081
0.004798368
0.004798368
0.004798368
0.004798368
0.004798368
0.004816515
0.004816515
0.004816515
0.004816515
0.004816515
0.004811328
0.004811328
0.004811328
0.004811328
0.004811328
0.004802028
0.004802028
0.004802028
0.004802028
0.004802028
0.004797739
0.004797739
0.004797739
0.004797739
0.004797739
0.004797263
0.004797263
0.004797263
0.004797263
0.004797263
0.004803592
0.004803592
0.004803592
0.004803592
0.004803592
0.004810086
0.004810086
0.004810086
0.004810086
0.004810086
0.004804804
0.004804804
0.004804804
0.004804804
0.004804804
0.004808238
0.004808238
0.004808238
0.004808238
0.004808238
0.004796199
0.004796199
0.004796199
0.004796199
0.004796199
0.004795004
0.004795004
0.004795004
0.004795004
0.004795004
0.004806863
0.004806863
0.004806863
0.004806863
0.004806863
0.004806926
0.004806926
0.004806926
0.004806926
0.004806926
0.004805631
0.004805631
0.004805631
0.004805631
0.004805631
0.004809691
0.004809691
0.004809691
0.004809691
0.004809691
0.00479439
0.00479439
0.00479439
0.00479439
0.00479439
0.004794049
0.004794049
0.004794049
0.004794049
0.004794049
0.00480834
0.00480834
0.00480834
0.00480834
0.00480834
0.004805557
0.004805557
0.004805557
0.004805557
0.004805557
0.004805895
0.004805895
0.004805895
0.004805895
0.004805895
0.004809142
0.004809142
0.004809142
0.004809142
0.004809142
0.004795163
0.004795163
0.004795163
0.004795163
0.004795163
0.004794318
0.004794318
0.004794318
0.004794318
0.004794318
0.004809103
0.004809103
0.004809103
0.004809103
0.004809103
0.004805397
0.004805397
0.004805397
0.004805397
0.004805397
0.004807627
0.004807627
0.004807627
0.004807627
0.004807627
0.004808197
0.004808197
0.004808197
0.004808197
0.004808197
0.004796656
0.004796656
0.004796656
0.004796656
0.004796656
0.004796714
0.004796714
0.004796714
0.004796714
0.004796714
0.004808564
0.004808564
0.004808564
0.004808564
0.004808564
0.004805526
0.004805526
0.004805526
0.004805526
0.004805526
0.004810893
0.004810893
0.004810893
0.004810893
0.004810893
0.004804342
0.004804342
0.004804342
0.004804342
0.004804342
0.004797841
0.004797841
0.004797841
0.004797841
0.004797841
0.004797457
0.004797457
0.004797457
0.004797457
0.004797457
0.004801705
0.004801705
0.004801705
0.004801705
0.004801705
0.004811166
0.004811166
0.004811166
0.004811166
0.004811166
0.00481644
0.00481644
0.00481644
0.00481644
0.00481644
0.004799211
0.004799211
0.004799211
0.004799211
0.004799211
0.004781626
0.004781626
0.004781626
0.004781626
0.004781626
0.004773944
0.004773944
0.004773944
0.004773944
0.004773944
0.004761634
0.004761634
0.004761634
0.004761634
0.004761634
0.004762911
0.004762911
0.004762911
0.004762911
0.004762911
0.004764923
0.004764923
0.004764923
0.004764923
0.004764923
0.004789405
0.004789405
0.004789405
0.004789405
0.004789405
0.004785937
0.004785937
0.004785937
0.004785937
0.004785937
0.004781539
0.004781539
0.004781539
0.004781539
0.004781539
0.004790845
0.004790845
0.004790845
0.004790845
0.004790845
0.004787871
0.004787871
0.004787871
0.004787871
0.004787871
0.004777872
0.004777872
0.004777872
0.004777872
0.004777872
0.004784125
0.004784125
0.004784125
0.004784125
0.004784125
0.004782329
0.004782329
0.004782329
0.004782329
0.004782329
0.00478499
0.00478499
0.00478499
0.00478499
0.00478499
0.004789494
0.004789494
0.004789494
0.004789494
0.004789494
0.004786074
0.004786074
0.004786074
0.004786074
0.004786074
0.004780244
0.004780244
0.004780244
0.004780244
0.004780244
0.004782591
0.004782591
0.004782591
0.004782591
0.004782591
0.004782437
0.004782437
0.004782437
0.004782437
0.004782437
0.004782567
0.004782567
0.004782567
0.004782567
0.004782567
0.004786572
0.004786572
0.004786572
0.004786572
0.004786572
0.004786348
0.004786348
0.004786348
0.004786348
0.004786348
0.004782263
0.004782263
0.004782263
0.004782263
0.004782263
0.004782181
0.004782181
0.004782181
0.004782181
0.004782181
0.004782576
0.004782576
0.004782576
0.004782576
0.004782576
0.004783021
0.004783021
0.004783021
0.004783021
0.004783021
0.004786739
0.004786739
0.004786739
0.004786739
0.004786739
0.004786144
0.004786144
0.004786144
0.004786144
0.004786144
0.004780884
0.004780884
0.004780884
0.004780884
0.004780884
0.004781101
0.004781101
0.004781101
0.004781101
0.004781101
0.004782992
0.004782992
0.004782992
0.004782992
0.004782992
0.00478096
0.00478096
0.00478096
0.00478096
0.00478096
0.004786225
0.004786225
0.004786225
0.004786225
0.004786225
0.004788807
0.004788807
0.004788807
0.004788807
0.004788807
0.004783983
0.004783983
0.004783983
0.004783983
0.004783983
0.004781693
0.004781693
0.004781693
0.004781693
0.004781693
0.004784273
0.004784273
0.004784273
0.004784273
0.004784273
0.004778376
0.004778376
0.004778376
0.004778376
0.004778376
0.004788136
0.004788136
0.004788136
0.004788136
0.004788136
0.004790528
0.004790528
0.004790528
0.004790528
0.004790528
0.004781216
0.004781216
0.004781216
0.004781216
0.004781216
0.00478633
0.00478633
0.00478633
0.00478633
0.00478633
0.004790901
0.004790901
0.004790901
0.004790901
0.004790901
0.004767079
0.004767079
0.004767079
0.004767079
0.004767079
0.004764366
0.004764366
0.004764366
0.004764366
0.004764366
0.004761635
0.004761635
0.004761635
0.004761635
0.004761635
)
;

boundaryField
{
    electrolyteSides
    {
        type            zeroGradient;
    }
    electrolyte_to_fuel
    {
        type            zeroGradient;
    }
    electrolyte_to_air
    {
        type            zeroGradient;
    }
}


// ************************************************************************* //
