/*--------------------------------*- C++ -*----------------------------------*\
| =========                 |                                                 |
| \\      /  F ield         | OpenFOAM: The Open Source CFD Toolbox           |
|  \\    /   O peration     | Version:  4.0                                   |
|   \\  /    A nd           | Web:      www.OpenFOAM.org                      |
|    \\/     M anipulation  |                                                 |
\*---------------------------------------------------------------------------*/
FoamFile
{
    version     2.0;
    format      ascii;
    class       volScalarField;
    location    "120/electrolyte";
    object      I;
}
// * * * * * * * * * * * * * * * * * * * * * * * * * * * * * * * * * * * * * //

dimensions      [0 -2 0 0 0 1 0];

internalField   nonuniform List<scalar> 
4840
(
403.7719
403.7719
403.7719
403.7719
403.7719
412.7242
412.7242
412.7242
412.7242
412.7242
423.5847
423.5847
423.5847
423.5847
423.5847
425.1627
425.1627
425.1627
425.1627
425.1627
424.9309
424.9309
424.9309
424.9309
424.9309
422.6699
422.6699
422.6699
422.6699
422.6699
413.1251
413.1251
413.1251
413.1251
413.1251
413.5954
413.5954
413.5954
413.5954
413.5954
422.798
422.798
422.798
422.798
422.798
424.0635
424.0635
424.0635
424.0635
424.0635
422.6048
422.6048
422.6048
422.6048
422.6048
421.308
421.308
421.308
421.308
421.308
412.0292
412.0292
412.0292
412.0292
412.0292
412.1176
412.1176
412.1176
412.1176
412.1176
421.3533
421.3533
421.3533
421.3533
421.3533
422.1172
422.1172
422.1172
422.1172
422.1172
422.1057
422.1057
422.1057
422.1057
422.1057
420.8161
420.8161
420.8161
420.8161
420.8161
411.5752
411.5752
411.5752
411.5752
411.5752
411.6197
411.6197
411.6197
411.6197
411.6197
420.8277
420.8277
420.8277
420.8277
420.8277
422.0947
422.0947
422.0947
422.0947
422.0947
422.0882
422.0882
422.0882
422.0882
422.0882
420.8007
420.8007
420.8007
420.8007
420.8007
411.576
411.576
411.576
411.576
411.576
411.9677
411.9677
411.9677
411.9677
411.9677
421.2223
421.2223
421.2223
421.2223
421.2223
422.4924
422.4924
422.4924
422.4924
422.4924
422.491
422.491
422.491
422.491
422.491
421.1995
421.1995
421.1995
421.1995
421.1995
413.0064
413.0064
413.0064
413.0064
413.0064
412.9531
412.9531
412.9531
412.9531
412.9531
422.2571
422.2571
422.2571
422.2571
422.2571
423.5376
423.5376
423.5376
423.5376
423.5376
423.5588
423.5588
423.5588
423.5588
423.5588
422.2536
422.2536
422.2536
422.2536
422.2536
413.0656
413.0656
413.0656
413.0656
413.0656
412.6285
412.6285
412.6285
412.6285
412.6285
422.1625
422.1625
422.1625
422.1625
422.1625
423.5084
423.5084
423.5084
423.5084
423.5084
422.6275
422.6275
422.6275
422.6275
422.6275
420.953
420.953
420.953
420.953
420.953
410.0396
410.0396
410.0396
410.0396
410.0396
401.0487
401.0487
401.0487
401.0487
401.0487
403.2479
403.2479
403.2479
403.2479
403.2479
409.5557
409.5557
409.5557
409.5557
409.5557
417.6914
417.6914
417.6914
417.6914
417.6914
419.098
419.098
419.098
419.098
419.098
418.8681
418.8681
418.8681
418.8681
418.8681
417.3423
417.3423
417.3423
417.3423
417.3423
409.4522
409.4522
409.4522
409.4522
409.4522
409.9879
409.9879
409.9879
409.9879
409.9879
417.5491
417.5491
417.5491
417.5491
417.5491
418.8969
418.8969
418.8969
418.8969
418.8969
418.8643
418.8643
418.8643
418.8643
418.8643
417.8438
417.8438
417.8438
417.8438
417.8438
410.1336
410.1336
410.1336
410.1336
410.1336
410.2655
410.2655
410.2655
410.2655
410.2655
417.9231
417.9231
417.9231
417.9231
417.9231
419.3033
419.3033
419.3033
419.3033
419.3033
420.3309
420.3309
420.3309
420.3309
420.3309
418.9089
418.9089
418.9089
418.9089
418.9089
411.2109
411.2109
411.2109
411.2109
411.2109
411.2755
411.2755
411.2755
411.2755
411.2755
418.9656
418.9656
418.9656
418.9656
418.9656
420.3461
420.3461
420.3461
420.3461
420.3461
420.3316
420.3316
420.3316
420.3316
420.3316
418.9176
418.9176
418.9176
418.9176
418.9176
411.2426
411.2426
411.2426
411.2426
411.2426
411.2347
411.2347
411.2347
411.2347
411.2347
417.8985
417.8985
417.8985
417.8985
417.8985
419.29
419.29
419.29
419.29
419.29
419.2816
419.2816
419.2816
419.2816
419.2816
417.8728
417.8728
417.8728
417.8728
417.8728
410.2251
410.2251
410.2251
410.2251
410.2251
409.7407
409.7407
409.7407
409.7407
409.7407
417.4611
417.4611
417.4611
417.4611
417.4611
418.8635
418.8635
418.8635
418.8635
418.8635
418.8781
418.8781
418.8781
418.8781
418.8781
417.5025
417.5025
417.5025
417.5025
417.5025
409.954
409.954
409.954
409.954
409.954
409.4717
409.4717
409.4717
409.4717
409.4717
417.369
417.369
417.369
417.369
417.369
418.8611
418.8611
418.8611
418.8611
418.8611
419.047
419.047
419.047
419.047
419.047
417.9846
417.9846
417.9846
417.9846
417.9846
409.8264
409.8264
409.8264
409.8264
409.8264
403.1944
403.1944
403.1944
403.1944
403.1944
401.7074
401.7074
401.7074
401.7074
401.7074
407.5104
407.5104
407.5104
407.5104
407.5104
416.5118
416.5118
416.5118
416.5118
416.5118
418.1801
418.1801
418.1801
418.1801
418.1801
417.9171
417.9171
417.9171
417.9171
417.9171
416.0713
416.0713
416.0713
416.0713
416.0713
408.77
408.77
408.77
408.77
408.77
409.2388
409.2388
409.2388
409.2388
409.2388
416.3383
416.3383
416.3383
416.3383
416.3383
417.9667
417.9667
417.9667
417.9667
417.9667
417.9155
417.9155
417.9155
417.9155
417.9155
416.1718
416.1718
416.1718
416.1718
416.1718
407.9432
407.9432
407.9432
407.9432
407.9432
408.1166
408.1166
408.1166
408.1166
408.1166
415.254
415.254
415.254
415.254
415.254
416.9127
416.9127
416.9127
416.9127
416.9127
416.8752
416.8752
416.8752
416.8752
416.8752
414.744
414.744
414.744
414.744
414.744
407.5893
407.5893
407.5893
407.5893
407.5893
407.6719
407.6719
407.6719
407.6719
407.6719
414.8262
414.8262
414.8262
414.8262
414.8262
416.4948
416.4948
416.4948
416.4948
416.4948
416.4721
416.4721
416.4721
416.4721
416.4721
414.7644
414.7644
414.7644
414.7644
414.7644
407.6336
407.6336
407.6336
407.6336
407.6336
407.6272
407.6272
407.6272
407.6272
407.6272
414.8102
414.8102
414.8102
414.8102
414.8102
416.9033
416.9033
416.9033
416.9033
416.9033
416.8894
416.8894
416.8894
416.8894
416.8894
415.1913
415.1913
415.1913
415.1913
415.1913
408.0745
408.0745
408.0745
408.0745
408.0745
407.9774
407.9774
407.9774
407.9774
407.9774
416.2316
416.2316
416.2316
416.2316
416.2316
417.9359
417.9359
417.9359
417.9359
417.9359
417.9464
417.9464
417.9464
417.9464
417.9464
416.2793
416.2793
416.2793
416.2793
416.2793
409.2022
409.2022
409.2022
409.2022
409.2022
408.8074
408.8074
408.8074
408.8074
408.8074
416.1266
416.1266
416.1266
416.1266
416.1266
417.9225
417.9225
417.9225
417.9225
417.9225
418.1161
418.1161
418.1161
418.1161
418.1161
416.3663
416.3663
416.3663
416.3663
416.3663
407.3642
407.3642
407.3642
407.3642
407.3642
401.6813
401.6813
401.6813
401.6813
401.6813
399.7014
399.7014
399.7014
399.7014
399.7014
404.575
404.575
404.575
404.575
404.575
412.9302
412.9302
412.9302
412.9302
412.9302
414.6642
414.6642
414.6642
414.6642
414.6642
414.426
414.426
414.426
414.426
414.426
412.1338
412.1338
412.1338
412.1338
412.1338
405.2751
405.2751
405.2751
405.2751
405.2751
405.5984
405.5984
405.5984
405.5984
405.5984
412.5103
412.5103
412.5103
412.5103
412.5103
414.5031
414.5031
414.5031
414.5031
414.5031
414.4255
414.4255
414.4255
414.4255
414.4255
412.2465
412.2465
412.2465
412.2465
412.2465
405.423
405.423
405.423
405.423
405.423
405.9671
405.9671
405.9671
405.9671
405.9671
412.8638
412.8638
412.8638
412.8638
412.8638
414.9062
414.9062
414.9062
414.9062
414.9062
414.854
414.854
414.854
414.854
414.854
412.7045
412.7045
412.7045
412.7045
412.7045
406.8966
406.8966
406.8966
406.8966
406.8966
406.9731
406.9731
406.9731
406.9731
406.9731
413.873
413.873
413.873
413.873
413.873
415.9444
415.9444
415.9444
415.9444
415.9444
415.9144
415.9144
415.9144
415.9144
415.9144
413.8001
413.8001
413.8001
413.8001
413.8001
406.9312
406.9312
406.9312
406.9312
406.9312
406.9466
406.9466
406.9466
406.9466
406.9466
413.8317
413.8317
413.8317
413.8317
413.8317
415.9374
415.9374
415.9374
415.9374
415.9374
414.8828
414.8828
414.8828
414.8828
414.8828
412.7934
412.7934
412.7934
412.7934
412.7934
405.9252
405.9252
405.9252
405.9252
405.9252
405.8775
405.8775
405.8775
405.8775
405.8775
412.7374
412.7374
412.7374
412.7374
412.7374
414.4632
414.4632
414.4632
414.4632
414.4632
414.4842
414.4842
414.4842
414.4842
414.4842
412.444
412.444
412.444
412.444
412.444
405.5625
405.5625
405.5625
405.5625
405.5625
405.3264
405.3264
405.3264
405.3264
405.3264
412.2101
412.2101
412.2101
412.2101
412.2101
414.4395
414.4395
414.4395
414.4395
414.4395
414.5868
414.5868
414.5868
414.5868
414.5868
412.3518
412.3518
412.3518
412.3518
412.3518
404.0111
404.0111
404.0111
404.0111
404.0111
399.6872
399.6872
399.6872
399.6872
399.6872
397.9165
397.9165
397.9165
397.9165
397.9165
402.2167
402.2167
402.2167
402.2167
402.2167
410.8506
410.8506
410.8506
410.8506
410.8506
413.4414
413.4414
413.4414
413.4414
413.4414
414.3012
414.3012
414.3012
414.3012
414.3012
411.766
411.766
411.766
411.766
411.766
404.9418
404.9418
404.9418
404.9418
404.9418
405.1748
405.1748
405.1748
405.1748
405.1748
412.1312
412.1312
412.1312
412.1312
412.1312
414.403
414.403
414.403
414.403
414.403
414.3078
414.3078
414.3078
414.3078
414.3078
411.8602
411.8602
411.8602
411.8602
411.8602
405.0641
405.0641
405.0641
405.0641
405.0641
405.1832
405.1832
405.1832
405.1832
405.1832
411.0734
411.0734
411.0734
411.0734
411.0734
413.3516
413.3516
413.3516
413.3516
413.3516
413.2849
413.2849
413.2849
413.2849
413.2849
410.8746
410.8746
410.8746
410.8746
410.8746
404.0606
404.0606
404.0606
404.0606
404.0606
403.7385
403.7385
403.7385
403.7385
403.7385
410.6289
410.6289
410.6289
410.6289
410.6289
412.9338
412.9338
412.9338
412.9338
412.9338
412.8991
412.8991
412.8991
412.8991
412.8991
410.5418
410.5418
410.5418
410.5418
410.5418
403.7084
403.7084
403.7084
403.7084
403.7084
403.7354
403.7354
403.7354
403.7354
403.7354
410.5782
410.5782
410.5782
410.5782
410.5782
412.9344
412.9344
412.9344
412.9344
412.9344
412.9349
412.9349
412.9349
412.9349
412.9349
411.1047
411.1047
411.1047
411.1047
411.1047
404.218
404.218
404.218
404.218
404.218
404.2005
404.2005
404.2005
404.2005
404.2005
411.0217
411.0217
411.0217
411.0217
411.0217
413.4151
413.4151
413.4151
413.4151
413.4151
414.8558
414.8558
414.8558
414.8558
414.8558
412.5488
412.5488
412.5488
412.5488
412.5488
405.6198
405.6198
405.6198
405.6198
405.6198
405.4843
405.4843
405.4843
405.4843
405.4843
412.3393
412.3393
412.3393
412.3393
412.3393
415.6655
415.6655
415.6655
415.6655
415.6655
415.7458
415.7458
415.7458
415.7458
415.7458
413.0413
413.0413
413.0413
413.0413
413.0413
404.386
404.386
404.386
404.386
404.386
400.2233
400.2233
400.2233
400.2233
400.2233
398.8081
398.8081
398.8081
398.8081
398.8081
402.6953
402.6953
402.6953
402.6953
402.6953
411.4044
411.4044
411.4044
411.4044
411.4044
414.5893
414.5893
414.5893
414.5893
414.5893
414.4913
414.4913
414.4913
414.4913
414.4913
410.9133
410.9133
410.9133
410.9133
410.9133
404.1412
404.1412
404.1412
404.1412
404.1412
404.3151
404.3151
404.3151
404.3151
404.3151
411.2145
411.2145
411.2145
411.2145
411.2145
413.7747
413.7747
413.7747
413.7747
413.7747
412.5239
412.5239
412.5239
412.5239
412.5239
409.7846
409.7846
409.7846
409.7846
409.7846
403.0819
403.0819
403.0819
403.0819
403.0819
403.1942
403.1942
403.1942
403.1942
403.1942
410.1002
410.1002
410.1002
410.1002
410.1002
412.2191
412.2191
412.2191
412.2191
412.2191
412.1401
412.1401
412.1401
412.1401
412.1401
409.4522
409.4522
409.4522
409.4522
409.4522
402.694
402.694
402.694
402.694
402.694
402.7686
402.7686
402.7686
402.7686
402.7686
409.5897
409.5897
409.5897
409.5897
409.5897
412.1789
412.1789
412.1789
412.1789
412.1789
412.1407
412.1407
412.1407
412.1407
412.1407
409.4954
409.4954
409.4954
409.4954
409.4954
402.6932
402.6932
402.6932
402.6932
402.6932
403.0551
403.0551
403.0551
403.0551
403.0551
409.8557
409.8557
409.8557
409.8557
409.8557
412.4887
412.4887
412.4887
412.4887
412.4887
412.4927
412.4927
412.4927
412.4927
412.4927
409.8916
409.8916
409.8916
409.8916
409.8916
403.8243
403.8243
403.8243
403.8243
403.8243
403.821
403.821
403.821
403.821
403.821
410.5722
410.5722
410.5722
410.5722
410.5722
413.2596
413.2596
413.2596
413.2596
413.2596
413.2839
413.2839
413.2839
413.2839
413.2839
410.6512
410.6512
410.6512
410.6512
410.6512
403.7942
403.7942
403.7942
403.7942
403.7942
403.7243
403.7243
403.7243
403.7243
403.7243
410.5176
410.5176
410.5176
410.5176
410.5176
413.2142
413.2142
413.2142
413.2142
413.2142
412.3686
412.3686
412.3686
412.3686
412.3686
409.0816
409.0816
409.0816
409.0816
409.0816
400.4223
400.4223
400.4223
400.4223
400.4223
396.7154
396.7154
396.7154
396.7154
396.7154
395.284
395.284
395.284
395.284
395.284
398.5933
398.5933
398.5933
398.5933
398.5933
407.4076
407.4076
407.4076
407.4076
407.4076
410.9646
410.9646
410.9646
410.9646
410.9646
410.9417
410.9417
410.9417
410.9417
410.9417
407.9977
407.9977
407.9977
407.9977
407.9977
401.2067
401.2067
401.2067
401.2067
401.2067
401.3492
401.3492
401.3492
401.3492
401.3492
408.3279
408.3279
408.3279
408.3279
408.3279
411.0415
411.0415
411.0415
411.0415
411.0415
410.9273
410.9273
410.9273
410.9273
410.9273
408.3543
408.3543
408.3543
408.3543
408.3543
401.5848
401.5848
401.5848
401.5848
401.5848
401.6945
401.6945
401.6945
401.6945
401.6945
408.6877
408.6877
408.6877
408.6877
408.6877
411.3975
411.3975
411.3975
411.3975
411.3975
412.1225
412.1225
412.1225
412.1225
412.1225
409.2647
409.2647
409.2647
409.2647
409.2647
402.4102
402.4102
402.4102
402.4102
402.4102
402.4819
402.4819
402.4819
402.4819
402.4819
409.4047
409.4047
409.4047
409.4047
409.4047
412.1742
412.1742
412.1742
412.1742
412.1742
412.1334
412.1334
412.1334
412.1334
412.1334
409.3009
409.3009
409.3009
409.3009
409.3009
402.4207
402.4207
402.4207
402.4207
402.4207
402.4643
402.4643
402.4643
402.4643
402.4643
408.5508
408.5508
408.5508
408.5508
408.5508
411.3461
411.3461
411.3461
411.3461
411.3461
411.3506
411.3506
411.3506
411.3506
411.3506
408.5819
408.5819
408.5819
408.5819
408.5819
401.6295
401.6295
401.6295
401.6295
401.6295
401.3
401.3
401.3
401.3
401.3
408.1071
408.1071
408.1071
408.1071
408.1071
410.9574
410.9574
410.9574
410.9574
410.9574
410.9924
410.9924
410.9924
410.9924
410.9924
408.2183
408.2183
408.2183
408.2183
408.2183
401.2771
401.2771
401.2771
401.2771
401.2771
401.2419
401.2419
401.2419
401.2419
401.2419
408.0573
408.0573
408.0573
408.0573
408.0573
410.9166
410.9166
410.9166
410.9166
410.9166
410.8126
410.8126
410.8126
410.8126
410.8126
407.4719
407.4719
407.4719
407.4719
407.4719
398.6705
398.6705
398.6705
398.6705
398.6705
395.1971
395.1971
395.1971
395.1971
395.1971
393.9147
393.9147
393.9147
393.9147
393.9147
397.453
397.453
397.453
397.453
397.453
407.2375
407.2375
407.2375
407.2375
407.2375
411.0886
411.0886
411.0886
411.0886
411.0886
411.1299
411.1299
411.1299
411.1299
411.1299
408.0505
408.0505
408.0505
408.0505
408.0505
401.1828
401.1828
401.1828
401.1828
401.1828
401.3138
401.3138
401.3138
401.3138
401.3138
408.4427
408.4427
408.4427
408.4427
408.4427
411.2642
411.2642
411.2642
411.2642
411.2642
411.1396
411.1396
411.1396
411.1396
411.1396
408.1083
408.1083
408.1083
408.1083
408.1083
400.4214
400.4214
400.4214
400.4214
400.4214
400.5284
400.5284
400.5284
400.5284
400.5284
407.6243
407.6243
407.6243
407.6243
407.6243
410.4629
410.4629
410.4629
410.4629
410.4629
410.375
410.375
410.375
410.375
410.375
407.0721
407.0721
407.0721
407.0721
407.0721
400.1156
400.1156
400.1156
400.1156
400.1156
400.1828
400.1828
400.1828
400.1828
400.1828
407.1842
407.1842
407.1842
407.1842
407.1842
410.0847
410.0847
410.0847
410.0847
410.0847
410.0425
410.0425
410.0425
410.0425
410.0425
407.0814
407.0814
407.0814
407.0814
407.0814
400.1238
400.1238
400.1238
400.1238
400.1238
400.1749
400.1749
400.1749
400.1749
400.1749
407.1773
407.1773
407.1773
407.1773
407.1773
410.4201
410.4201
410.4201
410.4201
410.4201
410.4209
410.4209
410.4209
410.4209
410.4209
407.5213
407.5213
407.5213
407.5213
407.5213
400.4685
400.4685
400.4685
400.4685
400.4685
400.4802
400.4802
400.4802
400.4802
400.4802
408.2111
408.2111
408.2111
408.2111
408.2111
411.1808
411.1808
411.1808
411.1808
411.1808
411.2209
411.2209
411.2209
411.2209
411.2209
408.3366
408.3366
408.3366
408.3366
408.3366
401.2473
401.2473
401.2473
401.2473
401.2473
401.227
401.227
401.227
401.227
401.227
408.1218
408.1218
408.1218
408.1218
408.1218
411.1109
411.1109
411.1109
411.1109
411.1109
410.935
410.935
410.935
410.935
410.935
406.9596
406.9596
406.9596
406.9596
406.9596
397.1957
397.1957
397.1957
397.1957
397.1957
393.835
393.835
393.835
393.835
393.835
392.6987
392.6987
392.6987
392.6987
392.6987
396.2164
396.2164
396.2164
396.2164
396.2164
405.3872
405.3872
405.3872
405.3872
405.3872
409.0845
409.0845
409.0845
409.0845
409.0845
409.1748
409.1748
409.1748
409.1748
409.1748
406.0203
406.0203
406.0203
406.0203
406.0203
399.0784
399.0784
399.0784
399.0784
399.0784
399.2041
399.2041
399.2041
399.2041
399.2041
406.4362
406.4362
406.4362
406.4362
406.4362
409.3344
409.3344
409.3344
409.3344
409.3344
409.2029
409.2029
409.2029
409.2029
409.2029
406.0775
406.0775
406.0775
406.0775
406.0775
399.1102
399.1102
399.1102
399.1102
399.1102
399.5504
399.5504
399.5504
399.5504
399.5504
406.7674
406.7674
406.7674
406.7674
406.7674
409.6868
409.6868
409.6868
409.6868
409.6868
409.5996
409.5996
409.5996
409.5996
409.5996
406.5508
406.5508
406.5508
406.5508
406.5508
400.2665
400.2665
400.2665
400.2665
400.2665
400.3299
400.3299
400.3299
400.3299
400.3299
407.4494
407.4494
407.4494
407.4494
407.4494
410.4487
410.4487
410.4487
410.4487
410.4487
410.4051
410.4051
410.4051
410.4051
410.4051
407.3469
407.3469
407.3469
407.3469
407.3469
400.2727
400.2727
400.2727
400.2727
400.2727
400.3304
400.3304
400.3304
400.3304
400.3304
407.4685
407.4685
407.4685
407.4685
407.4685
410.459
410.459
410.459
410.459
410.459
409.6497
409.6497
409.6497
409.6497
409.6497
406.6684
406.6684
406.6684
406.6684
406.6684
399.4959
399.4959
399.4959
399.4959
399.4959
399.5093
399.5093
399.5093
399.5093
399.5093
406.5258
406.5258
406.5258
406.5258
406.5258
409.2544
409.2544
409.2544
409.2544
409.2544
409.2993
409.2993
409.2993
409.2993
409.2993
406.3375
406.3375
406.3375
406.3375
406.3375
399.1461
399.1461
399.1461
399.1461
399.1461
399.132
399.132
399.132
399.132
399.132
406.1029
406.1029
406.1029
406.1029
406.1029
409.165
409.165
409.165
409.165
409.165
408.9353
408.9353
408.9353
408.9353
408.9353
404.7782
404.7782
404.7782
404.7782
404.7782
395.6337
395.6337
395.6337
395.6337
395.6337
392.6302
392.6302
392.6302
392.6302
392.6302
391.6357
391.6357
391.6357
391.6357
391.6357
395.168
395.168
395.168
395.168
395.168
404.5105
404.5105
404.5105
404.5105
404.5105
408.6969
408.6969
408.6969
408.6969
408.6969
409.6472
409.6472
409.6472
409.6472
409.6472
406.4325
406.4325
406.4325
406.4325
406.4325
399.3911
399.3911
399.3911
399.3911
399.3911
399.5124
399.5124
399.5124
399.5124
399.5124
406.8272
406.8272
406.8272
406.8272
406.8272
409.8298
409.8298
409.8298
409.8298
409.8298
409.6989
409.6989
409.6989
409.6989
409.6989
406.4907
406.4907
406.4907
406.4907
406.4907
399.4328
399.4328
399.4328
399.4328
399.4328
399.5401
399.5401
399.5401
399.5401
399.5401
406.0461
406.0461
406.0461
406.0461
406.0461
409.0429
409.0429
409.0429
409.0429
409.0429
408.9569
408.9569
408.9569
408.9569
408.9569
405.8208
405.8208
405.8208
405.8208
405.8208
398.6686
398.6686
398.6686
398.6686
398.6686
398.4083
398.4083
398.4083
398.4083
398.4083
405.6068
405.6068
405.6068
405.6068
405.6068
408.6635
408.6635
408.6635
408.6635
408.6635
408.6193
408.6193
408.6193
408.6193
408.6193
405.4997
405.4997
405.4997
405.4997
405.4997
398.3673
398.3673
398.3673
398.3673
398.3673
398.4258
398.4258
398.4258
398.4258
398.4258
405.6182
405.6182
405.6182
405.6182
405.6182
408.6893
408.6893
408.6893
408.6893
408.6893
408.6885
408.6885
408.6885
408.6885
408.6885
406.05
406.05
406.05
406.05
406.05
398.799
398.799
398.799
398.799
398.799
398.8144
398.8144
398.8144
398.8144
398.8144
405.9096
405.9096
405.9096
405.9096
405.9096
409.0502
409.0502
409.0502
409.0502
409.0502
410.2293
410.2293
410.2293
410.2293
410.2293
407.1761
407.1761
407.1761
407.1761
407.1761
399.8937
399.8937
399.8937
399.8937
399.8937
399.8856
399.8856
399.8856
399.8856
399.8856
406.9587
406.9587
406.9587
406.9587
406.9587
410.8693
410.8693
410.8693
410.8693
410.8693
410.5888
410.5888
410.5888
410.5888
410.5888
406.2602
406.2602
406.2602
406.2602
406.2602
396.9031
396.9031
396.9031
396.9031
396.9031
393.5414
393.5414
393.5414
393.5414
393.5414
393.0153
393.0153
393.0153
393.0153
393.0153
396.5967
396.5967
396.5967
396.5967
396.5967
406.1301
406.1301
406.1301
406.1301
406.1301
410.454
410.454
410.454
410.454
410.454
410.6291
410.6291
410.6291
410.6291
410.6291
406.6582
406.6582
406.6582
406.6582
406.6582
399.5376
399.5376
399.5376
399.5376
399.5376
399.652
399.652
399.652
399.652
399.652
407.0105
407.0105
407.0105
407.0105
407.0105
410.0778
410.0778
410.0778
410.0778
410.0778
408.8474
408.8474
408.8474
408.8474
408.8474
405.5938
405.5938
405.5938
405.5938
405.5938
398.4729
398.4729
398.4729
398.4729
398.4729
398.5753
398.5753
398.5753
398.5753
398.5753
405.9031
405.9031
405.9031
405.9031
405.9031
408.5907
408.5907
408.5907
408.5907
408.5907
408.5057
408.5057
408.5057
408.5057
408.5057
405.2769
405.2769
405.2769
405.2769
405.2769
398.1105
398.1105
398.1105
398.1105
398.1105
398.1875
398.1875
398.1875
398.1875
398.1875
405.4355
405.4355
405.4355
405.4355
405.4355
408.5403
408.5403
408.5403
408.5403
408.5403
408.4953
408.4953
408.4953
408.4953
408.4953
405.3272
405.3272
405.3272
405.3272
405.3272
398.1029
398.1029
398.1029
398.1029
398.1029
398.4324
398.4324
398.4324
398.4324
398.4324
405.6483
405.6483
405.6483
405.6483
405.6483
408.8145
408.8145
408.8145
408.8145
408.8145
408.8104
408.8104
408.8104
408.8104
408.8104
405.6619
405.6619
405.6619
405.6619
405.6619
399.0803
399.0803
399.0803
399.0803
399.0803
399.1021
399.1021
399.1021
399.1021
399.1021
406.2783
406.2783
406.2783
406.2783
406.2783
409.4705
409.4705
409.4705
409.4705
409.4705
409.4952
409.4952
409.4952
409.4952
409.4952
406.3514
406.3514
406.3514
406.3514
406.3514
399.0414
399.0414
399.0414
399.0414
399.0414
399.0415
399.0415
399.0415
399.0415
399.0415
406.1808
406.1808
406.1808
406.1808
406.1808
409.332
409.332
409.332
409.332
409.332
408.2857
408.2857
408.2857
408.2857
408.2857
403.8452
403.8452
403.8452
403.8452
403.8452
394.3716
394.3716
394.3716
394.3716
394.3716
390.9914
390.9914
390.9914
390.9914
390.9914
390.2378
390.2378
390.2378
390.2378
390.2378
393.5418
393.5418
393.5418
393.5418
393.5418
403.1384
403.1384
403.1384
403.1384
403.1384
407.5622
407.5622
407.5622
407.5622
407.5622
407.7835
407.7835
407.7835
407.7835
407.7835
404.5134
404.5134
404.5134
404.5134
404.5134
397.3717
397.3717
397.3717
397.3717
397.3717
397.4774
397.4774
397.4774
397.4774
397.4774
404.8173
404.8173
404.8173
404.8173
404.8173
407.9431
407.9431
407.9431
407.9431
407.9431
407.8461
407.8461
407.8461
407.8461
407.8461
404.875
404.875
404.875
404.875
404.875
397.6916
397.6916
397.6916
397.6916
397.6916
397.7772
397.7772
397.7772
397.7772
397.7772
405.0662
405.0662
405.0662
405.0662
405.0662
408.2414
408.2414
408.2414
408.2414
408.2414
408.8774
408.8774
408.8774
408.8774
408.8774
405.5714
405.5714
405.5714
405.5714
405.5714
398.4015
398.4015
398.4015
398.4015
398.4015
398.4841
398.4841
398.4841
398.4841
398.4841
405.7979
405.7979
405.7979
405.7979
405.7979
408.9479
408.9479
408.9479
408.9479
408.9479
408.9024
408.9024
408.9024
408.9024
408.9024
405.6848
405.6848
405.6848
405.6848
405.6848
398.4182
398.4182
398.4182
398.4182
398.4182
398.4611
398.4611
398.4611
398.4611
398.4611
404.9642
404.9642
404.9642
404.9642
404.9642
408.2021
408.2021
408.2021
408.2021
408.2021
408.1869
408.1869
408.1869
408.1869
408.1869
404.9474
404.9474
404.9474
404.9474
404.9474
397.7059
397.7059
397.7059
397.7059
397.7059
397.4538
397.4538
397.4538
397.4538
397.4538
404.6798
404.6798
404.6798
404.6798
404.6798
407.8776
407.8776
407.8776
407.8776
407.8776
407.8839
407.8839
407.8839
407.8839
407.8839
404.692
404.692
404.692
404.692
404.692
397.3924
397.3924
397.3924
397.3924
397.3924
397.401
397.401
397.401
397.401
397.401
404.5657
404.5657
404.5657
404.5657
404.5657
407.737
407.737
407.737
407.737
407.737
407.3687
407.3687
407.3687
407.3687
407.3687
403.1026
403.1026
403.1026
403.1026
403.1026
393.5251
393.5251
393.5251
393.5251
393.5251
390.1186
390.1186
390.1186
390.1186
390.1186
389.4621
389.4621
389.4621
389.4621
389.4621
393.0822
393.0822
393.0822
393.0822
393.0822
403.465
403.465
403.465
403.465
403.465
408.0028
408.0028
408.0028
408.0028
408.0028
408.2675
408.2675
408.2675
408.2675
408.2675
404.9653
404.9653
404.9653
404.9653
404.9653
397.8044
397.8044
397.8044
397.8044
397.8044
397.9037
397.9037
397.9037
397.9037
397.9037
405.253
405.253
405.253
405.253
405.253
408.4328
408.4328
408.4328
408.4328
408.4328
408.3503
408.3503
408.3503
408.3503
408.3503
405.0758
405.0758
405.0758
405.0758
405.0758
397.1828
397.1828
397.1828
397.1828
397.1828
397.2137
397.2137
397.2137
397.2137
397.2137
404.4317
404.4317
404.4317
404.4317
404.4317
407.6903
407.6903
407.6903
407.6903
407.6903
407.6342
407.6342
407.6342
407.6342
407.6342
404.006
404.006
404.006
404.006
404.006
396.8477
396.8477
396.8477
396.8477
396.8477
396.9293
396.9293
396.9293
396.9293
396.9293
404.2173
404.2173
404.2173
404.2173
404.2173
407.4142
407.4142
407.4142
407.4142
407.4142
407.3686
407.3686
407.3686
407.3686
407.3686
404.1075
404.1075
404.1075
404.1075
404.1075
396.8666
396.8666
396.8666
396.8666
396.8666
396.9106
396.9106
396.9106
396.9106
396.9106
404.1176
404.1176
404.1176
404.1176
404.1176
407.6817
407.6817
407.6817
407.6817
407.6817
407.6443
407.6443
407.6443
407.6443
407.6443
404.321
404.321
404.321
404.321
404.321
397.1508
397.1508
397.1508
397.1508
397.1508
397.2458
397.2458
397.2458
397.2458
397.2458
405.1861
405.1861
405.1861
405.1861
405.1861
408.3943
408.3943
408.3943
408.3943
408.3943
408.3838
408.3838
408.3838
408.3838
408.3838
405.1363
405.1363
405.1363
405.1363
405.1363
397.8301
397.8301
397.8301
397.8301
397.8301
397.8462
397.8462
397.8462
397.8462
397.8462
405.0337
405.0337
405.0337
405.0337
405.0337
408.2335
408.2335
408.2335
408.2335
408.2335
407.8198
407.8198
407.8198
407.8198
407.8198
403.1469
403.1469
403.1469
403.1469
403.1469
392.7897
392.7897
392.7897
392.7897
392.7897
389.3607
389.3607
389.3607
389.3607
389.3607
388.7848
388.7848
388.7848
388.7848
388.7848
392.4129
392.4129
392.4129
392.4129
392.4129
402.1179
402.1179
402.1179
402.1179
402.1179
406.4716
406.4716
406.4716
406.4716
406.4716
406.7852
406.7852
406.7852
406.7852
406.7852
403.4747
403.4747
403.4747
403.4747
403.4747
396.3399
396.3399
396.3399
396.3399
396.3399
396.4329
396.4329
396.4329
396.4329
396.4329
403.7386
403.7386
403.7386
403.7386
403.7386
406.9572
406.9572
406.9572
406.9572
406.9572
406.8928
406.8928
406.8928
406.8928
406.8928
403.6234
403.6234
403.6234
403.6234
403.6234
396.4758
396.4758
396.4758
396.4758
396.4758
396.741
396.741
396.741
396.741
396.741
403.8661
403.8661
403.8661
403.8661
403.8661
407.1967
407.1967
407.1967
407.1967
407.1967
407.1659
407.1659
407.1659
407.1659
407.1659
403.8177
403.8177
403.8177
403.8177
403.8177
397.3615
397.3615
397.3615
397.3615
397.3615
397.4399
397.4399
397.4399
397.4399
397.4399
404.7109
404.7109
404.7109
404.7109
404.7109
407.9564
407.9564
407.9564
407.9564
407.9564
407.9103
407.9103
407.9103
407.9103
407.9103
404.6035
404.6035
404.6035
404.6035
404.6035
397.3802
397.3802
397.3802
397.3802
397.3802
397.4284
397.4284
397.4284
397.4284
397.4284
404.6448
404.6448
404.6448
404.6448
404.6448
407.9322
407.9322
407.9322
407.9322
407.9322
407.1592
407.1592
407.1592
407.1592
407.1592
403.7642
403.7642
403.7642
403.7642
403.7642
396.6867
396.6867
396.6867
396.6867
396.6867
396.8385
396.8385
396.8385
396.8385
396.8385
404.037
404.037
404.037
404.037
404.037
406.9489
406.9489
406.9489
406.9489
406.9489
406.9199
406.9199
406.9199
406.9199
406.9199
403.6334
403.6334
403.6334
403.6334
403.6334
396.3719
396.3719
396.3719
396.3719
396.3719
396.394
396.394
396.394
396.394
396.394
403.5574
403.5574
403.5574
403.5574
403.5574
406.7644
406.7644
406.7644
406.7644
406.7644
406.3015
406.3015
406.3015
406.3015
406.3015
401.523
401.523
401.523
401.523
401.523
391.848
391.848
391.848
391.848
391.848
388.7019
388.7019
388.7019
388.7019
388.7019
388.1948
388.1948
388.1948
388.1948
388.1948
391.836
391.836
391.836
391.836
391.836
401.5755
401.5755
401.5755
401.5755
401.5755
406.3056
406.3056
406.3056
406.3056
406.3056
407.3884
407.3884
407.3884
407.3884
407.3884
404.0917
404.0917
404.0917
404.0917
404.0917
396.9351
396.9351
396.9351
396.9351
396.9351
397.0171
397.0171
397.0171
397.0171
397.0171
404.2816
404.2816
404.2816
404.2816
404.2816
407.5661
407.5661
407.5661
407.5661
407.5661
407.5228
407.5228
407.5228
407.5228
407.5228
404.2492
404.2492
404.2492
404.2492
404.2492
397.1213
397.1213
397.1213
397.1213
397.1213
397.0548
397.0548
397.0548
397.0548
397.0548
403.4157
403.4157
403.4157
403.4157
403.4157
406.787
406.787
406.787
406.787
406.787
406.7781
406.7781
406.7781
406.7781
406.7781
403.435
403.435
403.435
403.435
403.435
396.2748
396.2748
396.2748
396.2748
396.2748
396.066
396.066
396.066
396.066
396.066
403.2838
403.2838
403.2838
403.2838
403.2838
406.557
406.557
406.557
406.557
406.557
406.5111
406.5111
406.5111
406.5111
406.5111
403.1733
403.1733
403.1733
403.1733
403.1733
396.0251
396.0251
396.0251
396.0251
396.0251
396.0795
396.0795
396.0795
396.0795
396.0795
403.2819
403.2819
403.2819
403.2819
403.2819
406.5584
406.5584
406.5584
406.5584
406.5584
406.4764
406.4764
406.4764
406.4764
406.4764
403.4336
403.4336
403.4336
403.4336
403.4336
396.4269
396.4269
396.4269
396.4269
396.4269
396.6202
396.6202
396.6202
396.6202
396.6202
403.7863
403.7863
403.7863
403.7863
403.7863
406.9905
406.9905
406.9905
406.9905
406.9905
408.0454
408.0454
408.0454
408.0454
408.0454
404.703
404.703
404.703
404.703
404.703
397.4735
397.4735
397.4735
397.4735
397.4735
397.5072
397.5072
397.5072
397.5072
397.5072
404.6963
404.6963
404.6963
404.6963
404.6963
408.6042
408.6042
408.6042
408.6042
408.6042
408.0885
408.0885
408.0885
408.0885
408.0885
403.2082
403.2082
403.2082
403.2082
403.2082
393.4567
393.4567
393.4567
393.4567
393.4567
389.9947
389.9947
389.9947
389.9947
389.9947
389.9403
389.9403
389.9403
389.9403
389.9403
393.5867
393.5867
393.5867
393.5867
393.5867
403.3397
403.3397
403.3397
403.3397
403.3397
408.2112
408.2112
408.2112
408.2112
408.2112
408.641
408.641
408.641
408.641
408.641
404.7005
404.7005
404.7005
404.7005
404.7005
397.5545
397.5545
397.5545
397.5545
397.5545
397.6041
397.6041
397.6041
397.6041
397.6041
404.7629
404.7629
404.7629
404.7629
404.7629
408.1117
408.1117
408.1117
408.1117
408.1117
406.938
406.938
406.938
406.938
406.938
403.6669
403.6669
403.6669
403.6669
403.6669
396.5554
396.5554
396.5554
396.5554
396.5554
396.4918
396.4918
396.4918
396.4918
396.4918
403.4714
403.4714
403.4714
403.4714
403.4714
406.4754
406.4754
406.4754
406.4754
406.4754
406.4884
406.4884
406.4884
406.4884
406.4884
403.1436
403.1436
403.1436
403.1436
403.1436
396.0105
396.0105
396.0105
396.0105
396.0105
396.0734
396.0734
396.0734
396.0734
396.0734
403.1799
403.1799
403.1799
403.1799
403.1799
406.5055
406.5055
406.5055
406.5055
406.5055
406.4593
406.4593
406.4593
406.4593
406.4593
403.0692
403.0692
403.0692
403.0692
403.0692
395.982
395.982
395.982
395.982
395.982
396.3088
396.3088
396.3088
396.3088
396.3088
403.4919
403.4919
403.4919
403.4919
403.4919
406.7731
406.7731
406.7731
406.7731
406.7731
406.6677
406.6677
406.6677
406.6677
406.6677
403.1921
403.1921
403.1921
403.1921
403.1921
396.914
396.914
396.914
396.914
396.914
397.1058
397.1058
397.1058
397.1058
397.1058
404.2706
404.2706
404.2706
404.2706
404.2706
407.4782
407.4782
407.4782
407.4782
407.4782
407.388
407.388
407.388
407.388
407.388
403.9683
403.9683
403.9683
403.9683
403.9683
396.8611
396.8611
396.8611
396.8611
396.8611
396.9265
396.9265
396.9265
396.9265
396.9265
404.0878
404.0878
404.0878
404.0878
404.0878
407.2482
407.2482
407.2482
407.2482
407.2482
405.9821
405.9821
405.9821
405.9821
405.9821
400.9941
400.9941
400.9941
400.9941
400.9941
391.3072
391.3072
391.3072
391.3072
391.3072
387.8703
387.8703
387.8703
387.8703
387.8703
387.4613
387.4613
387.4613
387.4613
387.4613
390.808
390.808
390.808
390.808
390.808
400.4753
400.4753
400.4753
400.4753
400.4753
405.4376
405.4376
405.4376
405.4376
405.4376
405.9391
405.9391
405.9391
405.9391
405.9391
402.7208
402.7208
402.7208
402.7208
402.7208
395.6553
395.6553
395.6553
395.6553
395.6553
395.6412
395.6412
395.6412
395.6412
395.6412
402.6427
402.6427
402.6427
402.6427
402.6427
406.0463
406.0463
406.0463
406.0463
406.0463
406.0786
406.0786
406.0786
406.0786
406.0786
403.0884
403.0884
403.0884
403.0884
403.0884
396.0095
396.0095
396.0095
396.0095
396.0095
395.941
395.941
395.941
395.941
395.941
402.8471
402.8471
402.8471
402.8471
402.8471
406.2761
406.2761
406.2761
406.2761
406.2761
406.9773
406.9773
406.9773
406.9773
406.9773
403.6384
403.6384
403.6384
403.6384
403.6384
396.5246
396.5246
396.5246
396.5246
396.5246
396.5704
396.5704
396.5704
396.5704
396.5704
403.6273
403.6273
403.6273
403.6273
403.6273
406.9949
406.9949
406.9949
406.9949
406.9949
406.9483
406.9483
406.9483
406.9483
406.9483
403.5145
403.5145
403.5145
403.5145
403.5145
396.5054
396.5054
396.5054
396.5054
396.5054
396.5873
396.5873
396.5873
396.5873
396.5873
403.0759
403.0759
403.0759
403.0759
403.0759
406.3455
406.3455
406.3455
406.3455
406.3455
406.2211
406.2211
406.2211
406.2211
406.2211
402.7269
402.7269
402.7269
402.7269
402.7269
395.8701
395.8701
395.8701
395.8701
395.8701
395.7944
395.7944
395.7944
395.7944
395.7944
402.9151
402.9151
402.9151
402.9151
402.9151
406.111
406.111
406.111
406.111
406.111
405.9856
405.9856
405.9856
405.9856
405.9856
402.5149
402.5149
402.5149
402.5149
402.5149
395.5535
395.5535
395.5535
395.5535
395.5535
395.6816
395.6816
395.6816
395.6816
395.6816
402.7696
402.7696
402.7696
402.7696
402.7696
405.8839
405.8839
405.8839
405.8839
405.8839
405.2307
405.2307
405.2307
405.2307
405.2307
400.4066
400.4066
400.4066
400.4066
400.4066
390.7615
390.7615
390.7615
390.7615
390.7615
387.338
387.338
387.338
387.338
387.338
386.9493
386.9493
386.9493
386.9493
386.9493
390.4978
390.4978
390.4978
390.4978
390.4978
400.6374
400.6374
400.6374
400.6374
400.6374
405.8425
405.8425
405.8425
405.8425
405.8425
406.4739
406.4739
406.4739
406.4739
406.4739
403.2847
403.2847
403.2847
403.2847
403.2847
396.2518
396.2518
396.2518
396.2518
396.2518
396.2175
396.2175
396.2175
396.2175
396.2175
402.9926
402.9926
402.9926
402.9926
402.9926
406.5322
406.5322
406.5322
406.5322
406.5322
406.6154
406.6154
406.6154
406.6154
406.6154
403.2913
403.2913
403.2913
403.2913
403.2913
395.6313
395.6313
395.6313
395.6313
395.6313
395.5852
395.5852
395.5852
395.5852
395.5852
402.3337
402.3337
402.3337
402.3337
402.3337
405.8345
405.8345
405.8345
405.8345
405.8345
405.8863
405.8863
405.8863
405.8863
405.8863
402.2285
402.2285
402.2285
402.2285
402.2285
395.2498
395.2498
395.2498
395.2498
395.2498
395.2843
395.2843
395.2843
395.2843
395.2843
402.1449
402.1449
402.1449
402.1449
402.1449
405.5964
405.5964
405.5964
405.5964
405.5964
405.5497
405.5497
405.5497
405.5497
405.5497
402.0335
402.0335
402.0335
402.0335
402.0335
395.2205
395.2205
395.2205
395.2205
395.2205
395.3136
395.3136
395.3136
395.3136
395.3136
402.3414
402.3414
402.3414
402.3414
402.3414
405.9342
405.9342
405.9342
405.9342
405.9342
405.7865
405.7865
405.7865
405.7865
405.7865
402.2203
402.2203
402.2203
402.2203
402.2203
395.5216
395.5216
395.5216
395.5216
395.5216
395.6967
395.6967
395.6967
395.6967
395.6967
403.4043
403.4043
403.4043
403.4043
403.4043
406.6597
406.6597
406.6597
406.6597
406.6597
406.4812
406.4812
406.4812
406.4812
406.4812
402.874
402.874
402.874
402.874
402.874
396.1405
396.1405
396.1405
396.1405
396.1405
396.2899
396.2899
396.2899
396.2899
396.2899
403.347
403.347
403.347
403.347
403.347
406.4299
406.4299
406.4299
406.4299
406.4299
405.6446
405.6446
405.6446
405.6446
405.6446
400.3059
400.3059
400.3059
400.3059
400.3059
390.198
390.198
390.198
390.198
390.198
386.8464
386.8464
386.8464
386.8464
386.8464
386.4318
386.4318
386.4318
386.4318
386.4318
389.8148
389.8148
389.8148
389.8148
389.8148
398.8578
398.8578
398.8578
398.8578
398.8578
404.2331
404.2331
404.2331
404.2331
404.2331
405.07
405.07
405.07
405.07
405.07
401.8396
401.8396
401.8396
401.8396
401.8396
394.9753
394.9753
394.9753
394.9753
394.9753
394.9227
394.9227
394.9227
394.9227
394.9227
401.3381
401.3381
401.3381
401.3381
401.3381
405.0761
405.0761
405.0761
405.0761
405.0761
405.2142
405.2142
405.2142
405.2142
405.2142
401.749
401.749
401.749
401.749
401.749
394.9908
394.9908
394.9908
394.9908
394.9908
395.2268
395.2268
395.2268
395.2268
395.2268
401.7077
401.7077
401.7077
401.7077
401.7077
405.3631
405.3631
405.3631
405.3631
405.3631
405.433
405.433
405.433
405.433
405.433
401.898
401.898
401.898
401.898
401.898
395.8361
395.8361
395.8361
395.8361
395.8361
395.8633
395.8633
395.8633
395.8633
395.8633
402.4648
402.4648
402.4648
402.4648
402.4648
406.0765
406.0765
406.0765
406.0765
406.0765
406.0291
406.0291
406.0291
406.0291
406.0291
402.354
402.354
402.354
402.354
402.354
395.801
395.801
395.801
395.801
395.801
395.9022
395.9022
395.9022
395.9022
395.9022
402.6845
402.6845
402.6845
402.6845
402.6845
406.158
406.158
406.158
406.158
406.158
405.3228
405.3228
405.3228
405.3228
405.3228
401.6021
401.6021
401.6021
401.6021
401.6021
395.1711
395.1711
395.1711
395.1711
395.1711
395.3362
395.3362
395.3362
395.3362
395.3362
402.1459
402.1459
402.1459
402.1459
402.1459
405.27
405.27
405.27
405.27
405.27
405.0353
405.0353
405.0353
405.0353
405.0353
401.2295
401.2295
401.2295
401.2295
401.2295
394.8559
394.8559
394.8559
394.8559
394.8559
395.0232
395.0232
395.0232
395.0232
395.0232
401.9125
401.9125
401.9125
401.9125
401.9125
405.035
405.035
405.035
405.035
405.035
404.0427
404.0427
404.0427
404.0427
404.0427
398.2648
398.2648
398.2648
398.2648
398.2648
389.2593
389.2593
389.2593
389.2593
389.2593
386.3461
386.3461
386.3461
386.3461
386.3461
385.851
385.851
385.851
385.851
385.851
389.0586
389.0586
389.0586
389.0586
389.0586
397.7009
397.7009
397.7009
397.7009
397.7009
403.768
403.768
403.768
403.768
403.768
405.5269
405.5269
405.5269
405.5269
405.5269
402.1975
402.1975
402.1975
402.1975
402.1975
395.5328
395.5328
395.5328
395.5328
395.5328
395.4568
395.4568
395.4568
395.4568
395.4568
401.5443
401.5443
401.5443
401.5443
401.5443
405.4957
405.4957
405.4957
405.4957
405.4957
405.6853
405.6853
405.6853
405.6853
405.6853
402.0444
402.0444
402.0444
402.0444
402.0444
395.5324
395.5324
395.5324
395.5324
395.5324
395.499
395.499
395.499
395.499
395.499
401.048
401.048
401.048
401.048
401.048
404.8762
404.8762
404.8762
404.8762
404.8762
404.9588
404.9588
404.9588
404.9588
404.9588
401.2448
401.2448
401.2448
401.2448
401.2448
394.8091
394.8091
394.8091
394.8091
394.8091
394.5713
394.5713
394.5713
394.5713
394.5713
400.8795
400.8795
400.8795
400.8795
400.8795
404.6498
404.6498
404.6498
404.6498
404.6498
404.6012
404.6012
404.6012
404.6012
404.6012
400.7654
400.7654
400.7654
400.7654
400.7654
394.5345
394.5345
394.5345
394.5345
394.5345
394.6396
394.6396
394.6396
394.6396
394.6396
401.121
401.121
401.121
401.121
401.121
404.7669
404.7669
404.7669
404.7669
404.7669
404.5878
404.5878
404.5878
404.5878
404.5878
401.0974
401.0974
401.0974
401.0974
401.0974
394.9501
394.9501
394.9501
394.9501
394.9501
395.113
395.113
395.113
395.113
395.113
401.6671
401.6671
401.6671
401.6671
401.6671
405.236
405.236
405.236
405.236
405.236
406.1073
406.1073
406.1073
406.1073
406.1073
402.0895
402.0895
402.0895
402.0895
402.0895
396.0366
396.0366
396.0366
396.0366
396.0366
396.2289
396.2289
396.2289
396.2289
396.2289
402.9251
402.9251
402.9251
402.9251
402.9251
406.8138
406.8138
406.8138
406.8138
406.8138
405.572
405.572
405.572
405.572
405.572
399.3535
399.3535
399.3535
399.3535
399.3535
390.714
390.714
390.714
390.714
390.714
387.699
387.699
387.699
387.699
387.699
387.2877
387.2877
387.2877
387.2877
387.2877
389.9494
389.9494
389.9494
389.9494
389.9494
397.1661
397.1661
397.1661
397.1661
397.1661
404.852
404.852
404.852
404.852
404.852
406.2287
406.2287
406.2287
406.2287
406.2287
401.6372
401.6372
401.6372
401.6372
401.6372
395.9161
395.9161
395.9161
395.9161
395.9161
395.7925
395.7925
395.7925
395.7925
395.7925
400.7885
400.7885
400.7885
400.7885
400.7885
405.5379
405.5379
405.5379
405.5379
405.5379
404.5373
404.5373
404.5373
404.5373
404.5373
400.1674
400.1674
400.1674
400.1674
400.1674
394.6912
394.6912
394.6912
394.6912
394.6912
394.6543
394.6543
394.6543
394.6543
394.6543
399.8404
399.8404
399.8404
399.8404
399.8404
403.9718
403.9718
403.9718
403.9718
403.9718
404.0475
404.0475
404.0475
404.0475
404.0475
399.5876
399.5876
399.5876
399.5876
399.5876
394.2042
394.2042
394.2042
394.2042
394.2042
394.2266
394.2266
394.2266
394.2266
394.2266
399.4822
399.4822
399.4822
399.4822
399.4822
403.9779
403.9779
403.9779
403.9779
403.9779
403.9256
403.9256
403.9256
403.9256
403.9256
399.3655
399.3655
399.3655
399.3655
399.3655
394.1276
394.1276
394.1276
394.1276
394.1276
394.484
394.484
394.484
394.484
394.484
399.9225
399.9225
399.9225
399.9225
399.9225
404.3192
404.3192
404.3192
404.3192
404.3192
404.139
404.139
404.139
404.139
404.139
399.5175
399.5175
399.5175
399.5175
399.5175
395.0126
395.0126
395.0126
395.0126
395.0126
395.177
395.177
395.177
395.177
395.177
400.7098
400.7098
400.7098
400.7098
400.7098
405.0163
405.0163
405.0163
405.0163
405.0163
404.7031
404.7031
404.7031
404.7031
404.7031
399.887
399.887
399.887
399.887
399.887
394.9448
394.9448
394.9448
394.9448
394.9448
395.1806
395.1806
395.1806
395.1806
395.1806
400.9141
400.9141
400.9141
400.9141
400.9141
404.7089
404.7089
404.7089
404.7089
404.7089
402.5045
402.5045
402.5045
402.5045
402.5045
394.7358
394.7358
394.7358
394.7358
394.7358
387.6098
387.6098
387.6098
387.6098
387.6098
385.1753
385.1753
385.1753
385.1753
385.1753
383.9129
383.9129
383.9129
383.9129
383.9129
385.697
385.697
385.697
385.697
385.697
391.201
391.201
391.201
391.201
391.201
399.7843
399.7843
399.7843
399.7843
399.7843
401.5504
401.5504
401.5504
401.5504
401.5504
397.3413
397.3413
397.3413
397.3413
397.3413
392.9701
392.9701
392.9701
392.9701
392.9701
392.8183
392.8183
392.8183
392.8183
392.8183
396.5656
396.5656
396.5656
396.5656
396.5656
401.5784
401.5784
401.5784
401.5784
401.5784
401.7916
401.7916
401.7916
401.7916
401.7916
397.3244
397.3244
397.3244
397.3244
397.3244
393.1527
393.1527
393.1527
393.1527
393.1527
393.122
393.122
393.122
393.122
393.122
397.0958
397.0958
397.0958
397.0958
397.0958
401.9333
401.9333
401.9333
401.9333
401.9333
402.6382
402.6382
402.6382
402.6382
402.6382
397.8314
397.8314
397.8314
397.8314
397.8314
393.7221
393.7221
393.7221
393.7221
393.7221
393.7495
393.7495
393.7495
393.7495
393.7495
397.8229
397.8229
397.8229
397.8229
397.8229
402.6151
402.6151
402.6151
402.6151
402.6151
402.5617
402.5617
402.5617
402.5617
402.5617
397.7054
397.7054
397.7054
397.7054
397.7054
393.6858
393.6858
393.6858
393.6858
393.6858
393.7835
393.7835
393.7835
393.7835
393.7835
397.3009
397.3009
397.3009
397.3009
397.3009
402.0393
402.0393
402.0393
402.0393
402.0393
401.8713
401.8713
401.8713
401.8713
401.8713
396.9722
396.9722
396.9722
396.9722
396.9722
393.0514
393.0514
393.0514
393.0514
393.0514
392.9435
392.9435
392.9435
392.9435
392.9435
397.1641
397.1641
397.1641
397.1641
397.1641
401.8265
401.8265
401.8265
401.8265
401.8265
401.5052
401.5052
401.5052
401.5052
401.5052
396.4261
396.4261
396.4261
396.4261
396.4261
392.7223
392.7223
392.7223
392.7223
392.7223
392.9806
392.9806
392.9806
392.9806
392.9806
397.3697
397.3697
397.3697
397.3697
397.3697
401.4614
401.4614
401.4614
401.4614
401.4614
399.5242
399.5242
399.5242
399.5242
399.5242
391.0977
391.0977
391.0977
391.0977
391.0977
385.6581
385.6581
385.6581
385.6581
385.6581
383.8308
383.8308
383.8308
383.8308
383.8308
)
;

boundaryField
{
    electrolyteSides
    {
        type            zeroGradient;
    }
    electrolyte_to_fuel
    {
        type            zeroGradient;
    }
    electrolyte_to_air
    {
        type            zeroGradient;
    }
}


// ************************************************************************* //
