/*--------------------------------*- C++ -*----------------------------------*\
| =========                 |                                                 |
| \\      /  F ield         | OpenFOAM: The Open Source CFD Toolbox           |
|  \\    /   O peration     | Version:  4.0                                   |
|   \\  /    A nd           | Web:      www.OpenFOAM.org                      |
|    \\/     M anipulation  |                                                 |
\*---------------------------------------------------------------------------*/
FoamFile
{
    version     2.0;
    format      ascii;
    class       volScalarField;
    location    "120/electrolyte";
    object      i0A;
}
// * * * * * * * * * * * * * * * * * * * * * * * * * * * * * * * * * * * * * //

dimensions      [0 -2 0 0 0 1 0];

internalField   nonuniform List<scalar> 
4840
(
94.37428
94.37428
94.37428
94.37428
94.37428
94.34598
94.34598
94.34598
94.34598
94.34598
94.24977
94.24977
94.24977
94.24977
94.24977
94.19559
94.19559
94.19559
94.19559
94.19559
94.19237
94.19237
94.19237
94.19237
94.19237
94.2381
94.2381
94.2381
94.2381
94.2381
94.32102
94.32102
94.32102
94.32102
94.32102
94.32035
94.32035
94.32035
94.32035
94.32035
94.23527
94.23527
94.23527
94.23527
94.23527
94.18689
94.18689
94.18689
94.18689
94.18689
94.18628
94.18628
94.18628
94.18628
94.18628
94.23331
94.23331
94.23331
94.23331
94.23331
94.31675
94.31675
94.31675
94.31675
94.31675
94.31659
94.31659
94.31659
94.31659
94.31659
94.23265
94.23265
94.23265
94.23265
94.23265
94.18499
94.18499
94.18499
94.18499
94.18499
94.18475
94.18475
94.18475
94.18475
94.18475
94.23182
94.23182
94.23182
94.23182
94.23182
94.3151
94.3151
94.3151
94.3151
94.3151
94.31506
94.31506
94.31506
94.31506
94.31506
94.23163
94.23163
94.23163
94.23163
94.23163
94.18437
94.18437
94.18437
94.18437
94.18437
94.18437
94.18437
94.18437
94.18437
94.18437
94.23162
94.23162
94.23162
94.23162
94.23162
94.31505
94.31505
94.31505
94.31505
94.31505
94.31512
94.31512
94.31512
94.31512
94.31512
94.23185
94.23185
94.23185
94.23185
94.23185
94.18477
94.18477
94.18477
94.18477
94.18477
94.18502
94.18502
94.18502
94.18502
94.18502
94.23266
94.23266
94.23266
94.23266
94.23266
94.31662
94.31662
94.31662
94.31662
94.31662
94.31679
94.31679
94.31679
94.31679
94.31679
94.23337
94.23337
94.23337
94.23337
94.23337
94.18632
94.18632
94.18632
94.18632
94.18632
94.18686
94.18686
94.18686
94.18686
94.18686
94.23522
94.23522
94.23522
94.23522
94.23522
94.32029
94.32029
94.32029
94.32029
94.32029
94.32095
94.32095
94.32095
94.32095
94.32095
94.23797
94.23797
94.23797
94.23797
94.23797
94.19217
94.19217
94.19217
94.19217
94.19217
94.19532
94.19532
94.19532
94.19532
94.19532
94.2495
94.2495
94.2495
94.2495
94.2495
94.34577
94.34577
94.34577
94.34577
94.34577
94.37409
94.37409
94.37409
94.37409
94.37409
94.38457
94.38457
94.38457
94.38457
94.38457
94.36791
94.36791
94.36791
94.36791
94.36791
94.31245
94.31245
94.31245
94.31245
94.31245
94.27553
94.27553
94.27553
94.27553
94.27553
94.2727
94.2727
94.2727
94.2727
94.2727
94.30259
94.30259
94.30259
94.30259
94.30259
94.34838
94.34838
94.34838
94.34838
94.34838
94.34767
94.34767
94.34767
94.34767
94.34767
94.29945
94.29945
94.29945
94.29945
94.29945
94.26685
94.26685
94.26685
94.26685
94.26685
94.26625
94.26625
94.26625
94.26625
94.26625
94.29748
94.29748
94.29748
94.29748
94.29748
94.34412
94.34412
94.34412
94.34412
94.34412
94.34393
94.34393
94.34393
94.34393
94.34393
94.29667
94.29667
94.29667
94.29667
94.29667
94.26476
94.26476
94.26476
94.26476
94.26476
94.26453
94.26453
94.26453
94.26453
94.26453
94.29587
94.29587
94.29587
94.29587
94.29587
94.34249
94.34249
94.34249
94.34249
94.34249
94.34243
94.34243
94.34243
94.34243
94.34243
94.29563
94.29563
94.29563
94.29563
94.29563
94.26409
94.26409
94.26409
94.26409
94.26409
94.26409
94.26409
94.26409
94.26409
94.26409
94.29563
94.29563
94.29563
94.29563
94.29563
94.34243
94.34243
94.34243
94.34243
94.34243
94.34248
94.34248
94.34248
94.34248
94.34248
94.29582
94.29582
94.29582
94.29582
94.29582
94.26448
94.26448
94.26448
94.26448
94.26448
94.26474
94.26474
94.26474
94.26474
94.26474
94.29666
94.29666
94.29666
94.29666
94.29666
94.34392
94.34392
94.34392
94.34392
94.34392
94.3441
94.3441
94.3441
94.3441
94.3441
94.29747
94.29747
94.29747
94.29747
94.29747
94.26624
94.26624
94.26624
94.26624
94.26624
94.26684
94.26684
94.26684
94.26684
94.26684
94.29942
94.29942
94.29942
94.29942
94.29942
94.34763
94.34763
94.34763
94.34763
94.34763
94.34834
94.34834
94.34834
94.34834
94.34834
94.30252
94.30252
94.30252
94.30252
94.30252
94.2726
94.2726
94.2726
94.2726
94.2726
94.27541
94.27541
94.27541
94.27541
94.27541
94.31235
94.31235
94.31235
94.31235
94.31235
94.36784
94.36784
94.36784
94.36784
94.36784
94.38451
94.38451
94.38451
94.38451
94.38451
94.39714
94.39714
94.39714
94.39714
94.39714
94.38873
94.38873
94.38873
94.38873
94.38873
94.36045
94.36045
94.36045
94.36045
94.36045
94.33774
94.33774
94.33774
94.33774
94.33774
94.33539
94.33539
94.33539
94.33539
94.33539
94.35251
94.35251
94.35251
94.35251
94.35251
94.37424
94.37424
94.37424
94.37424
94.37424
94.37354
94.37354
94.37354
94.37354
94.37354
94.34929
94.34929
94.34929
94.34929
94.34929
94.32953
94.32953
94.32953
94.32953
94.32953
94.32891
94.32891
94.32891
94.32891
94.32891
94.34728
94.34728
94.34728
94.34728
94.34728
94.36998
94.36998
94.36998
94.36998
94.36998
94.36977
94.36977
94.36977
94.36977
94.36977
94.34628
94.34628
94.34628
94.34628
94.34628
94.32712
94.32712
94.32712
94.32712
94.32712
94.32685
94.32685
94.32685
94.32685
94.32685
94.34541
94.34541
94.34541
94.34541
94.34541
94.36826
94.36826
94.36826
94.36826
94.36826
94.3682
94.3682
94.3682
94.3682
94.3682
94.34513
94.34513
94.34513
94.34513
94.34513
94.32633
94.32633
94.32633
94.32633
94.32633
94.32633
94.32633
94.32633
94.32633
94.32633
94.34513
94.34513
94.34513
94.34513
94.34513
94.3682
94.3682
94.3682
94.3682
94.3682
94.36826
94.36826
94.36826
94.36826
94.36826
94.3454
94.3454
94.3454
94.3454
94.3454
94.32684
94.32684
94.32684
94.32684
94.32684
94.32711
94.32711
94.32711
94.32711
94.32711
94.34627
94.34627
94.34627
94.34627
94.34627
94.36975
94.36975
94.36975
94.36975
94.36975
94.36997
94.36997
94.36997
94.36997
94.36997
94.34728
94.34728
94.34728
94.34728
94.34728
94.3289
94.3289
94.3289
94.3289
94.3289
94.32951
94.32951
94.32951
94.32951
94.32951
94.34927
94.34927
94.34927
94.34927
94.34927
94.37351
94.37351
94.37351
94.37351
94.37351
94.37421
94.37421
94.37421
94.37421
94.37421
94.35246
94.35246
94.35246
94.35246
94.35246
94.33532
94.33532
94.33532
94.33532
94.33532
94.33766
94.33766
94.33766
94.33766
94.33766
94.36038
94.36038
94.36038
94.36038
94.36038
94.38868
94.38868
94.38868
94.38868
94.38868
94.39709
94.39709
94.39709
94.39709
94.39709
94.41008
94.41008
94.41008
94.41008
94.41008
94.4069
94.4069
94.4069
94.4069
94.4069
94.39617
94.39617
94.39617
94.39617
94.39617
94.38401
94.38401
94.38401
94.38401
94.38401
94.38209
94.38209
94.38209
94.38209
94.38209
94.38999
94.38999
94.38999
94.38999
94.38999
94.39648
94.39648
94.39648
94.39648
94.39648
94.39582
94.39582
94.39582
94.39582
94.39582
94.38691
94.38691
94.38691
94.38691
94.38691
94.37652
94.37652
94.37652
94.37652
94.37652
94.37591
94.37591
94.37591
94.37591
94.37591
94.38494
94.38494
94.38494
94.38494
94.38494
94.39244
94.39244
94.39244
94.39244
94.39244
94.39223
94.39223
94.39223
94.39223
94.39223
94.38394
94.38394
94.38394
94.38394
94.38394
94.37407
94.37407
94.37407
94.37407
94.37407
94.3738
94.3738
94.3738
94.3738
94.3738
94.38308
94.38308
94.38308
94.38308
94.38308
94.3908
94.3908
94.3908
94.3908
94.3908
94.39075
94.39075
94.39075
94.39075
94.39075
94.38284
94.38284
94.38284
94.38284
94.38284
94.37332
94.37332
94.37332
94.37332
94.37332
94.37332
94.37332
94.37332
94.37332
94.37332
94.38284
94.38284
94.38284
94.38284
94.38284
94.39075
94.39075
94.39075
94.39075
94.39075
94.39081
94.39081
94.39081
94.39081
94.39081
94.38314
94.38314
94.38314
94.38314
94.38314
94.37385
94.37385
94.37385
94.37385
94.37385
94.37408
94.37408
94.37408
94.37408
94.37408
94.38393
94.38393
94.38393
94.38393
94.38393
94.39222
94.39222
94.39222
94.39222
94.39222
94.39244
94.39244
94.39244
94.39244
94.39244
94.38495
94.38495
94.38495
94.38495
94.38495
94.3759
94.3759
94.3759
94.3759
94.3759
94.37651
94.37651
94.37651
94.37651
94.37651
94.38689
94.38689
94.38689
94.38689
94.38689
94.39579
94.39579
94.39579
94.39579
94.39579
94.39646
94.39646
94.39646
94.39646
94.39646
94.38997
94.38997
94.38997
94.38997
94.38997
94.38206
94.38206
94.38206
94.38206
94.38206
94.38397
94.38397
94.38397
94.38397
94.38397
94.39612
94.39612
94.39612
94.39612
94.39612
94.40685
94.40685
94.40685
94.40685
94.40685
94.41005
94.41005
94.41005
94.41005
94.41005
94.42303
94.42303
94.42303
94.42303
94.42303
94.42316
94.42316
94.42316
94.42316
94.42316
94.4237
94.4237
94.4237
94.4237
94.4237
94.41874
94.41874
94.41874
94.41874
94.41874
94.41732
94.41732
94.41732
94.41732
94.41732
94.41919
94.41919
94.41919
94.41919
94.41919
94.41603
94.41603
94.41603
94.41603
94.41603
94.41543
94.41543
94.41543
94.41543
94.41543
94.4164
94.4164
94.4164
94.4164
94.4164
94.41233
94.41233
94.41233
94.41233
94.41233
94.41173
94.41173
94.41173
94.41173
94.41173
94.41452
94.41452
94.41452
94.41452
94.41452
94.41226
94.41226
94.41226
94.41226
94.41226
94.41202
94.41202
94.41202
94.41202
94.41202
94.41341
94.41341
94.41341
94.41341
94.41341
94.40976
94.40976
94.40976
94.40976
94.40976
94.40949
94.40949
94.40949
94.40949
94.40949
94.41256
94.41256
94.41256
94.41256
94.41256
94.41056
94.41056
94.41056
94.41056
94.41056
94.41048
94.41048
94.41048
94.41048
94.41048
94.41224
94.41224
94.41224
94.41224
94.41224
94.40891
94.40891
94.40891
94.40891
94.40891
94.40891
94.40891
94.40891
94.40891
94.40891
94.41223
94.41223
94.41223
94.41223
94.41223
94.41048
94.41048
94.41048
94.41048
94.41048
94.41054
94.41054
94.41054
94.41054
94.41054
94.41254
94.41254
94.41254
94.41254
94.41254
94.40947
94.40947
94.40947
94.40947
94.40947
94.40973
94.40973
94.40973
94.40973
94.40973
94.41339
94.41339
94.41339
94.41339
94.41339
94.41197
94.41197
94.41197
94.41197
94.41197
94.41221
94.41221
94.41221
94.41221
94.41221
94.41446
94.41446
94.41446
94.41446
94.41446
94.41168
94.41168
94.41168
94.41168
94.41168
94.41232
94.41232
94.41232
94.41232
94.41232
94.4164
94.4164
94.4164
94.4164
94.4164
94.41543
94.41543
94.41543
94.41543
94.41543
94.41604
94.41604
94.41604
94.41604
94.41604
94.41922
94.41922
94.41922
94.41922
94.41922
94.41738
94.41738
94.41738
94.41738
94.41738
94.41884
94.41884
94.41884
94.41884
94.41884
94.42379
94.42379
94.42379
94.42379
94.42379
94.42322
94.42322
94.42322
94.42322
94.42322
94.42309
94.42309
94.42309
94.42309
94.42309
94.43596
94.43596
94.43596
94.43596
94.43596
94.43826
94.43826
94.43826
94.43826
94.43826
94.44621
94.44621
94.44621
94.44621
94.44621
94.44618
94.44618
94.44618
94.44618
94.44618
94.4451
94.4451
94.4451
94.4451
94.4451
94.44295
94.44295
94.44295
94.44295
94.44295
94.43351
94.43351
94.43351
94.43351
94.43351
94.43297
94.43297
94.43297
94.43297
94.43297
94.44049
94.44049
94.44049
94.44049
94.44049
94.4407
94.4407
94.4407
94.4407
94.4407
94.4401
94.4401
94.4401
94.4401
94.4401
94.43867
94.43867
94.43867
94.43867
94.43867
94.43
94.43
94.43
94.43
94.43
94.42977
94.42977
94.42977
94.42977
94.42977
94.43761
94.43761
94.43761
94.43761
94.43761
94.43816
94.43816
94.43816
94.43816
94.43816
94.4379
94.4379
94.4379
94.4379
94.4379
94.43678
94.43678
94.43678
94.43678
94.43678
94.4284
94.4284
94.4284
94.4284
94.4284
94.42834
94.42834
94.42834
94.42834
94.42834
94.43649
94.43649
94.43649
94.43649
94.43649
94.43735
94.43735
94.43735
94.43735
94.43735
94.43735
94.43735
94.43735
94.43735
94.43735
94.43648
94.43648
94.43648
94.43648
94.43648
94.42833
94.42833
94.42833
94.42833
94.42833
94.42841
94.42841
94.42841
94.42841
94.42841
94.43679
94.43679
94.43679
94.43679
94.43679
94.43791
94.43791
94.43791
94.43791
94.43791
94.43816
94.43816
94.43816
94.43816
94.43816
94.4376
94.4376
94.4376
94.4376
94.4376
94.42978
94.42978
94.42978
94.42978
94.42978
94.43001
94.43001
94.43001
94.43001
94.43001
94.43869
94.43869
94.43869
94.43869
94.43869
94.4401
94.4401
94.4401
94.4401
94.4401
94.44066
94.44066
94.44066
94.44066
94.44066
94.44044
94.44044
94.44044
94.44044
94.44044
94.43292
94.43292
94.43292
94.43292
94.43292
94.43346
94.43346
94.43346
94.43346
94.43346
94.44289
94.44289
94.44289
94.44289
94.44289
94.44499
94.44499
94.44499
94.44499
94.44499
94.44603
94.44603
94.44603
94.44603
94.44603
94.44606
94.44606
94.44606
94.44606
94.44606
94.43813
94.43813
94.43813
94.43813
94.43813
94.43584
94.43584
94.43584
94.43584
94.43584
94.44851
94.44851
94.44851
94.44851
94.44851
94.45224
94.45224
94.45224
94.45224
94.45224
94.4651
94.4651
94.4651
94.4651
94.4651
94.46846
94.46846
94.46846
94.46846
94.46846
94.46771
94.46771
94.46771
94.46771
94.46771
94.46293
94.46293
94.46293
94.46293
94.46293
94.44936
94.44936
94.44936
94.44936
94.44936
94.44891
94.44891
94.44891
94.44891
94.44891
94.46082
94.46082
94.46082
94.46082
94.46082
94.46402
94.46402
94.46402
94.46402
94.46402
94.4635
94.4635
94.4635
94.4635
94.4635
94.45922
94.45922
94.45922
94.45922
94.45922
94.44626
94.44626
94.44626
94.44626
94.44626
94.44605
94.44605
94.44605
94.44605
94.44605
94.45824
94.45824
94.45824
94.45824
94.45824
94.46172
94.46172
94.46172
94.46172
94.46172
94.4615
94.4615
94.4615
94.4615
94.4615
94.4575
94.4575
94.4575
94.4575
94.4575
94.44482
94.44482
94.44482
94.44482
94.44482
94.44477
94.44477
94.44477
94.44477
94.44477
94.45724
94.45724
94.45724
94.45724
94.45724
94.461
94.461
94.461
94.461
94.461
94.461
94.461
94.461
94.461
94.461
94.45723
94.45723
94.45723
94.45723
94.45723
94.44476
94.44476
94.44476
94.44476
94.44476
94.44481
94.44481
94.44481
94.44481
94.44481
94.45746
94.45746
94.45746
94.45746
94.45746
94.46145
94.46145
94.46145
94.46145
94.46145
94.46169
94.46169
94.46169
94.46169
94.46169
94.45821
94.45821
94.45821
94.45821
94.45821
94.44603
94.44603
94.44603
94.44603
94.44603
94.44624
94.44624
94.44624
94.44624
94.44624
94.45919
94.45919
94.45919
94.45919
94.45919
94.46348
94.46348
94.46348
94.46348
94.46348
94.46399
94.46399
94.46399
94.46399
94.46399
94.46079
94.46079
94.46079
94.46079
94.46079
94.44888
94.44888
94.44888
94.44888
94.44888
94.44933
94.44933
94.44933
94.44933
94.44933
94.46288
94.46288
94.46288
94.46288
94.46288
94.46765
94.46765
94.46765
94.46765
94.46765
94.46839
94.46839
94.46839
94.46839
94.46839
94.46504
94.46504
94.46504
94.46504
94.46504
94.45219
94.45219
94.45219
94.45219
94.45219
94.44846
94.44846
94.44846
94.44846
94.44846
94.46088
94.46088
94.46088
94.46088
94.46088
94.46563
94.46563
94.46563
94.46563
94.46563
94.48197
94.48197
94.48197
94.48197
94.48197
94.48776
94.48776
94.48776
94.48776
94.48776
94.48728
94.48728
94.48728
94.48728
94.48728
94.48064
94.48064
94.48064
94.48064
94.48064
94.46422
94.46422
94.46422
94.46422
94.46422
94.46384
94.46384
94.46384
94.46384
94.46384
94.47889
94.47889
94.47889
94.47889
94.47889
94.48423
94.48423
94.48423
94.48423
94.48423
94.48376
94.48376
94.48376
94.48376
94.48376
94.47742
94.47742
94.47742
94.47742
94.47742
94.46142
94.46142
94.46142
94.46142
94.46142
94.46122
94.46122
94.46122
94.46122
94.46122
94.47647
94.47647
94.47647
94.47647
94.47647
94.48203
94.48203
94.48203
94.48203
94.48203
94.48179
94.48179
94.48179
94.48179
94.48179
94.47573
94.47573
94.47573
94.47573
94.47573
94.46003
94.46003
94.46003
94.46003
94.46003
94.45998
94.45998
94.45998
94.45998
94.45998
94.47548
94.47548
94.47548
94.47548
94.47548
94.48131
94.48131
94.48131
94.48131
94.48131
94.48131
94.48131
94.48131
94.48131
94.48131
94.47548
94.47548
94.47548
94.47548
94.47548
94.45997
94.45997
94.45997
94.45997
94.45997
94.46003
94.46003
94.46003
94.46003
94.46003
94.47573
94.47573
94.47573
94.47573
94.47573
94.48179
94.48179
94.48179
94.48179
94.48179
94.48201
94.48201
94.48201
94.48201
94.48201
94.47645
94.47645
94.47645
94.47645
94.47645
94.4612
94.4612
94.4612
94.4612
94.4612
94.46141
94.46141
94.46141
94.46141
94.46141
94.47741
94.47741
94.47741
94.47741
94.47741
94.48374
94.48374
94.48374
94.48374
94.48374
94.4842
94.4842
94.4842
94.4842
94.4842
94.47887
94.47887
94.47887
94.47887
94.47887
94.46381
94.46381
94.46381
94.46381
94.46381
94.46419
94.46419
94.46419
94.46419
94.46419
94.48061
94.48061
94.48061
94.48061
94.48061
94.48723
94.48723
94.48723
94.48723
94.48723
94.4877
94.4877
94.4877
94.4877
94.4877
94.4819
94.4819
94.4819
94.4819
94.4819
94.46558
94.46558
94.46558
94.46558
94.46558
94.46084
94.46084
94.46084
94.46084
94.46084
94.47293
94.47293
94.47293
94.47293
94.47293
94.47842
94.47842
94.47842
94.47842
94.47842
94.49724
94.49724
94.49724
94.49724
94.49724
94.50481
94.50481
94.50481
94.50481
94.50481
94.50455
94.50455
94.50455
94.50455
94.50455
94.49658
94.49658
94.49658
94.49658
94.49658
94.47809
94.47809
94.47809
94.47809
94.47809
94.47778
94.47778
94.47778
94.47778
94.47778
94.49517
94.49517
94.49517
94.49517
94.49517
94.50211
94.50211
94.50211
94.50211
94.50211
94.50169
94.50169
94.50169
94.50169
94.50169
94.49385
94.49385
94.49385
94.49385
94.49385
94.47565
94.47565
94.47565
94.47565
94.47565
94.47548
94.47548
94.47548
94.47548
94.47548
94.49301
94.49301
94.49301
94.49301
94.49301
94.50013
94.50013
94.50013
94.50013
94.50013
94.49991
94.49991
94.49991
94.49991
94.49991
94.49235
94.49235
94.49235
94.49235
94.49235
94.47443
94.47443
94.47443
94.47443
94.47443
94.47438
94.47438
94.47438
94.47438
94.47438
94.49215
94.49215
94.49215
94.49215
94.49215
94.49951
94.49951
94.49951
94.49951
94.49951
94.49951
94.49951
94.49951
94.49951
94.49951
94.49214
94.49214
94.49214
94.49214
94.49214
94.47438
94.47438
94.47438
94.47438
94.47438
94.47444
94.47444
94.47444
94.47444
94.47444
94.49239
94.49239
94.49239
94.49239
94.49239
94.49995
94.49995
94.49995
94.49995
94.49995
94.50013
94.50013
94.50013
94.50013
94.50013
94.493
94.493
94.493
94.493
94.493
94.47546
94.47546
94.47546
94.47546
94.47546
94.47565
94.47565
94.47565
94.47565
94.47565
94.49386
94.49386
94.49386
94.49386
94.49386
94.50168
94.50168
94.50168
94.50168
94.50168
94.50209
94.50209
94.50209
94.50209
94.50209
94.49515
94.49515
94.49515
94.49515
94.49515
94.47776
94.47776
94.47776
94.47776
94.47776
94.47807
94.47807
94.47807
94.47807
94.47807
94.49656
94.49656
94.49656
94.49656
94.49656
94.50453
94.50453
94.50453
94.50453
94.50453
94.50477
94.50477
94.50477
94.50477
94.50477
94.49719
94.49719
94.49719
94.49719
94.49719
94.47837
94.47837
94.47837
94.47837
94.47837
94.4729
94.4729
94.4729
94.4729
94.4729
94.4846
94.4846
94.4846
94.4846
94.4846
94.49067
94.49067
94.49067
94.49067
94.49067
94.51146
94.51146
94.51146
94.51146
94.51146
94.52045
94.52045
94.52045
94.52045
94.52045
94.52041
94.52041
94.52041
94.52041
94.52041
94.5114
94.5114
94.5114
94.5114
94.5114
94.4913
94.4913
94.4913
94.4913
94.4913
94.49106
94.49106
94.49106
94.49106
94.49106
94.51031
94.51031
94.51031
94.51031
94.51031
94.51853
94.51853
94.51853
94.51853
94.51853
94.51815
94.51815
94.51815
94.51815
94.51815
94.50912
94.50912
94.50912
94.50912
94.50912
94.48916
94.48916
94.48916
94.48916
94.48916
94.48899
94.48899
94.48899
94.48899
94.48899
94.5083
94.5083
94.5083
94.5083
94.5083
94.51665
94.51665
94.51665
94.51665
94.51665
94.51645
94.51645
94.51645
94.51645
94.51645
94.50767
94.50767
94.50767
94.50767
94.50767
94.48797
94.48797
94.48797
94.48797
94.48797
94.48791
94.48791
94.48791
94.48791
94.48791
94.50741
94.50741
94.50741
94.50741
94.50741
94.51598
94.51598
94.51598
94.51598
94.51598
94.51598
94.51598
94.51598
94.51598
94.51598
94.5074
94.5074
94.5074
94.5074
94.5074
94.4879
94.4879
94.4879
94.4879
94.4879
94.48796
94.48796
94.48796
94.48796
94.48796
94.50766
94.50766
94.50766
94.50766
94.50766
94.51643
94.51643
94.51643
94.51643
94.51643
94.51662
94.51662
94.51662
94.51662
94.51662
94.50828
94.50828
94.50828
94.50828
94.50828
94.48895
94.48895
94.48895
94.48895
94.48895
94.48912
94.48912
94.48912
94.48912
94.48912
94.50908
94.50908
94.50908
94.50908
94.50908
94.51811
94.51811
94.51811
94.51811
94.51811
94.51852
94.51852
94.51852
94.51852
94.51852
94.51031
94.51031
94.51031
94.51031
94.51031
94.49106
94.49106
94.49106
94.49106
94.49106
94.4913
94.4913
94.4913
94.4913
94.4913
94.51142
94.51142
94.51142
94.51142
94.51142
94.52046
94.52046
94.52046
94.52046
94.52046
94.52052
94.52052
94.52052
94.52052
94.52052
94.51152
94.51152
94.51152
94.51152
94.51152
94.49071
94.49071
94.49071
94.49071
94.49071
94.48464
94.48464
94.48464
94.48464
94.48464
94.49589
94.49589
94.49589
94.49589
94.49589
94.50244
94.50244
94.50244
94.50244
94.50244
94.52488
94.52488
94.52488
94.52488
94.52488
94.53503
94.53503
94.53503
94.53503
94.53503
94.53511
94.53511
94.53511
94.53511
94.53511
94.52521
94.52521
94.52521
94.52521
94.52521
94.50378
94.50378
94.50378
94.50378
94.50378
94.5036
94.5036
94.5036
94.5036
94.5036
94.52438
94.52438
94.52438
94.52438
94.52438
94.53366
94.53366
94.53366
94.53366
94.53366
94.53327
94.53327
94.53327
94.53327
94.53327
94.52326
94.52326
94.52326
94.52326
94.52326
94.50187
94.50187
94.50187
94.50187
94.50187
94.50172
94.50172
94.50172
94.50172
94.50172
94.52255
94.52255
94.52255
94.52255
94.52255
94.53193
94.53193
94.53193
94.53193
94.53193
94.53175
94.53175
94.53175
94.53175
94.53175
94.52197
94.52197
94.52197
94.52197
94.52197
94.5008
94.5008
94.5008
94.5008
94.5008
94.50075
94.50075
94.50075
94.50075
94.50075
94.52172
94.52172
94.52172
94.52172
94.52172
94.53129
94.53129
94.53129
94.53129
94.53129
94.53129
94.53129
94.53129
94.53129
94.53129
94.52171
94.52171
94.52171
94.52171
94.52171
94.50075
94.50075
94.50075
94.50075
94.50075
94.50081
94.50081
94.50081
94.50081
94.50081
94.52198
94.52198
94.52198
94.52198
94.52198
94.53175
94.53175
94.53175
94.53175
94.53175
94.53193
94.53193
94.53193
94.53193
94.53193
94.52254
94.52254
94.52254
94.52254
94.52254
94.50172
94.50172
94.50172
94.50172
94.50172
94.50188
94.50188
94.50188
94.50188
94.50188
94.52327
94.52327
94.52327
94.52327
94.52327
94.53327
94.53327
94.53327
94.53327
94.53327
94.53361
94.53361
94.53361
94.53361
94.53361
94.52432
94.52432
94.52432
94.52432
94.52432
94.50354
94.50354
94.50354
94.50354
94.50354
94.50373
94.50373
94.50373
94.50373
94.50373
94.52514
94.52514
94.52514
94.52514
94.52514
94.53499
94.53499
94.53499
94.53499
94.53499
94.53487
94.53487
94.53487
94.53487
94.53487
94.52471
94.52471
94.52471
94.52471
94.52471
94.50231
94.50231
94.50231
94.50231
94.50231
94.49577
94.49577
94.49577
94.49577
94.49577
94.50645
94.50645
94.50645
94.50645
94.50645
94.5134
94.5134
94.5134
94.5134
94.5134
94.53719
94.53719
94.53719
94.53719
94.53719
94.54833
94.54833
94.54833
94.54833
94.54833
94.54855
94.54855
94.54855
94.54855
94.54855
94.53795
94.53795
94.53795
94.53795
94.53795
94.51542
94.51542
94.51542
94.51542
94.51542
94.51529
94.51529
94.51529
94.51529
94.51529
94.53737
94.53737
94.53737
94.53737
94.53737
94.54757
94.54757
94.54757
94.54757
94.54757
94.54726
94.54726
94.54726
94.54726
94.54726
94.53643
94.53643
94.53643
94.53643
94.53643
94.51383
94.51383
94.51383
94.51383
94.51383
94.5137
94.5137
94.5137
94.5137
94.5137
94.53583
94.53583
94.53583
94.53583
94.53583
94.54615
94.54615
94.54615
94.54615
94.54615
94.54601
94.54601
94.54601
94.54601
94.54601
94.53535
94.53535
94.53535
94.53535
94.53535
94.51292
94.51292
94.51292
94.51292
94.51292
94.51288
94.51288
94.51288
94.51288
94.51288
94.53514
94.53514
94.53514
94.53514
94.53514
94.54559
94.54559
94.54559
94.54559
94.54559
94.54559
94.54559
94.54559
94.54559
94.54559
94.53513
94.53513
94.53513
94.53513
94.53513
94.51287
94.51287
94.51287
94.51287
94.51287
94.51291
94.51291
94.51291
94.51291
94.51291
94.53532
94.53532
94.53532
94.53532
94.53532
94.54596
94.54596
94.54596
94.54596
94.54596
94.54612
94.54612
94.54612
94.54612
94.54612
94.53581
94.53581
94.53581
94.53581
94.53581
94.51368
94.51368
94.51368
94.51368
94.51368
94.51381
94.51381
94.51381
94.51381
94.51381
94.53641
94.53641
94.53641
94.53641
94.53641
94.54724
94.54724
94.54724
94.54724
94.54724
94.54754
94.54754
94.54754
94.54754
94.54754
94.53733
94.53733
94.53733
94.53733
94.53733
94.51526
94.51526
94.51526
94.51526
94.51526
94.51538
94.51538
94.51538
94.51538
94.51538
94.5379
94.5379
94.5379
94.5379
94.5379
94.54848
94.54848
94.54848
94.54848
94.54848
94.54825
94.54825
94.54825
94.54825
94.54825
94.53712
94.53712
94.53712
94.53712
94.53712
94.51335
94.51335
94.51335
94.51335
94.51335
94.50641
94.50641
94.50641
94.50641
94.50641
94.51648
94.51648
94.51648
94.51648
94.51648
94.52379
94.52379
94.52379
94.52379
94.52379
94.54884
94.54884
94.54884
94.54884
94.54884
94.56087
94.56087
94.56087
94.56087
94.56087
94.56121
94.56121
94.56121
94.56121
94.56121
94.54995
94.54995
94.54995
94.54995
94.54995
94.52642
94.52642
94.52642
94.52642
94.52642
94.52634
94.52634
94.52634
94.52634
94.52634
94.54959
94.54959
94.54959
94.54959
94.54959
94.56062
94.56062
94.56062
94.56062
94.56062
94.56034
94.56034
94.56034
94.56034
94.56034
94.54876
94.54876
94.54876
94.54876
94.54876
94.52504
94.52504
94.52504
94.52504
94.52504
94.52492
94.52492
94.52492
94.52492
94.52492
94.5482
94.5482
94.5482
94.5482
94.5482
94.55933
94.55933
94.55933
94.55933
94.55933
94.55918
94.55918
94.55918
94.55918
94.55918
94.54773
94.54773
94.54773
94.54773
94.54773
94.52418
94.52418
94.52418
94.52418
94.52418
94.52415
94.52415
94.52415
94.52415
94.52415
94.54754
94.54754
94.54754
94.54754
94.54754
94.5588
94.5588
94.5588
94.5588
94.5588
94.55879
94.55879
94.55879
94.55879
94.55879
94.54753
94.54753
94.54753
94.54753
94.54753
94.52414
94.52414
94.52414
94.52414
94.52414
94.52418
94.52418
94.52418
94.52418
94.52418
94.54773
94.54773
94.54773
94.54773
94.54773
94.55917
94.55917
94.55917
94.55917
94.55917
94.55932
94.55932
94.55932
94.55932
94.55932
94.54818
94.54818
94.54818
94.54818
94.54818
94.5249
94.5249
94.5249
94.5249
94.5249
94.52503
94.52503
94.52503
94.52503
94.52503
94.54875
94.54875
94.54875
94.54875
94.54875
94.56032
94.56032
94.56032
94.56032
94.56032
94.5606
94.5606
94.5606
94.5606
94.5606
94.54956
94.54956
94.54956
94.54956
94.54956
94.52631
94.52631
94.52631
94.52631
94.52631
94.52639
94.52639
94.52639
94.52639
94.52639
94.54992
94.54992
94.54992
94.54992
94.54992
94.56115
94.56115
94.56115
94.56115
94.56115
94.56081
94.56081
94.56081
94.56081
94.56081
94.54877
94.54877
94.54877
94.54877
94.54877
94.52374
94.52374
94.52374
94.52374
94.52374
94.51644
94.51644
94.51644
94.51644
94.51644
94.52582
94.52582
94.52582
94.52582
94.52582
94.53346
94.53346
94.53346
94.53346
94.53346
94.55961
94.55961
94.55961
94.55961
94.55961
94.57245
94.57245
94.57245
94.57245
94.57245
94.57289
94.57289
94.57289
94.57289
94.57289
94.56103
94.56103
94.56103
94.56103
94.56103
94.53658
94.53658
94.53658
94.53658
94.53658
94.53655
94.53655
94.53655
94.53655
94.53655
94.56087
94.56087
94.56087
94.56087
94.56087
94.57267
94.57267
94.57267
94.57267
94.57267
94.57242
94.57242
94.57242
94.57242
94.57242
94.56015
94.56015
94.56015
94.56015
94.56015
94.53544
94.53544
94.53544
94.53544
94.53544
94.53535
94.53535
94.53535
94.53535
94.53535
94.55969
94.55969
94.55969
94.55969
94.55969
94.57158
94.57158
94.57158
94.57158
94.57158
94.57143
94.57143
94.57143
94.57143
94.57143
94.55928
94.55928
94.55928
94.55928
94.55928
94.53472
94.53472
94.53472
94.53472
94.53472
94.53469
94.53469
94.53469
94.53469
94.53469
94.55916
94.55916
94.55916
94.55916
94.55916
94.57116
94.57116
94.57116
94.57116
94.57116
94.57115
94.57115
94.57115
94.57115
94.57115
94.55915
94.55915
94.55915
94.55915
94.55915
94.53469
94.53469
94.53469
94.53469
94.53469
94.53472
94.53472
94.53472
94.53472
94.53472
94.55931
94.55931
94.55931
94.55931
94.55931
94.57146
94.57146
94.57146
94.57146
94.57146
94.57158
94.57158
94.57158
94.57158
94.57158
94.55968
94.55968
94.55968
94.55968
94.55968
94.53533
94.53533
94.53533
94.53533
94.53533
94.53544
94.53544
94.53544
94.53544
94.53544
94.56015
94.56015
94.56015
94.56015
94.56015
94.57241
94.57241
94.57241
94.57241
94.57241
94.57265
94.57265
94.57265
94.57265
94.57265
94.56085
94.56085
94.56085
94.56085
94.56085
94.53652
94.53652
94.53652
94.53652
94.53652
94.53656
94.53656
94.53656
94.53656
94.53656
94.56101
94.56101
94.56101
94.56101
94.56101
94.57286
94.57286
94.57286
94.57286
94.57286
94.57241
94.57241
94.57241
94.57241
94.57241
94.55955
94.55955
94.55955
94.55955
94.55955
94.53341
94.53341
94.53341
94.53341
94.53341
94.52578
94.52578
94.52578
94.52578
94.52578
94.53442
94.53442
94.53442
94.53442
94.53442
94.54238
94.54238
94.54238
94.54238
94.54238
94.56961
94.56961
94.56961
94.56961
94.56961
94.58325
94.58325
94.58325
94.58325
94.58325
94.58382
94.58382
94.58382
94.58382
94.58382
94.57137
94.57137
94.57137
94.57137
94.57137
94.54603
94.54603
94.54603
94.54603
94.54603
94.54604
94.54604
94.54604
94.54604
94.54604
94.5714
94.5714
94.5714
94.5714
94.5714
94.58394
94.58394
94.58394
94.58394
94.58394
94.58371
94.58371
94.58371
94.58371
94.58371
94.57076
94.57076
94.57076
94.57076
94.57076
94.54508
94.54508
94.54508
94.54508
94.54508
94.54497
94.54497
94.54497
94.54497
94.54497
94.5703
94.5703
94.5703
94.5703
94.5703
94.5829
94.5829
94.5829
94.5829
94.5829
94.58276
94.58276
94.58276
94.58276
94.58276
94.56992
94.56992
94.56992
94.56992
94.56992
94.54436
94.54436
94.54436
94.54436
94.54436
94.54432
94.54432
94.54432
94.54432
94.54432
94.56977
94.56977
94.56977
94.56977
94.56977
94.58248
94.58248
94.58248
94.58248
94.58248
94.58247
94.58247
94.58247
94.58247
94.58247
94.56977
94.56977
94.56977
94.56977
94.56977
94.54432
94.54432
94.54432
94.54432
94.54432
94.54435
94.54435
94.54435
94.54435
94.54435
94.56991
94.56991
94.56991
94.56991
94.56991
94.58274
94.58274
94.58274
94.58274
94.58274
94.58287
94.58287
94.58287
94.58287
94.58287
94.57028
94.57028
94.57028
94.57028
94.57028
94.54494
94.54494
94.54494
94.54494
94.54494
94.54504
94.54504
94.54504
94.54504
94.54504
94.57073
94.57073
94.57073
94.57073
94.57073
94.58367
94.58367
94.58367
94.58367
94.58367
94.58393
94.58393
94.58393
94.58393
94.58393
94.5714
94.5714
94.5714
94.5714
94.5714
94.54603
94.54603
94.54603
94.54603
94.54603
94.54603
94.54603
94.54603
94.54603
94.54603
94.57139
94.57139
94.57139
94.57139
94.57139
94.58386
94.58386
94.58386
94.58386
94.58386
94.58331
94.58331
94.58331
94.58331
94.58331
94.56966
94.56966
94.56966
94.56966
94.56966
94.54241
94.54241
94.54241
94.54241
94.54241
94.53445
94.53445
94.53445
94.53445
94.53445
94.54229
94.54229
94.54229
94.54229
94.54229
94.55057
94.55057
94.55057
94.55057
94.55057
94.57889
94.57889
94.57889
94.57889
94.57889
94.59332
94.59332
94.59332
94.59332
94.59332
94.59395
94.59395
94.59395
94.59395
94.59395
94.58088
94.58088
94.58088
94.58088
94.58088
94.55464
94.55464
94.55464
94.55464
94.55464
94.55467
94.55467
94.55467
94.55467
94.55467
94.58106
94.58106
94.58106
94.58106
94.58106
94.59433
94.59433
94.59433
94.59433
94.59433
94.59408
94.59408
94.59408
94.59408
94.59408
94.58046
94.58046
94.58046
94.58046
94.58046
94.5538
94.5538
94.5538
94.5538
94.5538
94.5537
94.5537
94.5537
94.5537
94.5537
94.58004
94.58004
94.58004
94.58004
94.58004
94.59334
94.59334
94.59334
94.59334
94.59334
94.59321
94.59321
94.59321
94.59321
94.59321
94.57969
94.57969
94.57969
94.57969
94.57969
94.55316
94.55316
94.55316
94.55316
94.55316
94.55314
94.55314
94.55314
94.55314
94.55314
94.57957
94.57957
94.57957
94.57957
94.57957
94.59298
94.59298
94.59298
94.59298
94.59298
94.59298
94.59298
94.59298
94.59298
94.59298
94.57956
94.57956
94.57956
94.57956
94.57956
94.55313
94.55313
94.55313
94.55313
94.55313
94.55317
94.55317
94.55317
94.55317
94.55317
94.5797
94.5797
94.5797
94.5797
94.5797
94.59321
94.59321
94.59321
94.59321
94.59321
94.59333
94.59333
94.59333
94.59333
94.59333
94.58002
94.58002
94.58002
94.58002
94.58002
94.5537
94.5537
94.5537
94.5537
94.5537
94.5538
94.5538
94.5538
94.5538
94.5538
94.58046
94.58046
94.58046
94.58046
94.58046
94.59407
94.59407
94.59407
94.59407
94.59407
94.59427
94.59427
94.59427
94.59427
94.59427
94.58099
94.58099
94.58099
94.58099
94.58099
94.55461
94.55461
94.55461
94.55461
94.55461
94.55457
94.55457
94.55457
94.55457
94.55457
94.58079
94.58079
94.58079
94.58079
94.58079
94.59382
94.59382
94.59382
94.59382
94.59382
94.59315
94.59315
94.59315
94.59315
94.59315
94.57872
94.57872
94.57872
94.57872
94.57872
94.55043
94.55043
94.55043
94.55043
94.55043
94.54216
94.54216
94.54216
94.54216
94.54216
94.5491
94.5491
94.5491
94.5491
94.5491
94.55768
94.55768
94.55768
94.55768
94.55768
94.58705
94.58705
94.58705
94.58705
94.58705
94.60224
94.60224
94.60224
94.60224
94.60224
94.60296
94.60296
94.60296
94.60296
94.60296
94.58933
94.58933
94.58933
94.58933
94.58933
94.56223
94.56223
94.56223
94.56223
94.56223
94.5623
94.5623
94.5623
94.5623
94.5623
94.58968
94.58968
94.58968
94.58968
94.58968
94.60368
94.60368
94.60368
94.60368
94.60368
94.6035
94.6035
94.6035
94.6035
94.6035
94.58923
94.58923
94.58923
94.58923
94.58923
94.56161
94.56161
94.56161
94.56161
94.56161
94.56152
94.56152
94.56152
94.56152
94.56152
94.58886
94.58886
94.58886
94.58886
94.58886
94.60288
94.60288
94.60288
94.60288
94.60288
94.60279
94.60279
94.60279
94.60279
94.60279
94.5886
94.5886
94.5886
94.5886
94.5886
94.56108
94.56108
94.56108
94.56108
94.56108
94.56106
94.56106
94.56106
94.56106
94.56106
94.5885
94.5885
94.5885
94.5885
94.5885
94.60262
94.60262
94.60262
94.60262
94.60262
94.60261
94.60261
94.60261
94.60261
94.60261
94.58849
94.58849
94.58849
94.58849
94.58849
94.56105
94.56105
94.56105
94.56105
94.56105
94.56107
94.56107
94.56107
94.56107
94.56107
94.58856
94.58856
94.58856
94.58856
94.58856
94.60275
94.60275
94.60275
94.60275
94.60275
94.60286
94.60286
94.60286
94.60286
94.60286
94.58883
94.58883
94.58883
94.58883
94.58883
94.5615
94.5615
94.5615
94.5615
94.5615
94.56159
94.56159
94.56159
94.56159
94.56159
94.5892
94.5892
94.5892
94.5892
94.5892
94.60348
94.60348
94.60348
94.60348
94.60348
94.60364
94.60364
94.60364
94.60364
94.60364
94.58964
94.58964
94.58964
94.58964
94.58964
94.56226
94.56226
94.56226
94.56226
94.56226
94.56219
94.56219
94.56219
94.56219
94.56219
94.58928
94.58928
94.58928
94.58928
94.58928
94.60288
94.60288
94.60288
94.60288
94.60288
94.60214
94.60214
94.60214
94.60214
94.60214
94.58696
94.58696
94.58696
94.58696
94.58696
94.55762
94.55762
94.55762
94.55762
94.55762
94.54905
94.54905
94.54905
94.54905
94.54905
94.55506
94.55506
94.55506
94.55506
94.55506
94.56398
94.56398
94.56398
94.56398
94.56398
94.5945
94.5945
94.5945
94.5945
94.5945
94.61054
94.61054
94.61054
94.61054
94.61054
94.61136
94.61136
94.61136
94.61136
94.61136
94.59709
94.59709
94.59709
94.59709
94.59709
94.56902
94.56902
94.56902
94.56902
94.56902
94.56912
94.56912
94.56912
94.56912
94.56912
94.59757
94.59757
94.59757
94.59757
94.59757
94.61237
94.61237
94.61237
94.61237
94.61237
94.61222
94.61222
94.61222
94.61222
94.61222
94.59719
94.59719
94.59719
94.59719
94.59719
94.56851
94.56851
94.56851
94.56851
94.56851
94.56843
94.56843
94.56843
94.56843
94.56843
94.59682
94.59682
94.59682
94.59682
94.59682
94.61161
94.61161
94.61161
94.61161
94.61161
94.61151
94.61151
94.61151
94.61151
94.61151
94.59656
94.59656
94.59656
94.59656
94.59656
94.568
94.568
94.568
94.568
94.568
94.56798
94.56798
94.56798
94.56798
94.56798
94.59646
94.59646
94.59646
94.59646
94.59646
94.61133
94.61133
94.61133
94.61133
94.61133
94.61133
94.61133
94.61133
94.61133
94.61133
94.59645
94.59645
94.59645
94.59645
94.59645
94.56797
94.56797
94.56797
94.56797
94.56797
94.568
94.568
94.568
94.568
94.568
94.59655
94.59655
94.59655
94.59655
94.59655
94.6115
94.6115
94.6115
94.6115
94.6115
94.61159
94.61159
94.61159
94.61159
94.61159
94.5968
94.5968
94.5968
94.5968
94.5968
94.56841
94.56841
94.56841
94.56841
94.56841
94.5685
94.5685
94.5685
94.5685
94.5685
94.59718
94.59718
94.59718
94.59718
94.59718
94.6122
94.6122
94.6122
94.6122
94.6122
94.61234
94.61234
94.61234
94.61234
94.61234
94.59754
94.59754
94.59754
94.59754
94.59754
94.56909
94.56909
94.56909
94.56909
94.56909
94.56899
94.56899
94.56899
94.56899
94.56899
94.59705
94.59705
94.59705
94.59705
94.59705
94.6113
94.6113
94.6113
94.6113
94.6113
94.61047
94.61047
94.61047
94.61047
94.61047
94.59442
94.59442
94.59442
94.59442
94.59442
94.56393
94.56393
94.56393
94.56393
94.56393
94.55502
94.55502
94.55502
94.55502
94.55502
94.56005
94.56005
94.56005
94.56005
94.56005
94.56933
94.56933
94.56933
94.56933
94.56933
94.60108
94.60108
94.60108
94.60108
94.60108
94.61809
94.61809
94.61809
94.61809
94.61809
94.61902
94.61902
94.61902
94.61902
94.61902
94.604
94.604
94.604
94.604
94.604
94.57483
94.57483
94.57483
94.57483
94.57483
94.57496
94.57496
94.57496
94.57496
94.57496
94.6046
94.6046
94.6046
94.6046
94.6046
94.62029
94.62029
94.62029
94.62029
94.62029
94.62017
94.62017
94.62017
94.62017
94.62017
94.60429
94.60429
94.60429
94.60429
94.60429
94.57446
94.57446
94.57446
94.57446
94.57446
94.5744
94.5744
94.5744
94.5744
94.5744
94.60399
94.60399
94.60399
94.60399
94.60399
94.61965
94.61965
94.61965
94.61965
94.61965
94.61956
94.61956
94.61956
94.61956
94.61956
94.60376
94.60376
94.60376
94.60376
94.60376
94.57405
94.57405
94.57405
94.57405
94.57405
94.57403
94.57403
94.57403
94.57403
94.57403
94.6037
94.6037
94.6037
94.6037
94.6037
94.61944
94.61944
94.61944
94.61944
94.61944
94.61944
94.61944
94.61944
94.61944
94.61944
94.60369
94.60369
94.60369
94.60369
94.60369
94.57402
94.57402
94.57402
94.57402
94.57402
94.57405
94.57405
94.57405
94.57405
94.57405
94.60379
94.60379
94.60379
94.60379
94.60379
94.61959
94.61959
94.61959
94.61959
94.61959
94.61965
94.61965
94.61965
94.61965
94.61965
94.60397
94.60397
94.60397
94.60397
94.60397
94.57439
94.57439
94.57439
94.57439
94.57439
94.57446
94.57446
94.57446
94.57446
94.57446
94.60429
94.60429
94.60429
94.60429
94.60429
94.62015
94.62015
94.62015
94.62015
94.62015
94.62027
94.62027
94.62027
94.62027
94.62027
94.60457
94.60457
94.60457
94.60457
94.60457
94.57493
94.57493
94.57493
94.57493
94.57493
94.5748
94.5748
94.5748
94.5748
94.5748
94.60397
94.60397
94.60397
94.60397
94.60397
94.61898
94.61898
94.61898
94.61898
94.61898
94.61804
94.61804
94.61804
94.61804
94.61804
94.60101
94.60101
94.60101
94.60101
94.60101
94.56928
94.56928
94.56928
94.56928
94.56928
94.56001
94.56001
94.56001
94.56001
94.56001
94.56403
94.56403
94.56403
94.56403
94.56403
94.57377
94.57377
94.57377
94.57377
94.57377
94.60709
94.60709
94.60709
94.60709
94.60709
94.6253
94.6253
94.6253
94.6253
94.6253
94.62638
94.62638
94.62638
94.62638
94.62638
94.61042
94.61042
94.61042
94.61042
94.61042
94.57984
94.57984
94.57984
94.57984
94.57984
94.58
94.58
94.58
94.58
94.58
94.61115
94.61115
94.61115
94.61115
94.61115
94.62792
94.62792
94.62792
94.62792
94.62792
94.62781
94.62781
94.62781
94.62781
94.62781
94.61089
94.61089
94.61089
94.61089
94.61089
94.57958
94.57958
94.57958
94.57958
94.57958
94.57951
94.57951
94.57951
94.57951
94.57951
94.61056
94.61056
94.61056
94.61056
94.61056
94.62729
94.62729
94.62729
94.62729
94.62729
94.6272
94.6272
94.6272
94.6272
94.6272
94.61035
94.61035
94.61035
94.61035
94.61035
94.57913
94.57913
94.57913
94.57913
94.57913
94.57911
94.57911
94.57911
94.57911
94.57911
94.61024
94.61024
94.61024
94.61024
94.61024
94.62703
94.62703
94.62703
94.62703
94.62703
94.62703
94.62703
94.62703
94.62703
94.62703
94.61023
94.61023
94.61023
94.61023
94.61023
94.5791
94.5791
94.5791
94.5791
94.5791
94.57912
94.57912
94.57912
94.57912
94.57912
94.61034
94.61034
94.61034
94.61034
94.61034
94.62719
94.62719
94.62719
94.62719
94.62719
94.62727
94.62727
94.62727
94.62727
94.62727
94.61054
94.61054
94.61054
94.61054
94.61054
94.57948
94.57948
94.57948
94.57948
94.57948
94.57955
94.57955
94.57955
94.57955
94.57955
94.61086
94.61086
94.61086
94.61086
94.61086
94.62778
94.62778
94.62778
94.62778
94.62778
94.62792
94.62792
94.62792
94.62792
94.62792
94.61115
94.61115
94.61115
94.61115
94.61115
94.58
94.58
94.58
94.58
94.58
94.57985
94.57985
94.57985
94.57985
94.57985
94.61043
94.61043
94.61043
94.61043
94.61043
94.62642
94.62642
94.62642
94.62642
94.62642
94.62535
94.62535
94.62535
94.62535
94.62535
94.60713
94.60713
94.60713
94.60713
94.60713
94.5738
94.5738
94.5738
94.5738
94.5738
94.56407
94.56407
94.56407
94.56407
94.56407
94.56701
94.56701
94.56701
94.56701
94.56701
94.57737
94.57737
94.57737
94.57737
94.57737
94.61295
94.61295
94.61295
94.61295
94.61295
94.63307
94.63307
94.63307
94.63307
94.63307
94.63429
94.63429
94.63429
94.63429
94.63429
94.61679
94.61679
94.61679
94.61679
94.61679
94.58407
94.58407
94.58407
94.58407
94.58407
94.58424
94.58424
94.58424
94.58424
94.58424
94.6176
94.6176
94.6176
94.6176
94.6176
94.63608
94.63608
94.63608
94.63608
94.63608
94.63594
94.63594
94.63594
94.63594
94.63594
94.61736
94.61736
94.61736
94.61736
94.61736
94.58384
94.58384
94.58384
94.58384
94.58384
94.58378
94.58378
94.58378
94.58378
94.58378
94.61707
94.61707
94.61707
94.61707
94.61707
94.63546
94.63546
94.63546
94.63546
94.63546
94.63538
94.63538
94.63538
94.63538
94.63538
94.61686
94.61686
94.61686
94.61686
94.61686
94.58343
94.58343
94.58343
94.58343
94.58343
94.58341
94.58341
94.58341
94.58341
94.58341
94.61676
94.61676
94.61676
94.61676
94.61676
94.63522
94.63522
94.63522
94.63522
94.63522
94.63522
94.63522
94.63522
94.63522
94.63522
94.61675
94.61675
94.61675
94.61675
94.61675
94.5834
94.5834
94.5834
94.5834
94.5834
94.58343
94.58343
94.58343
94.58343
94.58343
94.61686
94.61686
94.61686
94.61686
94.61686
94.63538
94.63538
94.63538
94.63538
94.63538
94.63545
94.63545
94.63545
94.63545
94.63545
94.61704
94.61704
94.61704
94.61704
94.61704
94.58377
94.58377
94.58377
94.58377
94.58377
94.58384
94.58384
94.58384
94.58384
94.58384
94.61736
94.61736
94.61736
94.61736
94.61736
94.63593
94.63593
94.63593
94.63593
94.63593
94.63601
94.63601
94.63601
94.63601
94.63601
94.61752
94.61752
94.61752
94.61752
94.61752
94.58417
94.58417
94.58417
94.58417
94.58417
94.58399
94.58399
94.58399
94.58399
94.58399
94.61669
94.61669
94.61669
94.61669
94.61669
94.63414
94.63414
94.63414
94.63414
94.63414
94.63288
94.63288
94.63288
94.63288
94.63288
94.61276
94.61276
94.61276
94.61276
94.61276
94.57722
94.57722
94.57722
94.57722
94.57722
94.56688
94.56688
94.56688
94.56688
94.56688
94.56851
94.56851
94.56851
94.56851
94.56851
94.57947
94.57947
94.57947
94.57947
94.57947
94.6173
94.6173
94.6173
94.6173
94.6173
94.63947
94.63947
94.63947
94.63947
94.63947
94.64085
94.64085
94.64085
94.64085
94.64085
94.62156
94.62156
94.62156
94.62156
94.62156
94.58671
94.58671
94.58671
94.58671
94.58671
94.58691
94.58691
94.58691
94.58691
94.58691
94.62253
94.62253
94.62253
94.62253
94.62253
94.64296
94.64296
94.64296
94.64296
94.64296
94.64289
94.64289
94.64289
94.64289
94.64289
94.62239
94.62239
94.62239
94.62239
94.62239
94.58662
94.58662
94.58662
94.58662
94.58662
94.58657
94.58657
94.58657
94.58657
94.58657
94.62216
94.62216
94.62216
94.62216
94.62216
94.64253
94.64253
94.64253
94.64253
94.64253
94.64248
94.64248
94.64248
94.64248
94.64248
94.62201
94.62201
94.62201
94.62201
94.62201
94.58629
94.58629
94.58629
94.58629
94.58629
94.58627
94.58627
94.58627
94.58627
94.58627
94.62193
94.62193
94.62193
94.62193
94.62193
94.64235
94.64235
94.64235
94.64235
94.64235
94.64234
94.64234
94.64234
94.64234
94.64234
94.62192
94.62192
94.62192
94.62192
94.62192
94.58626
94.58626
94.58626
94.58626
94.58626
94.58627
94.58627
94.58627
94.58627
94.58627
94.62197
94.62197
94.62197
94.62197
94.62197
94.64244
94.64244
94.64244
94.64244
94.64244
94.64249
94.64249
94.64249
94.64249
94.64249
94.62213
94.62213
94.62213
94.62213
94.62213
94.58655
94.58655
94.58655
94.58655
94.58655
94.5866
94.5866
94.5866
94.5866
94.5866
94.62236
94.62236
94.62236
94.62236
94.62236
94.64286
94.64286
94.64286
94.64286
94.64286
94.64291
94.64291
94.64291
94.64291
94.64291
94.62248
94.62248
94.62248
94.62248
94.62248
94.58687
94.58687
94.58687
94.58687
94.58687
94.58666
94.58666
94.58666
94.58666
94.58666
94.62148
94.62148
94.62148
94.62148
94.62148
94.64074
94.64074
94.64074
94.64074
94.64074
94.63935
94.63935
94.63935
94.63935
94.63935
94.6172
94.6172
94.6172
94.6172
94.6172
94.57941
94.57941
94.57941
94.57941
94.57941
94.56846
94.56846
94.56846
94.56846
94.56846
)
;

boundaryField
{
    electrolyteSides
    {
        type            zeroGradient;
    }
    electrolyte_to_fuel
    {
        type            zeroGradient;
    }
    electrolyte_to_air
    {
        type            zeroGradient;
    }
}


// ************************************************************************* //
