/*--------------------------------*- C++ -*----------------------------------*\
| =========                 |                                                 |
| \\      /  F ield         | OpenFOAM: The Open Source CFD Toolbox           |
|  \\    /   O peration     | Version:  4.0                                   |
|   \\  /    A nd           | Web:      www.OpenFOAM.org                      |
|    \\/     M anipulation  |                                                 |
\*---------------------------------------------------------------------------*/
FoamFile
{
    version     2.0;
    format      ascii;
    class       volScalarField;
    location    "120/electrolyte";
    object      i0C;
}
// * * * * * * * * * * * * * * * * * * * * * * * * * * * * * * * * * * * * * //

dimensions      [0 -2 0 0 0 1 0];

internalField   nonuniform List<scalar> 
4840
(
0.04233554
0.04233554
0.04233554
0.04233554
0.04233554
0.04230982
0.04230982
0.04230982
0.04230982
0.04230982
0.04222409
0.04222409
0.04222409
0.04222409
0.04222409
0.04217445
0.04217445
0.04217445
0.04217445
0.04217445
0.04217141
0.04217141
0.04217141
0.04217141
0.04217141
0.04221322
0.04221322
0.04221322
0.04221322
0.04221322
0.04228678
0.04228678
0.04228678
0.04228678
0.04228678
0.04228616
0.04228616
0.04228616
0.04228616
0.04228616
0.04221059
0.04221059
0.04221059
0.04221059
0.04221059
0.04216629
0.04216629
0.04216629
0.04216629
0.04216629
0.04216573
0.04216573
0.04216573
0.04216573
0.04216573
0.04220877
0.04220877
0.04220877
0.04220877
0.04220877
0.04228286
0.04228286
0.04228286
0.04228286
0.04228286
0.04228272
0.04228272
0.04228272
0.04228272
0.04228272
0.04220815
0.04220815
0.04220815
0.04220815
0.04220815
0.04216453
0.04216453
0.04216453
0.04216453
0.04216453
0.04216429
0.04216429
0.04216429
0.04216429
0.04216429
0.04220738
0.04220738
0.04220738
0.04220738
0.04220738
0.04228136
0.04228136
0.04228136
0.04228136
0.04228136
0.04228131
0.04228131
0.04228131
0.04228131
0.04228131
0.0422072
0.0422072
0.0422072
0.0422072
0.0422072
0.04216394
0.04216394
0.04216394
0.04216394
0.04216394
0.04216394
0.04216394
0.04216394
0.04216394
0.04216394
0.0422072
0.0422072
0.0422072
0.0422072
0.0422072
0.04228131
0.04228131
0.04228131
0.04228131
0.04228131
0.04228137
0.04228137
0.04228137
0.04228137
0.04228137
0.04220741
0.04220741
0.04220741
0.04220741
0.04220741
0.04216432
0.04216432
0.04216432
0.04216432
0.04216432
0.04216455
0.04216455
0.04216455
0.04216455
0.04216455
0.04220816
0.04220816
0.04220816
0.04220816
0.04220816
0.04228275
0.04228275
0.04228275
0.04228275
0.04228275
0.0422829
0.0422829
0.0422829
0.0422829
0.0422829
0.04220882
0.04220882
0.04220882
0.04220882
0.04220882
0.04216577
0.04216577
0.04216577
0.04216577
0.04216577
0.04216627
0.04216627
0.04216627
0.04216627
0.04216627
0.04221054
0.04221054
0.04221054
0.04221054
0.04221054
0.04228611
0.04228611
0.04228611
0.04228611
0.04228611
0.04228671
0.04228671
0.04228671
0.04228671
0.04228671
0.0422131
0.0422131
0.0422131
0.0422131
0.0422131
0.04217122
0.04217122
0.04217122
0.04217122
0.04217122
0.0421742
0.0421742
0.0421742
0.0421742
0.0421742
0.04222384
0.04222384
0.04222384
0.04222384
0.04222384
0.04230963
0.04230963
0.04230963
0.04230963
0.04230963
0.04233537
0.04233537
0.04233537
0.04233537
0.04233537
0.04234507
0.04234507
0.04234507
0.04234507
0.04234507
0.04232984
0.04232984
0.04232984
0.04232984
0.04232984
0.04227983
0.04227983
0.04227983
0.04227983
0.04227983
0.04224593
0.04224593
0.04224593
0.04224593
0.04224593
0.04224326
0.04224326
0.04224326
0.04224326
0.04224326
0.04227062
0.04227062
0.04227062
0.04227062
0.04227062
0.0423118
0.0423118
0.0423118
0.0423118
0.0423118
0.04231115
0.04231115
0.04231115
0.04231115
0.04231115
0.04226772
0.04226772
0.04226772
0.04226772
0.04226772
0.04223782
0.04223782
0.04223782
0.04223782
0.04223782
0.04223726
0.04223726
0.04223726
0.04223726
0.04223726
0.04226589
0.04226589
0.04226589
0.04226589
0.04226589
0.04230789
0.04230789
0.04230789
0.04230789
0.04230789
0.04230772
0.04230772
0.04230772
0.04230772
0.04230772
0.04226514
0.04226514
0.04226514
0.04226514
0.04226514
0.04223588
0.04223588
0.04223588
0.04223588
0.04223588
0.04223567
0.04223567
0.04223567
0.04223567
0.04223567
0.0422644
0.0422644
0.0422644
0.0422644
0.0422644
0.0423064
0.0423064
0.0423064
0.0423064
0.0423064
0.04230636
0.04230636
0.04230636
0.04230636
0.04230636
0.04226419
0.04226419
0.04226419
0.04226419
0.04226419
0.04223526
0.04223526
0.04223526
0.04223526
0.04223526
0.04223526
0.04223526
0.04223526
0.04223526
0.04223526
0.04226418
0.04226418
0.04226418
0.04226418
0.04226418
0.04230635
0.04230635
0.04230635
0.04230635
0.04230635
0.04230639
0.04230639
0.04230639
0.04230639
0.04230639
0.04226436
0.04226436
0.04226436
0.04226436
0.04226436
0.04223562
0.04223562
0.04223562
0.04223562
0.04223562
0.04223586
0.04223586
0.04223586
0.04223586
0.04223586
0.04226513
0.04226513
0.04226513
0.04226513
0.04226513
0.04230772
0.04230772
0.04230772
0.04230772
0.04230772
0.04230788
0.04230788
0.04230788
0.04230788
0.04230788
0.04226588
0.04226588
0.04226588
0.04226588
0.04226588
0.04223726
0.04223726
0.04223726
0.04223726
0.04223726
0.04223781
0.04223781
0.04223781
0.04223781
0.04223781
0.04226769
0.04226769
0.04226769
0.04226769
0.04226769
0.04231112
0.04231112
0.04231112
0.04231112
0.04231112
0.04231176
0.04231176
0.04231176
0.04231176
0.04231176
0.04227055
0.04227055
0.04227055
0.04227055
0.04227055
0.04224316
0.04224316
0.04224316
0.04224316
0.04224316
0.04224582
0.04224582
0.04224582
0.04224582
0.04224582
0.04227974
0.04227974
0.04227974
0.04227974
0.04227974
0.04232978
0.04232978
0.04232978
0.04232978
0.04232978
0.04234502
0.04234502
0.04234502
0.04234502
0.04234502
0.04235673
0.04235673
0.04235673
0.04235673
0.04235673
0.04234902
0.04234902
0.04234902
0.04234902
0.04234902
0.04232339
0.04232339
0.04232339
0.04232339
0.04232339
0.04230254
0.04230254
0.04230254
0.04230254
0.04230254
0.04230032
0.04230032
0.04230032
0.04230032
0.04230032
0.04231599
0.04231599
0.04231599
0.04231599
0.04231599
0.04233569
0.04233569
0.04233569
0.04233569
0.04233569
0.04233505
0.04233505
0.04233505
0.04233505
0.04233505
0.04231303
0.04231303
0.04231303
0.04231303
0.04231303
0.04229489
0.04229489
0.04229489
0.04229489
0.04229489
0.04229431
0.04229431
0.04229431
0.04229431
0.04229431
0.04231117
0.04231117
0.04231117
0.04231117
0.04231117
0.04233179
0.04233179
0.04233179
0.04233179
0.04233179
0.04233159
0.04233159
0.04233159
0.04233159
0.04233159
0.04231025
0.04231025
0.04231025
0.04231025
0.04231025
0.04229266
0.04229266
0.04229266
0.04229266
0.04229266
0.04229241
0.04229241
0.04229241
0.04229241
0.04229241
0.04230944
0.04230944
0.04230944
0.04230944
0.04230944
0.04233021
0.04233021
0.04233021
0.04233021
0.04233021
0.04233016
0.04233016
0.04233016
0.04233016
0.04233016
0.04230919
0.04230919
0.04230919
0.04230919
0.04230919
0.04229193
0.04229193
0.04229193
0.04229193
0.04229193
0.04229193
0.04229193
0.04229193
0.04229193
0.04229193
0.04230919
0.04230919
0.04230919
0.04230919
0.04230919
0.04233016
0.04233016
0.04233016
0.04233016
0.04233016
0.04233021
0.04233021
0.04233021
0.04233021
0.04233021
0.04230944
0.04230944
0.04230944
0.04230944
0.04230944
0.0422924
0.0422924
0.0422924
0.0422924
0.0422924
0.04229266
0.04229266
0.04229266
0.04229266
0.04229266
0.04231024
0.04231024
0.04231024
0.04231024
0.04231024
0.04233158
0.04233158
0.04233158
0.04233158
0.04233158
0.04233178
0.04233178
0.04233178
0.04233178
0.04233178
0.04231116
0.04231116
0.04231116
0.04231116
0.04231116
0.04229431
0.04229431
0.04229431
0.04229431
0.04229431
0.04229488
0.04229488
0.04229488
0.04229488
0.04229488
0.04231301
0.04231301
0.04231301
0.04231301
0.04231301
0.04233502
0.04233502
0.04233502
0.04233502
0.04233502
0.04233566
0.04233566
0.04233566
0.04233566
0.04233566
0.04231595
0.04231595
0.04231595
0.04231595
0.04231595
0.04230026
0.04230026
0.04230026
0.04230026
0.04230026
0.04230247
0.04230247
0.04230247
0.04230247
0.04230247
0.04232332
0.04232332
0.04232332
0.04232332
0.04232332
0.04234897
0.04234897
0.04234897
0.04234897
0.04234897
0.04235669
0.04235669
0.04235669
0.04235669
0.04235669
0.04236874
0.04236874
0.04236874
0.04236874
0.04236874
0.04236582
0.04236582
0.04236582
0.04236582
0.04236582
0.04235601
0.04235601
0.04235601
0.04235601
0.04235601
0.04234482
0.04234482
0.04234482
0.04234482
0.04234482
0.04234302
0.04234302
0.04234302
0.04234302
0.04234302
0.04235029
0.04235029
0.04235029
0.04235029
0.04235029
0.0423563
0.0423563
0.0423563
0.0423563
0.0423563
0.04235568
0.04235568
0.04235568
0.04235568
0.04235568
0.04234745
0.04234745
0.04234745
0.04234745
0.04234745
0.04233788
0.04233788
0.04233788
0.04233788
0.04233788
0.04233731
0.04233731
0.04233731
0.04233731
0.04233731
0.04234564
0.04234564
0.04234564
0.04234564
0.04234564
0.04235259
0.04235259
0.04235259
0.04235259
0.04235259
0.0423524
0.0423524
0.0423524
0.0423524
0.0423524
0.04234472
0.04234472
0.04234472
0.04234472
0.04234472
0.04233561
0.04233561
0.04233561
0.04233561
0.04233561
0.04233536
0.04233536
0.04233536
0.04233536
0.04233536
0.04234392
0.04234392
0.04234392
0.04234392
0.04234392
0.04235109
0.04235109
0.04235109
0.04235109
0.04235109
0.04235104
0.04235104
0.04235104
0.04235104
0.04235104
0.04234371
0.04234371
0.04234371
0.04234371
0.04234371
0.04233492
0.04233492
0.04233492
0.04233492
0.04233492
0.04233492
0.04233492
0.04233492
0.04233492
0.04233492
0.0423437
0.0423437
0.0423437
0.0423437
0.0423437
0.04235104
0.04235104
0.04235104
0.04235104
0.04235104
0.0423511
0.0423511
0.0423511
0.0423511
0.0423511
0.04234397
0.04234397
0.04234397
0.04234397
0.04234397
0.04233541
0.04233541
0.04233541
0.04233541
0.04233541
0.04233562
0.04233562
0.04233562
0.04233562
0.04233562
0.04234471
0.04234471
0.04234471
0.04234471
0.04234471
0.04235239
0.04235239
0.04235239
0.04235239
0.04235239
0.0423526
0.0423526
0.0423526
0.0423526
0.0423526
0.04234564
0.04234564
0.04234564
0.04234564
0.04234564
0.0423373
0.0423373
0.0423373
0.0423373
0.0423373
0.04233787
0.04233787
0.04233787
0.04233787
0.04233787
0.04234744
0.04234744
0.04234744
0.04234744
0.04234744
0.04235566
0.04235566
0.04235566
0.04235566
0.04235566
0.04235628
0.04235628
0.04235628
0.04235628
0.04235628
0.04235027
0.04235027
0.04235027
0.04235027
0.04235027
0.042343
0.042343
0.042343
0.042343
0.042343
0.04234479
0.04234479
0.04234479
0.04234479
0.04234479
0.04235596
0.04235596
0.04235596
0.04235596
0.04235596
0.04236577
0.04236577
0.04236577
0.04236577
0.04236577
0.04236871
0.04236871
0.04236871
0.04236871
0.04236871
0.04238076
0.04238076
0.04238076
0.04238076
0.04238076
0.04238087
0.04238087
0.04238087
0.04238087
0.04238087
0.04238125
0.04238125
0.04238125
0.04238125
0.04238125
0.04237667
0.04237667
0.04237667
0.04237667
0.04237667
0.04237534
0.04237534
0.04237534
0.04237534
0.04237534
0.0423771
0.0423771
0.0423771
0.0423771
0.0423771
0.04237441
0.04237441
0.04237441
0.04237441
0.04237441
0.04237385
0.04237385
0.04237385
0.04237385
0.04237385
0.04237454
0.04237454
0.04237454
0.04237454
0.04237454
0.04237074
0.04237074
0.04237074
0.04237074
0.04237074
0.04237018
0.04237018
0.04237018
0.04237018
0.04237018
0.0423728
0.0423728
0.0423728
0.0423728
0.0423728
0.04237095
0.04237095
0.04237095
0.04237095
0.04237095
0.04237073
0.04237073
0.04237073
0.04237073
0.04237073
0.04237179
0.04237179
0.04237179
0.04237179
0.04237179
0.04236837
0.04236837
0.04236837
0.04236837
0.04236837
0.04236812
0.04236812
0.04236812
0.04236812
0.04236812
0.04237099
0.04237099
0.04237099
0.04237099
0.04237099
0.0423694
0.0423694
0.0423694
0.0423694
0.0423694
0.04236933
0.04236933
0.04236933
0.04236933
0.04236933
0.0423707
0.0423707
0.0423707
0.0423707
0.0423707
0.04236758
0.04236758
0.04236758
0.04236758
0.04236758
0.04236758
0.04236758
0.04236758
0.04236758
0.04236758
0.0423707
0.0423707
0.0423707
0.0423707
0.0423707
0.04236932
0.04236932
0.04236932
0.04236932
0.04236932
0.04236939
0.04236939
0.04236939
0.04236939
0.04236939
0.04237098
0.04237098
0.04237098
0.04237098
0.04237098
0.0423681
0.0423681
0.0423681
0.0423681
0.0423681
0.04236834
0.04236834
0.04236834
0.04236834
0.04236834
0.04237177
0.04237177
0.04237177
0.04237177
0.04237177
0.04237069
0.04237069
0.04237069
0.04237069
0.04237069
0.04237091
0.04237091
0.04237091
0.04237091
0.04237091
0.04237274
0.04237274
0.04237274
0.04237274
0.04237274
0.04237013
0.04237013
0.04237013
0.04237013
0.04237013
0.04237073
0.04237073
0.04237073
0.04237073
0.04237073
0.04237453
0.04237453
0.04237453
0.04237453
0.04237453
0.04237385
0.04237385
0.04237385
0.04237385
0.04237385
0.04237441
0.04237441
0.04237441
0.04237441
0.04237441
0.04237713
0.04237713
0.04237713
0.04237713
0.04237713
0.0423754
0.0423754
0.0423754
0.0423754
0.0423754
0.04237676
0.04237676
0.04237676
0.04237676
0.04237676
0.04238133
0.04238133
0.04238133
0.04238133
0.04238133
0.04238093
0.04238093
0.04238093
0.04238093
0.04238093
0.04238081
0.04238081
0.04238081
0.04238081
0.04238081
0.04239275
0.04239275
0.04239275
0.04239275
0.04239275
0.04239486
0.04239486
0.04239486
0.04239486
0.04239486
0.04240194
0.04240194
0.04240194
0.04240194
0.04240194
0.04240189
0.04240189
0.04240189
0.04240189
0.04240189
0.04240089
0.04240089
0.04240089
0.04240089
0.04240089
0.04239896
0.04239896
0.04239896
0.04239896
0.04239896
0.0423906
0.0423906
0.0423906
0.0423906
0.0423906
0.0423901
0.0423901
0.0423901
0.0423901
0.0423901
0.0423967
0.0423967
0.0423967
0.0423967
0.0423967
0.04239684
0.04239684
0.04239684
0.04239684
0.04239684
0.04239628
0.04239628
0.04239628
0.04239628
0.04239628
0.04239502
0.04239502
0.04239502
0.04239502
0.04239502
0.04238739
0.04238739
0.04238739
0.04238739
0.04238739
0.04238718
0.04238718
0.04238718
0.04238718
0.04238718
0.04239405
0.04239405
0.04239405
0.04239405
0.04239405
0.04239449
0.04239449
0.04239449
0.04239449
0.04239449
0.04239425
0.04239425
0.04239425
0.04239425
0.04239425
0.04239328
0.04239328
0.04239328
0.04239328
0.04239328
0.04238593
0.04238593
0.04238593
0.04238593
0.04238593
0.04238587
0.04238587
0.04238587
0.04238587
0.04238587
0.04239301
0.04239301
0.04239301
0.04239301
0.04239301
0.04239374
0.04239374
0.04239374
0.04239374
0.04239374
0.04239374
0.04239374
0.04239374
0.04239374
0.04239374
0.04239301
0.04239301
0.04239301
0.04239301
0.04239301
0.04238587
0.04238587
0.04238587
0.04238587
0.04238587
0.04238594
0.04238594
0.04238594
0.04238594
0.04238594
0.04239329
0.04239329
0.04239329
0.04239329
0.04239329
0.04239426
0.04239426
0.04239426
0.04239426
0.04239426
0.0423945
0.0423945
0.0423945
0.0423945
0.0423945
0.04239404
0.04239404
0.04239404
0.04239404
0.04239404
0.04238719
0.04238719
0.04238719
0.04238719
0.04238719
0.04238741
0.04238741
0.04238741
0.04238741
0.04238741
0.04239504
0.04239504
0.04239504
0.04239504
0.04239504
0.04239628
0.04239628
0.04239628
0.04239628
0.04239628
0.0423968
0.0423968
0.0423968
0.0423968
0.0423968
0.04239665
0.04239665
0.04239665
0.04239665
0.04239665
0.04239006
0.04239006
0.04239006
0.04239006
0.04239006
0.04239056
0.04239056
0.04239056
0.04239056
0.04239056
0.0423989
0.0423989
0.0423989
0.0423989
0.0423989
0.04240079
0.04240079
0.04240079
0.04240079
0.04240079
0.04240175
0.04240175
0.04240175
0.04240175
0.04240175
0.04240179
0.04240179
0.04240179
0.04240179
0.04240179
0.04239473
0.04239473
0.04239473
0.04239473
0.04239473
0.04239264
0.04239264
0.04239264
0.04239264
0.04239264
0.04240437
0.04240437
0.04240437
0.04240437
0.04240437
0.0424078
0.0424078
0.0424078
0.0424078
0.0424078
0.04241934
0.04241934
0.04241934
0.04241934
0.04241934
0.04242242
0.04242242
0.04242242
0.04242242
0.04242242
0.04242173
0.04242173
0.04242173
0.04242173
0.04242173
0.04241737
0.04241737
0.04241737
0.04241737
0.04241737
0.04240529
0.04240529
0.04240529
0.04240529
0.04240529
0.04240487
0.04240487
0.04240487
0.04240487
0.04240487
0.04241545
0.04241545
0.04241545
0.04241545
0.04241545
0.04241833
0.04241833
0.04241833
0.04241833
0.04241833
0.04241785
0.04241785
0.04241785
0.04241785
0.04241785
0.04241397
0.04241397
0.04241397
0.04241397
0.04241397
0.04240246
0.04240246
0.04240246
0.04240246
0.04240246
0.04240226
0.04240226
0.04240226
0.04240226
0.04240226
0.04241307
0.04241307
0.04241307
0.04241307
0.04241307
0.04241621
0.04241621
0.04241621
0.04241621
0.04241621
0.04241601
0.04241601
0.04241601
0.04241601
0.04241601
0.04241239
0.04241239
0.04241239
0.04241239
0.04241239
0.04240115
0.04240115
0.04240115
0.04240115
0.04240115
0.04240109
0.04240109
0.04240109
0.04240109
0.04240109
0.04241215
0.04241215
0.04241215
0.04241215
0.04241215
0.04241555
0.04241555
0.04241555
0.04241555
0.04241555
0.04241555
0.04241555
0.04241555
0.04241555
0.04241555
0.04241214
0.04241214
0.04241214
0.04241214
0.04241214
0.04240109
0.04240109
0.04240109
0.04240109
0.04240109
0.04240114
0.04240114
0.04240114
0.04240114
0.04240114
0.04241236
0.04241236
0.04241236
0.04241236
0.04241236
0.04241597
0.04241597
0.04241597
0.04241597
0.04241597
0.04241619
0.04241619
0.04241619
0.04241619
0.04241619
0.04241305
0.04241305
0.04241305
0.04241305
0.04241305
0.04240225
0.04240225
0.04240225
0.04240225
0.04240225
0.04240244
0.04240244
0.04240244
0.04240244
0.04240244
0.04241395
0.04241395
0.04241395
0.04241395
0.04241395
0.04241783
0.04241783
0.04241783
0.04241783
0.04241783
0.04241831
0.04241831
0.04241831
0.04241831
0.04241831
0.04241542
0.04241542
0.04241542
0.04241542
0.04241542
0.04240484
0.04240484
0.04240484
0.04240484
0.04240484
0.04240526
0.04240526
0.04240526
0.04240526
0.04240526
0.04241733
0.04241733
0.04241733
0.04241733
0.04241733
0.04242167
0.04242167
0.04242167
0.04242167
0.04242167
0.04242235
0.04242235
0.04242235
0.04242235
0.04242235
0.04241928
0.04241928
0.04241928
0.04241928
0.04241928
0.04240776
0.04240776
0.04240776
0.04240776
0.04240776
0.04240433
0.04240433
0.04240433
0.04240433
0.04240433
0.04241583
0.04241583
0.04241583
0.04241583
0.04241583
0.0424202
0.0424202
0.0424202
0.0424202
0.0424202
0.0424349
0.0424349
0.0424349
0.0424349
0.0424349
0.04244023
0.04244023
0.04244023
0.04244023
0.04244023
0.04243979
0.04243979
0.04243979
0.04243979
0.04243979
0.04243372
0.04243372
0.04243372
0.04243372
0.04243372
0.04241905
0.04241905
0.04241905
0.04241905
0.04241905
0.04241869
0.04241869
0.04241869
0.04241869
0.04241869
0.04243213
0.04243213
0.04243213
0.04243213
0.04243213
0.04243699
0.04243699
0.04243699
0.04243699
0.04243699
0.04243655
0.04243655
0.04243655
0.04243655
0.04243655
0.04243077
0.04243077
0.04243077
0.04243077
0.04243077
0.0424165
0.0424165
0.0424165
0.0424165
0.0424165
0.04241631
0.04241631
0.04241631
0.04241631
0.04241631
0.04242989
0.04242989
0.04242989
0.04242989
0.04242989
0.04243496
0.04243496
0.04243496
0.04243496
0.04243496
0.04243475
0.04243475
0.04243475
0.04243475
0.04243475
0.04242922
0.04242922
0.04242922
0.04242922
0.04242922
0.04241524
0.04241524
0.04241524
0.04241524
0.04241524
0.04241519
0.04241519
0.04241519
0.04241519
0.04241519
0.04242899
0.04242899
0.04242899
0.04242899
0.04242899
0.0424343
0.0424343
0.0424343
0.0424343
0.0424343
0.04243429
0.04243429
0.04243429
0.04243429
0.04243429
0.04242898
0.04242898
0.04242898
0.04242898
0.04242898
0.04241518
0.04241518
0.04241518
0.04241518
0.04241518
0.04241523
0.04241523
0.04241523
0.04241523
0.04241523
0.04242922
0.04242922
0.04242922
0.04242922
0.04242922
0.04243474
0.04243474
0.04243474
0.04243474
0.04243474
0.04243495
0.04243495
0.04243495
0.04243495
0.04243495
0.04242988
0.04242988
0.04242988
0.04242988
0.04242988
0.0424163
0.0424163
0.0424163
0.0424163
0.0424163
0.04241649
0.04241649
0.04241649
0.04241649
0.04241649
0.04243076
0.04243076
0.04243076
0.04243076
0.04243076
0.04243654
0.04243654
0.04243654
0.04243654
0.04243654
0.04243697
0.04243697
0.04243697
0.04243697
0.04243697
0.0424321
0.0424321
0.0424321
0.0424321
0.0424321
0.04241867
0.04241867
0.04241867
0.04241867
0.04241867
0.04241902
0.04241902
0.04241902
0.04241902
0.04241902
0.04243369
0.04243369
0.04243369
0.04243369
0.04243369
0.04243975
0.04243975
0.04243975
0.04243975
0.04243975
0.04244017
0.04244017
0.04244017
0.04244017
0.04244017
0.04243485
0.04243485
0.04243485
0.04243485
0.04243485
0.04242016
0.04242016
0.04242016
0.04242016
0.04242016
0.0424158
0.0424158
0.0424158
0.0424158
0.0424158
0.04242699
0.04242699
0.04242699
0.04242699
0.04242699
0.04243204
0.04243204
0.04243204
0.04243204
0.04243204
0.04244901
0.04244901
0.04244901
0.04244901
0.04244901
0.04245599
0.04245599
0.04245599
0.04245599
0.04245599
0.04245576
0.04245576
0.04245576
0.04245576
0.04245576
0.04244844
0.04244844
0.04244844
0.04244844
0.04244844
0.04243189
0.04243189
0.04243189
0.04243189
0.04243189
0.04243161
0.04243161
0.04243161
0.04243161
0.04243161
0.04244716
0.04244716
0.04244716
0.04244716
0.04244716
0.04245352
0.04245352
0.04245352
0.04245352
0.04245352
0.04245313
0.04245313
0.04245313
0.04245313
0.04245313
0.04244595
0.04244595
0.04244595
0.04244595
0.04244595
0.04242968
0.04242968
0.04242968
0.04242968
0.04242968
0.04242952
0.04242952
0.04242952
0.04242952
0.04242952
0.04244517
0.04244517
0.04244517
0.04244517
0.04244517
0.04245169
0.04245169
0.04245169
0.04245169
0.04245169
0.04245149
0.04245149
0.04245149
0.04245149
0.04245149
0.04244456
0.04244456
0.04244456
0.04244456
0.04244456
0.04242857
0.04242857
0.04242857
0.04242857
0.04242857
0.04242852
0.04242852
0.04242852
0.04242852
0.04242852
0.04244438
0.04244438
0.04244438
0.04244438
0.04244438
0.04245112
0.04245112
0.04245112
0.04245112
0.04245112
0.04245111
0.04245111
0.04245111
0.04245111
0.04245111
0.04244437
0.04244437
0.04244437
0.04244437
0.04244437
0.04242852
0.04242852
0.04242852
0.04242852
0.04242852
0.04242857
0.04242857
0.04242857
0.04242857
0.04242857
0.0424446
0.0424446
0.0424446
0.0424446
0.0424446
0.04245152
0.04245152
0.04245152
0.04245152
0.04245152
0.04245169
0.04245169
0.04245169
0.04245169
0.04245169
0.04244516
0.04244516
0.04244516
0.04244516
0.04244516
0.0424295
0.0424295
0.0424295
0.0424295
0.0424295
0.04242968
0.04242968
0.04242968
0.04242968
0.04242968
0.04244595
0.04244595
0.04244595
0.04244595
0.04244595
0.04245311
0.04245311
0.04245311
0.04245311
0.04245311
0.0424535
0.0424535
0.0424535
0.0424535
0.0424535
0.04244714
0.04244714
0.04244714
0.04244714
0.04244714
0.04243159
0.04243159
0.04243159
0.04243159
0.04243159
0.04243187
0.04243187
0.04243187
0.04243187
0.04243187
0.04244842
0.04244842
0.04244842
0.04244842
0.04244842
0.04245573
0.04245573
0.04245573
0.04245573
0.04245573
0.04245595
0.04245595
0.04245595
0.04245595
0.04245595
0.04244896
0.04244896
0.04244896
0.04244896
0.04244896
0.042432
0.042432
0.042432
0.042432
0.042432
0.04242696
0.04242696
0.04242696
0.04242696
0.04242696
0.04243779
0.04243779
0.04243779
0.04243779
0.04243779
0.04244338
0.04244338
0.04244338
0.04244338
0.04244338
0.04246215
0.04246215
0.04246215
0.04246215
0.04246215
0.04247045
0.04247045
0.04247045
0.04247045
0.04247045
0.04247042
0.04247042
0.04247042
0.04247042
0.04247042
0.04246214
0.04246214
0.04246214
0.04246214
0.04246214
0.04244412
0.04244412
0.04244412
0.04244412
0.04244412
0.0424439
0.0424439
0.0424439
0.0424439
0.0424439
0.04246115
0.04246115
0.04246115
0.04246115
0.04246115
0.0424687
0.0424687
0.0424687
0.0424687
0.0424687
0.04246834
0.04246834
0.04246834
0.04246834
0.04246834
0.04246005
0.04246005
0.04246005
0.04246005
0.04246005
0.04244219
0.04244219
0.04244219
0.04244219
0.04244219
0.04244202
0.04244202
0.04244202
0.04244202
0.04244202
0.0424593
0.0424593
0.0424593
0.0424593
0.0424593
0.04246696
0.04246696
0.04246696
0.04246696
0.04246696
0.04246677
0.04246677
0.04246677
0.04246677
0.04246677
0.04245872
0.04245872
0.04245872
0.04245872
0.04245872
0.0424411
0.0424411
0.0424411
0.0424411
0.0424411
0.04244104
0.04244104
0.04244104
0.04244104
0.04244104
0.04245848
0.04245848
0.04245848
0.04245848
0.04245848
0.04246634
0.04246634
0.04246634
0.04246634
0.04246634
0.04246634
0.04246634
0.04246634
0.04246634
0.04246634
0.04245847
0.04245847
0.04245847
0.04245847
0.04245847
0.04244103
0.04244103
0.04244103
0.04244103
0.04244103
0.04244109
0.04244109
0.04244109
0.04244109
0.04244109
0.04245871
0.04245871
0.04245871
0.04245871
0.04245871
0.04246676
0.04246676
0.04246676
0.04246676
0.04246676
0.04246694
0.04246694
0.04246694
0.04246694
0.04246694
0.04245927
0.04245927
0.04245927
0.04245927
0.04245927
0.04244199
0.04244199
0.04244199
0.04244199
0.04244199
0.04244215
0.04244215
0.04244215
0.04244215
0.04244215
0.04246001
0.04246001
0.04246001
0.04246001
0.04246001
0.0424683
0.0424683
0.0424683
0.0424683
0.0424683
0.04246869
0.04246869
0.04246869
0.04246869
0.04246869
0.04246114
0.04246114
0.04246114
0.04246114
0.04246114
0.0424439
0.0424439
0.0424439
0.0424439
0.0424439
0.04244412
0.04244412
0.04244412
0.04244412
0.04244412
0.04246216
0.04246216
0.04246216
0.04246216
0.04246216
0.04247046
0.04247046
0.04247046
0.04247046
0.04247046
0.04247052
0.04247052
0.04247052
0.04247052
0.04247052
0.04246221
0.04246221
0.04246221
0.04246221
0.04246221
0.04244342
0.04244342
0.04244342
0.04244342
0.04244342
0.04243783
0.04243783
0.04243783
0.04243783
0.04243783
0.04244824
0.04244824
0.04244824
0.04244824
0.04244824
0.04245427
0.04245427
0.04245427
0.04245427
0.04245427
0.04247454
0.04247454
0.04247454
0.04247454
0.04247454
0.04248393
0.04248393
0.04248393
0.04248393
0.04248393
0.04248401
0.04248401
0.04248401
0.04248401
0.04248401
0.0424749
0.0424749
0.0424749
0.0424749
0.0424749
0.04245567
0.04245567
0.04245567
0.04245567
0.04245567
0.0424555
0.0424555
0.0424555
0.0424555
0.0424555
0.04247414
0.04247414
0.04247414
0.04247414
0.04247414
0.04248269
0.04248269
0.04248269
0.04248269
0.04248269
0.04248233
0.04248233
0.04248233
0.04248233
0.04248233
0.04247312
0.04247312
0.04247312
0.04247312
0.04247312
0.04245395
0.04245395
0.04245395
0.04245395
0.04245395
0.04245381
0.04245381
0.04245381
0.04245381
0.04245381
0.04247246
0.04247246
0.04247246
0.04247246
0.04247246
0.0424811
0.0424811
0.0424811
0.0424811
0.0424811
0.04248092
0.04248092
0.04248092
0.04248092
0.04248092
0.04247193
0.04247193
0.04247193
0.04247193
0.04247193
0.04245298
0.04245298
0.04245298
0.04245298
0.04245298
0.04245293
0.04245293
0.04245293
0.04245293
0.04245293
0.0424717
0.0424717
0.0424717
0.0424717
0.0424717
0.04248051
0.04248051
0.04248051
0.04248051
0.04248051
0.0424805
0.0424805
0.0424805
0.0424805
0.0424805
0.04247169
0.04247169
0.04247169
0.04247169
0.04247169
0.04245292
0.04245292
0.04245292
0.04245292
0.04245292
0.04245298
0.04245298
0.04245298
0.04245298
0.04245298
0.04247194
0.04247194
0.04247194
0.04247194
0.04247194
0.04248093
0.04248093
0.04248093
0.04248093
0.04248093
0.04248109
0.04248109
0.04248109
0.04248109
0.04248109
0.04247245
0.04247245
0.04247245
0.04247245
0.04247245
0.04245381
0.04245381
0.04245381
0.04245381
0.04245381
0.04245396
0.04245396
0.04245396
0.04245396
0.04245396
0.04247313
0.04247313
0.04247313
0.04247313
0.04247313
0.04248233
0.04248233
0.04248233
0.04248233
0.04248233
0.04248265
0.04248265
0.04248265
0.04248265
0.04248265
0.04247409
0.04247409
0.04247409
0.04247409
0.04247409
0.04245545
0.04245545
0.04245545
0.04245545
0.04245545
0.04245562
0.04245562
0.04245562
0.04245562
0.04245562
0.04247483
0.04247483
0.04247483
0.04247483
0.04247483
0.04248391
0.04248391
0.04248391
0.04248391
0.04248391
0.04248379
0.04248379
0.04248379
0.04248379
0.04248379
0.04247439
0.04247439
0.04247439
0.04247439
0.04247439
0.04245415
0.04245415
0.04245415
0.04245415
0.04245415
0.04244813
0.04244813
0.04244813
0.04244813
0.04244813
0.04245802
0.04245802
0.04245802
0.04245802
0.04245802
0.04246441
0.04246441
0.04246441
0.04246441
0.04246441
0.04248592
0.04248592
0.04248592
0.04248592
0.04248592
0.04249623
0.04249623
0.04249623
0.04249623
0.04249623
0.04249644
0.04249644
0.04249644
0.04249644
0.04249644
0.04248667
0.04248667
0.04248667
0.04248667
0.04248667
0.04246644
0.04246644
0.04246644
0.04246644
0.04246644
0.04246632
0.04246632
0.04246632
0.04246632
0.04246632
0.04248614
0.04248614
0.04248614
0.04248614
0.04248614
0.04249555
0.04249555
0.04249555
0.04249555
0.04249555
0.04249526
0.04249526
0.04249526
0.04249526
0.04249526
0.04248529
0.04248529
0.04248529
0.04248529
0.04248529
0.04246501
0.04246501
0.04246501
0.04246501
0.04246501
0.04246489
0.04246489
0.04246489
0.04246489
0.04246489
0.04248473
0.04248473
0.04248473
0.04248473
0.04248473
0.04249424
0.04249424
0.04249424
0.04249424
0.04249424
0.0424941
0.0424941
0.0424941
0.0424941
0.0424941
0.04248429
0.04248429
0.04248429
0.04248429
0.04248429
0.04246419
0.04246419
0.04246419
0.04246419
0.04246419
0.04246415
0.04246415
0.04246415
0.04246415
0.04246415
0.04248409
0.04248409
0.04248409
0.04248409
0.04248409
0.04249373
0.04249373
0.04249373
0.04249373
0.04249373
0.04249372
0.04249372
0.04249372
0.04249372
0.04249372
0.04248409
0.04248409
0.04248409
0.04248409
0.04248409
0.04246414
0.04246414
0.04246414
0.04246414
0.04246414
0.04246418
0.04246418
0.04246418
0.04246418
0.04246418
0.04248426
0.04248426
0.04248426
0.04248426
0.04248426
0.04249406
0.04249406
0.04249406
0.04249406
0.04249406
0.04249421
0.04249421
0.04249421
0.04249421
0.04249421
0.04248471
0.04248471
0.04248471
0.04248471
0.04248471
0.04246487
0.04246487
0.04246487
0.04246487
0.04246487
0.04246499
0.04246499
0.04246499
0.04246499
0.04246499
0.04248527
0.04248527
0.04248527
0.04248527
0.04248527
0.04249524
0.04249524
0.04249524
0.04249524
0.04249524
0.04249552
0.04249552
0.04249552
0.04249552
0.04249552
0.0424861
0.0424861
0.0424861
0.0424861
0.0424861
0.04246629
0.04246629
0.04246629
0.04246629
0.04246629
0.04246641
0.04246641
0.04246641
0.04246641
0.04246641
0.04248662
0.04248662
0.04248662
0.04248662
0.04248662
0.04249638
0.04249638
0.04249638
0.04249638
0.04249638
0.04249615
0.04249615
0.04249615
0.04249615
0.04249615
0.04248585
0.04248585
0.04248585
0.04248585
0.04248585
0.04246437
0.04246437
0.04246437
0.04246437
0.04246437
0.04245798
0.04245798
0.04245798
0.04245798
0.04245798
0.04246729
0.04246729
0.04246729
0.04246729
0.04246729
0.04247403
0.04247403
0.04247403
0.04247403
0.04247403
0.04249668
0.04249668
0.04249668
0.04249668
0.04249668
0.04250782
0.04250782
0.04250782
0.04250782
0.04250782
0.04250814
0.04250814
0.04250814
0.04250814
0.04250814
0.04249776
0.04249776
0.04249776
0.04249776
0.04249776
0.04247662
0.04247662
0.04247662
0.04247662
0.04247662
0.04247654
0.04247654
0.04247654
0.04247654
0.04247654
0.04249743
0.04249743
0.04249743
0.04249743
0.04249743
0.04250762
0.04250762
0.04250762
0.04250762
0.04250762
0.04250736
0.04250736
0.04250736
0.04250736
0.04250736
0.04249668
0.04249668
0.04249668
0.04249668
0.04249668
0.04247538
0.04247538
0.04247538
0.04247538
0.04247538
0.04247527
0.04247527
0.04247527
0.04247527
0.04247527
0.04249616
0.04249616
0.04249616
0.04249616
0.04249616
0.04250642
0.04250642
0.04250642
0.04250642
0.04250642
0.04250628
0.04250628
0.04250628
0.04250628
0.04250628
0.04249573
0.04249573
0.04249573
0.04249573
0.04249573
0.04247461
0.04247461
0.04247461
0.04247461
0.04247461
0.04247457
0.04247457
0.04247457
0.04247457
0.04247457
0.04249555
0.04249555
0.04249555
0.04249555
0.04249555
0.04250593
0.04250593
0.04250593
0.04250593
0.04250593
0.04250593
0.04250593
0.04250593
0.04250593
0.04250593
0.04249554
0.04249554
0.04249554
0.04249554
0.04249554
0.04247457
0.04247457
0.04247457
0.04247457
0.04247457
0.04247461
0.04247461
0.04247461
0.04247461
0.04247461
0.04249572
0.04249572
0.04249572
0.04249572
0.04249572
0.04250627
0.04250627
0.04250627
0.04250627
0.04250627
0.04250641
0.04250641
0.04250641
0.04250641
0.04250641
0.04249614
0.04249614
0.04249614
0.04249614
0.04249614
0.04247525
0.04247525
0.04247525
0.04247525
0.04247525
0.04247537
0.04247537
0.04247537
0.04247537
0.04247537
0.04249667
0.04249667
0.04249667
0.04249667
0.04249667
0.04250734
0.04250734
0.04250734
0.04250734
0.04250734
0.0425076
0.0425076
0.0425076
0.0425076
0.0425076
0.0424974
0.0424974
0.0424974
0.0424974
0.0424974
0.04247652
0.04247652
0.04247652
0.04247652
0.04247652
0.04247659
0.04247659
0.04247659
0.04247659
0.04247659
0.04249772
0.04249772
0.04249772
0.04249772
0.04249772
0.04250809
0.04250809
0.04250809
0.04250809
0.04250809
0.04250776
0.04250776
0.04250776
0.04250776
0.04250776
0.04249661
0.04249661
0.04249661
0.04249661
0.04249661
0.04247398
0.04247398
0.04247398
0.04247398
0.04247398
0.04246725
0.04246725
0.04246725
0.04246725
0.04246725
0.04247593
0.04247593
0.04247593
0.04247593
0.04247593
0.04248297
0.04248297
0.04248297
0.04248297
0.04248297
0.04250663
0.04250663
0.04250663
0.04250663
0.04250663
0.04251853
0.04251853
0.04251853
0.04251853
0.04251853
0.04251895
0.04251895
0.04251895
0.04251895
0.04251895
0.04250799
0.04250799
0.04250799
0.04250799
0.04250799
0.04248601
0.04248601
0.04248601
0.04248601
0.04248601
0.04248598
0.04248598
0.04248598
0.04248598
0.04248598
0.04250785
0.04250785
0.04250785
0.04250785
0.04250785
0.04251876
0.04251876
0.04251876
0.04251876
0.04251876
0.04251853
0.04251853
0.04251853
0.04251853
0.04251853
0.04250719
0.04250719
0.04250719
0.04250719
0.04250719
0.042485
0.042485
0.042485
0.042485
0.042485
0.04248491
0.04248491
0.04248491
0.04248491
0.04248491
0.04250677
0.04250677
0.04250677
0.04250677
0.04250677
0.04251774
0.04251774
0.04251774
0.04251774
0.04251774
0.04251761
0.04251761
0.04251761
0.04251761
0.04251761
0.04250639
0.04250639
0.04250639
0.04250639
0.04250639
0.04248435
0.04248435
0.04248435
0.04248435
0.04248435
0.04248433
0.04248433
0.04248433
0.04248433
0.04248433
0.04250628
0.04250628
0.04250628
0.04250628
0.04250628
0.04251736
0.04251736
0.04251736
0.04251736
0.04251736
0.04251735
0.04251735
0.04251735
0.04251735
0.04251735
0.04250627
0.04250627
0.04250627
0.04250627
0.04250627
0.04248432
0.04248432
0.04248432
0.04248432
0.04248432
0.04248436
0.04248436
0.04248436
0.04248436
0.04248436
0.04250643
0.04250643
0.04250643
0.04250643
0.04250643
0.04251763
0.04251763
0.04251763
0.04251763
0.04251763
0.04251774
0.04251774
0.04251774
0.04251774
0.04251774
0.04250675
0.04250675
0.04250675
0.04250675
0.04250675
0.0424849
0.0424849
0.0424849
0.0424849
0.0424849
0.042485
0.042485
0.042485
0.042485
0.042485
0.0425072
0.0425072
0.0425072
0.0425072
0.0425072
0.04251851
0.04251851
0.04251851
0.04251851
0.04251851
0.04251874
0.04251874
0.04251874
0.04251874
0.04251874
0.04250783
0.04250783
0.04250783
0.04250783
0.04250783
0.04248596
0.04248596
0.04248596
0.04248596
0.04248596
0.042486
0.042486
0.042486
0.042486
0.042486
0.04250797
0.04250797
0.04250797
0.04250797
0.04250797
0.04251892
0.04251892
0.04251892
0.04251892
0.04251892
0.04251849
0.04251849
0.04251849
0.04251849
0.04251849
0.04250657
0.04250657
0.04250657
0.04250657
0.04250657
0.04248293
0.04248293
0.04248293
0.04248293
0.04248293
0.0424759
0.0424759
0.0424759
0.0424759
0.0424759
0.04248389
0.04248389
0.04248389
0.04248389
0.04248389
0.04249122
0.04249122
0.04249122
0.04249122
0.04249122
0.04251587
0.04251587
0.04251587
0.04251587
0.04251587
0.04252851
0.04252851
0.04252851
0.04252851
0.04252851
0.04252904
0.04252904
0.04252904
0.04252904
0.04252904
0.04251754
0.04251754
0.04251754
0.04251754
0.04251754
0.04249475
0.04249475
0.04249475
0.04249475
0.04249475
0.04249476
0.04249476
0.04249476
0.04249476
0.04249476
0.04251758
0.04251758
0.04251758
0.04251758
0.04251758
0.04252917
0.04252917
0.04252917
0.04252917
0.04252917
0.04252896
0.04252896
0.04252896
0.04252896
0.04252896
0.042517
0.042517
0.042517
0.042517
0.042517
0.04249391
0.04249391
0.04249391
0.04249391
0.04249391
0.04249382
0.04249382
0.04249382
0.04249382
0.04249382
0.04251657
0.04251657
0.04251657
0.04251657
0.04251657
0.0425282
0.0425282
0.0425282
0.0425282
0.0425282
0.04252808
0.04252808
0.04252808
0.04252808
0.04252808
0.04251622
0.04251622
0.04251622
0.04251622
0.04251622
0.04249327
0.04249327
0.04249327
0.04249327
0.04249327
0.04249324
0.04249324
0.04249324
0.04249324
0.04249324
0.04251609
0.04251609
0.04251609
0.04251609
0.04251609
0.04252782
0.04252782
0.04252782
0.04252782
0.04252782
0.04252781
0.04252781
0.04252781
0.04252781
0.04252781
0.04251608
0.04251608
0.04251608
0.04251608
0.04251608
0.04249323
0.04249323
0.04249323
0.04249323
0.04249323
0.04249326
0.04249326
0.04249326
0.04249326
0.04249326
0.04251621
0.04251621
0.04251621
0.04251621
0.04251621
0.04252806
0.04252806
0.04252806
0.04252806
0.04252806
0.04252818
0.04252818
0.04252818
0.04252818
0.04252818
0.04251655
0.04251655
0.04251655
0.04251655
0.04251655
0.04249378
0.04249378
0.04249378
0.04249378
0.04249378
0.04249388
0.04249388
0.04249388
0.04249388
0.04249388
0.04251697
0.04251697
0.04251697
0.04251697
0.04251697
0.04252893
0.04252893
0.04252893
0.04252893
0.04252893
0.04252917
0.04252917
0.04252917
0.04252917
0.04252917
0.04251757
0.04251757
0.04251757
0.04251757
0.04251757
0.04249475
0.04249475
0.04249475
0.04249475
0.04249475
0.04249475
0.04249475
0.04249475
0.04249475
0.04249475
0.04251756
0.04251756
0.04251756
0.04251756
0.04251756
0.04252908
0.04252908
0.04252908
0.04252908
0.04252908
0.04252857
0.04252857
0.04252857
0.04252857
0.04252857
0.04251592
0.04251592
0.04251592
0.04251592
0.04251592
0.04249126
0.04249126
0.04249126
0.04249126
0.04249126
0.04248392
0.04248392
0.04248392
0.04248392
0.04248392
0.04249116
0.04249116
0.04249116
0.04249116
0.04249116
0.0424988
0.0424988
0.0424988
0.0424988
0.0424988
0.04252444
0.04252444
0.04252444
0.04252444
0.04252444
0.04253781
0.04253781
0.04253781
0.04253781
0.04253781
0.0425384
0.0425384
0.0425384
0.0425384
0.0425384
0.04252633
0.04252633
0.04252633
0.04252633
0.04252633
0.04250271
0.04250271
0.04250271
0.04250271
0.04250271
0.04250274
0.04250274
0.04250274
0.04250274
0.04250274
0.04252649
0.04252649
0.04252649
0.04252649
0.04252649
0.04253876
0.04253876
0.04253876
0.04253876
0.04253876
0.04253855
0.04253855
0.04253855
0.04253855
0.04253855
0.04252595
0.04252595
0.04252595
0.04252595
0.04252595
0.04250198
0.04250198
0.04250198
0.04250198
0.04250198
0.04250189
0.04250189
0.04250189
0.04250189
0.04250189
0.04252556
0.04252556
0.04252556
0.04252556
0.04252556
0.04253785
0.04253785
0.04253785
0.04253785
0.04253785
0.04253773
0.04253773
0.04253773
0.04253773
0.04253773
0.04252525
0.04252525
0.04252525
0.04252525
0.04252525
0.04250141
0.04250141
0.04250141
0.04250141
0.04250141
0.04250139
0.04250139
0.04250139
0.04250139
0.04250139
0.04252514
0.04252514
0.04252514
0.04252514
0.04252514
0.04253752
0.04253752
0.04253752
0.04253752
0.04253752
0.04253751
0.04253751
0.04253751
0.04253751
0.04253751
0.04252513
0.04252513
0.04252513
0.04252513
0.04252513
0.04250138
0.04250138
0.04250138
0.04250138
0.04250138
0.04250141
0.04250141
0.04250141
0.04250141
0.04250141
0.04252526
0.04252526
0.04252526
0.04252526
0.04252526
0.04253774
0.04253774
0.04253774
0.04253774
0.04253774
0.04253784
0.04253784
0.04253784
0.04253784
0.04253784
0.04252555
0.04252555
0.04252555
0.04252555
0.04252555
0.04250189
0.04250189
0.04250189
0.04250189
0.04250189
0.04250198
0.04250198
0.04250198
0.04250198
0.04250198
0.04252596
0.04252596
0.04252596
0.04252596
0.04252596
0.04253854
0.04253854
0.04253854
0.04253854
0.04253854
0.04253871
0.04253871
0.04253871
0.04253871
0.04253871
0.04252643
0.04252643
0.04252643
0.04252643
0.04252643
0.04250269
0.04250269
0.04250269
0.04250269
0.04250269
0.04250265
0.04250265
0.04250265
0.04250265
0.04250265
0.04252625
0.04252625
0.04252625
0.04252625
0.04252625
0.04253828
0.04253828
0.04253828
0.04253828
0.04253828
0.04253765
0.04253765
0.04253765
0.04253765
0.04253765
0.04252428
0.04252428
0.04252428
0.04252428
0.04252428
0.04249867
0.04249867
0.04249867
0.04249867
0.04249867
0.04249105
0.04249105
0.04249105
0.04249105
0.04249105
0.04249747
0.04249747
0.04249747
0.04249747
0.04249747
0.04250537
0.04250537
0.04250537
0.04250537
0.04250537
0.04253197
0.04253197
0.04253197
0.04253197
0.04253197
0.04254605
0.04254605
0.04254605
0.04254605
0.04254605
0.04254673
0.04254673
0.04254673
0.04254673
0.04254673
0.04253413
0.04253413
0.04253413
0.04253413
0.04253413
0.04250973
0.04250973
0.04250973
0.04250973
0.04250973
0.04250979
0.04250979
0.04250979
0.04250979
0.04250979
0.04253445
0.04253445
0.04253445
0.04253445
0.04253445
0.0425474
0.0425474
0.0425474
0.0425474
0.0425474
0.04254724
0.04254724
0.04254724
0.04254724
0.04254724
0.04253405
0.04253405
0.04253405
0.04253405
0.04253405
0.0425092
0.0425092
0.0425092
0.0425092
0.0425092
0.04250912
0.04250912
0.04250912
0.04250912
0.04250912
0.0425337
0.0425337
0.0425337
0.0425337
0.0425337
0.04254666
0.04254666
0.04254666
0.04254666
0.04254666
0.04254658
0.04254658
0.04254658
0.04254658
0.04254658
0.04253347
0.04253347
0.04253347
0.04253347
0.04253347
0.04250873
0.04250873
0.04250873
0.04250873
0.04250873
0.04250871
0.04250871
0.04250871
0.04250871
0.04250871
0.04253338
0.04253338
0.04253338
0.04253338
0.04253338
0.04254641
0.04254641
0.04254641
0.04254641
0.04254641
0.04254641
0.04254641
0.04254641
0.04254641
0.04254641
0.04253337
0.04253337
0.04253337
0.04253337
0.04253337
0.0425087
0.0425087
0.0425087
0.0425087
0.0425087
0.04250872
0.04250872
0.04250872
0.04250872
0.04250872
0.04253344
0.04253344
0.04253344
0.04253344
0.04253344
0.04254655
0.04254655
0.04254655
0.04254655
0.04254655
0.04254664
0.04254664
0.04254664
0.04254664
0.04254664
0.04253368
0.04253368
0.04253368
0.04253368
0.04253368
0.0425091
0.0425091
0.0425091
0.0425091
0.0425091
0.04250918
0.04250918
0.04250918
0.04250918
0.04250918
0.04253402
0.04253402
0.04253402
0.04253402
0.04253402
0.04254722
0.04254722
0.04254722
0.04254722
0.04254722
0.04254736
0.04254736
0.04254736
0.04254736
0.04254736
0.04253441
0.04253441
0.04253441
0.04253441
0.04253441
0.04250976
0.04250976
0.04250976
0.04250976
0.04250976
0.04250969
0.04250969
0.04250969
0.04250969
0.04250969
0.04253408
0.04253408
0.04253408
0.04253408
0.04253408
0.04254665
0.04254665
0.04254665
0.04254665
0.04254665
0.04254596
0.04254596
0.04254596
0.04254596
0.04254596
0.04253189
0.04253189
0.04253189
0.04253189
0.04253189
0.04250532
0.04250532
0.04250532
0.04250532
0.04250532
0.04249742
0.04249742
0.04249742
0.04249742
0.04249742
0.04250298
0.04250298
0.04250298
0.04250298
0.04250298
0.0425112
0.0425112
0.0425112
0.0425112
0.0425112
0.04253884
0.04253884
0.04253884
0.04253884
0.04253884
0.0425537
0.0425537
0.0425537
0.0425537
0.0425537
0.04255448
0.04255448
0.04255448
0.04255448
0.04255448
0.04254129
0.04254129
0.04254129
0.04254129
0.04254129
0.042516
0.042516
0.042516
0.042516
0.042516
0.0425161
0.0425161
0.0425161
0.0425161
0.0425161
0.04254173
0.04254173
0.04254173
0.04254173
0.04254173
0.04255541
0.04255541
0.04255541
0.04255541
0.04255541
0.04255528
0.04255528
0.04255528
0.04255528
0.04255528
0.04254139
0.04254139
0.04254139
0.04254139
0.04254139
0.04251558
0.04251558
0.04251558
0.04251558
0.04251558
0.0425155
0.0425155
0.0425155
0.0425155
0.0425155
0.04254105
0.04254105
0.04254105
0.04254105
0.04254105
0.04255471
0.04255471
0.04255471
0.04255471
0.04255471
0.04255462
0.04255462
0.04255462
0.04255462
0.04255462
0.04254081
0.04254081
0.04254081
0.04254081
0.04254081
0.04251512
0.04251512
0.04251512
0.04251512
0.04251512
0.04251511
0.04251511
0.04251511
0.04251511
0.04251511
0.04254072
0.04254072
0.04254072
0.04254072
0.04254072
0.04255445
0.04255445
0.04255445
0.04255445
0.04255445
0.04255445
0.04255445
0.04255445
0.04255445
0.04255445
0.04254071
0.04254071
0.04254071
0.04254071
0.04254071
0.0425151
0.0425151
0.0425151
0.0425151
0.0425151
0.04251512
0.04251512
0.04251512
0.04251512
0.04251512
0.04254081
0.04254081
0.04254081
0.04254081
0.04254081
0.04255461
0.04255461
0.04255461
0.04255461
0.04255461
0.04255469
0.04255469
0.04255469
0.04255469
0.04255469
0.04254103
0.04254103
0.04254103
0.04254103
0.04254103
0.04251548
0.04251548
0.04251548
0.04251548
0.04251548
0.04251556
0.04251556
0.04251556
0.04251556
0.04251556
0.04254138
0.04254138
0.04254138
0.04254138
0.04254138
0.04255526
0.04255526
0.04255526
0.04255526
0.04255526
0.04255538
0.04255538
0.04255538
0.04255538
0.04255538
0.0425417
0.0425417
0.0425417
0.0425417
0.0425417
0.04251607
0.04251607
0.04251607
0.04251607
0.04251607
0.04251597
0.04251597
0.04251597
0.04251597
0.04251597
0.04254125
0.04254125
0.04254125
0.04254125
0.04254125
0.04255442
0.04255442
0.04255442
0.04255442
0.04255442
0.04255363
0.04255363
0.04255363
0.04255363
0.04255363
0.04253877
0.04253877
0.04253877
0.04253877
0.04253877
0.04251115
0.04251115
0.04251115
0.04251115
0.04251115
0.04250294
0.04250294
0.04250294
0.04250294
0.04250294
0.04250759
0.04250759
0.04250759
0.04250759
0.04250759
0.04251614
0.04251614
0.04251614
0.04251614
0.04251614
0.0425449
0.0425449
0.0425449
0.0425449
0.0425449
0.04256065
0.04256065
0.04256065
0.04256065
0.04256065
0.04256152
0.04256152
0.04256152
0.04256152
0.04256152
0.04254764
0.04254764
0.04254764
0.04254764
0.04254764
0.04252137
0.04252137
0.04252137
0.04252137
0.04252137
0.04252149
0.04252149
0.04252149
0.04252149
0.04252149
0.0425482
0.0425482
0.0425482
0.0425482
0.0425482
0.0425627
0.0425627
0.0425627
0.0425627
0.0425627
0.04256259
0.04256259
0.04256259
0.04256259
0.04256259
0.04254793
0.04254793
0.04254793
0.04254793
0.04254793
0.04252108
0.04252108
0.04252108
0.04252108
0.04252108
0.04252102
0.04252102
0.04252102
0.04252102
0.04252102
0.04254765
0.04254765
0.04254765
0.04254765
0.04254765
0.04256211
0.04256211
0.04256211
0.04256211
0.04256211
0.04256203
0.04256203
0.04256203
0.04256203
0.04256203
0.04254745
0.04254745
0.04254745
0.04254745
0.04254745
0.04252071
0.04252071
0.04252071
0.04252071
0.04252071
0.0425207
0.0425207
0.0425207
0.0425207
0.0425207
0.04254739
0.04254739
0.04254739
0.04254739
0.04254739
0.04256192
0.04256192
0.04256192
0.04256192
0.04256192
0.04256191
0.04256191
0.04256191
0.04256191
0.04256191
0.04254738
0.04254738
0.04254738
0.04254738
0.04254738
0.04252069
0.04252069
0.04252069
0.04252069
0.04252069
0.04252071
0.04252071
0.04252071
0.04252071
0.04252071
0.04254748
0.04254748
0.04254748
0.04254748
0.04254748
0.04256206
0.04256206
0.04256206
0.04256206
0.04256206
0.04256211
0.04256211
0.04256211
0.04256211
0.04256211
0.04254764
0.04254764
0.04254764
0.04254764
0.04254764
0.04252101
0.04252101
0.04252101
0.04252101
0.04252101
0.04252108
0.04252108
0.04252108
0.04252108
0.04252108
0.04254793
0.04254793
0.04254793
0.04254793
0.04254793
0.04256258
0.04256258
0.04256258
0.04256258
0.04256258
0.04256268
0.04256268
0.04256268
0.04256268
0.04256268
0.04254818
0.04254818
0.04254818
0.04254818
0.04254818
0.04252146
0.04252146
0.04252146
0.04252146
0.04252146
0.04252135
0.04252135
0.04252135
0.04252135
0.04252135
0.04254762
0.04254762
0.04254762
0.04254762
0.04254762
0.04256149
0.04256149
0.04256149
0.04256149
0.04256149
0.0425606
0.0425606
0.0425606
0.0425606
0.0425606
0.04254484
0.04254484
0.04254484
0.04254484
0.04254484
0.04251609
0.04251609
0.04251609
0.04251609
0.04251609
0.04250755
0.04250755
0.04250755
0.04250755
0.04250755
0.04251126
0.04251126
0.04251126
0.04251126
0.04251126
0.04252024
0.04252024
0.04252024
0.04252024
0.04252024
0.04255042
0.04255042
0.04255042
0.04255042
0.04255042
0.04256727
0.04256727
0.04256727
0.04256727
0.04256727
0.04256828
0.04256828
0.04256828
0.04256828
0.04256828
0.04255355
0.04255355
0.04255355
0.04255355
0.04255355
0.042526
0.042526
0.042526
0.042526
0.042526
0.04252614
0.04252614
0.04252614
0.04252614
0.04252614
0.04255422
0.04255422
0.04255422
0.04255422
0.04255422
0.04256971
0.04256971
0.04256971
0.04256971
0.04256971
0.04256962
0.04256962
0.04256962
0.04256962
0.04256962
0.042554
0.042554
0.042554
0.042554
0.042554
0.0425258
0.0425258
0.0425258
0.0425258
0.0425258
0.04252574
0.04252574
0.04252574
0.04252574
0.04252574
0.0425537
0.0425537
0.0425537
0.0425537
0.0425537
0.04256913
0.04256913
0.04256913
0.04256913
0.04256913
0.04256906
0.04256906
0.04256906
0.04256906
0.04256906
0.0425535
0.0425535
0.0425535
0.0425535
0.0425535
0.04252541
0.04252541
0.04252541
0.04252541
0.04252541
0.04252538
0.04252538
0.04252538
0.04252538
0.04252538
0.0425534
0.0425534
0.0425534
0.0425534
0.0425534
0.04256889
0.04256889
0.04256889
0.04256889
0.04256889
0.04256889
0.04256889
0.04256889
0.04256889
0.04256889
0.04255339
0.04255339
0.04255339
0.04255339
0.04255339
0.04252537
0.04252537
0.04252537
0.04252537
0.04252537
0.0425254
0.0425254
0.0425254
0.0425254
0.0425254
0.0425535
0.0425535
0.0425535
0.0425535
0.0425535
0.04256904
0.04256904
0.04256904
0.04256904
0.04256904
0.04256911
0.04256911
0.04256911
0.04256911
0.04256911
0.04255368
0.04255368
0.04255368
0.04255368
0.04255368
0.04252571
0.04252571
0.04252571
0.04252571
0.04252571
0.04252577
0.04252577
0.04252577
0.04252577
0.04252577
0.04255397
0.04255397
0.04255397
0.04255397
0.04255397
0.04256959
0.04256959
0.04256959
0.04256959
0.04256959
0.04256971
0.04256971
0.04256971
0.04256971
0.04256971
0.04255422
0.04255422
0.04255422
0.04255422
0.04255422
0.04252614
0.04252614
0.04252614
0.04252614
0.04252614
0.042526
0.042526
0.042526
0.042526
0.042526
0.04255356
0.04255356
0.04255356
0.04255356
0.04255356
0.04256832
0.04256832
0.04256832
0.04256832
0.04256832
0.04256732
0.04256732
0.04256732
0.04256732
0.04256732
0.04255046
0.04255046
0.04255046
0.04255046
0.04255046
0.04252026
0.04252026
0.04252026
0.04252026
0.04252026
0.0425113
0.0425113
0.0425113
0.0425113
0.0425113
0.04251401
0.04251401
0.04251401
0.04251401
0.04251401
0.04252355
0.04252355
0.04252355
0.04252355
0.04252355
0.04255575
0.04255575
0.04255575
0.04255575
0.04255575
0.04257432
0.04257432
0.04257432
0.04257432
0.04257432
0.04257547
0.04257547
0.04257547
0.04257547
0.04257547
0.04255933
0.04255933
0.04255933
0.04255933
0.04255933
0.04252988
0.04252988
0.04252988
0.04252988
0.04252988
0.04253005
0.04253005
0.04253005
0.04253005
0.04253005
0.04256009
0.04256009
0.04256009
0.04256009
0.04256009
0.04257712
0.04257712
0.04257712
0.04257712
0.04257712
0.04257701
0.04257701
0.04257701
0.04257701
0.04257701
0.04255988
0.04255988
0.04255988
0.04255988
0.04255988
0.04252972
0.04252972
0.04252972
0.04252972
0.04252972
0.04252966
0.04252966
0.04252966
0.04252966
0.04252966
0.04255961
0.04255961
0.04255961
0.04255961
0.04255961
0.04257656
0.04257656
0.04257656
0.04257656
0.04257656
0.04257649
0.04257649
0.04257649
0.04257649
0.04257649
0.04255942
0.04255942
0.04255942
0.04255942
0.04255942
0.04252936
0.04252936
0.04252936
0.04252936
0.04252936
0.04252934
0.04252934
0.04252934
0.04252934
0.04252934
0.04255933
0.04255933
0.04255933
0.04255933
0.04255933
0.04257634
0.04257634
0.04257634
0.04257634
0.04257634
0.04257633
0.04257633
0.04257633
0.04257633
0.04257633
0.04255932
0.04255932
0.04255932
0.04255932
0.04255932
0.04252933
0.04252933
0.04252933
0.04252933
0.04252933
0.04252936
0.04252936
0.04252936
0.04252936
0.04252936
0.04255943
0.04255943
0.04255943
0.04255943
0.04255943
0.04257649
0.04257649
0.04257649
0.04257649
0.04257649
0.04257655
0.04257655
0.04257655
0.04257655
0.04257655
0.04255959
0.04255959
0.04255959
0.04255959
0.04255959
0.04252966
0.04252966
0.04252966
0.04252966
0.04252966
0.04252972
0.04252972
0.04252972
0.04252972
0.04252972
0.04255988
0.04255988
0.04255988
0.04255988
0.04255988
0.04257699
0.04257699
0.04257699
0.04257699
0.04257699
0.04257706
0.04257706
0.04257706
0.04257706
0.04257706
0.04256002
0.04256002
0.04256002
0.04256002
0.04256002
0.04252998
0.04252998
0.04252998
0.04252998
0.04252998
0.04252982
0.04252982
0.04252982
0.04252982
0.04252982
0.04255924
0.04255924
0.04255924
0.04255924
0.04255924
0.04257533
0.04257533
0.04257533
0.04257533
0.04257533
0.04257414
0.04257414
0.04257414
0.04257414
0.04257414
0.04255558
0.04255558
0.04255558
0.04255558
0.04255558
0.04252342
0.04252342
0.04252342
0.04252342
0.04252342
0.0425139
0.0425139
0.0425139
0.0425139
0.0425139
0.0425154
0.0425154
0.0425154
0.0425154
0.0425154
0.04252549
0.04252549
0.04252549
0.04252549
0.04252549
0.04255969
0.04255969
0.04255969
0.04255969
0.04255969
0.04258002
0.04258002
0.04258002
0.04258002
0.04258002
0.04258132
0.04258132
0.04258132
0.04258132
0.04258132
0.04256364
0.04256364
0.04256364
0.04256364
0.04256364
0.04253231
0.04253231
0.04253231
0.04253231
0.04253231
0.0425325
0.0425325
0.0425325
0.0425325
0.0425325
0.04256455
0.04256455
0.04256455
0.04256455
0.04256455
0.04258327
0.04258327
0.04258327
0.04258327
0.04258327
0.04258322
0.04258322
0.04258322
0.04258322
0.04258322
0.04256443
0.04256443
0.04256443
0.04256443
0.04256443
0.04253228
0.04253228
0.04253228
0.04253228
0.04253228
0.04253223
0.04253223
0.04253223
0.04253223
0.04253223
0.04256422
0.04256422
0.04256422
0.04256422
0.04256422
0.04258288
0.04258288
0.04258288
0.04258288
0.04258288
0.04258285
0.04258285
0.04258285
0.04258285
0.04258285
0.04256409
0.04256409
0.04256409
0.04256409
0.04256409
0.04253198
0.04253198
0.04253198
0.04253198
0.04253198
0.04253197
0.04253197
0.04253197
0.04253197
0.04253197
0.04256401
0.04256401
0.04256401
0.04256401
0.04256401
0.04258272
0.04258272
0.04258272
0.04258272
0.04258272
0.04258271
0.04258271
0.04258271
0.04258271
0.04258271
0.042564
0.042564
0.042564
0.042564
0.042564
0.04253196
0.04253196
0.04253196
0.04253196
0.04253196
0.04253197
0.04253197
0.04253197
0.04253197
0.04253197
0.04256405
0.04256405
0.04256405
0.04256405
0.04256405
0.0425828
0.0425828
0.0425828
0.0425828
0.0425828
0.04258285
0.04258285
0.04258285
0.04258285
0.04258285
0.04256419
0.04256419
0.04256419
0.04256419
0.04256419
0.0425322
0.0425322
0.0425322
0.0425322
0.0425322
0.04253225
0.04253225
0.04253225
0.04253225
0.04253225
0.0425644
0.0425644
0.0425644
0.0425644
0.0425644
0.04258319
0.04258319
0.04258319
0.04258319
0.04258319
0.04258323
0.04258323
0.04258323
0.04258323
0.04258323
0.0425645
0.0425645
0.0425645
0.0425645
0.0425645
0.04253246
0.04253246
0.04253246
0.04253246
0.04253246
0.04253227
0.04253227
0.04253227
0.04253227
0.04253227
0.04256357
0.04256357
0.04256357
0.04256357
0.04256357
0.04258122
0.04258122
0.04258122
0.04258122
0.04258122
0.04257992
0.04257992
0.04257992
0.04257992
0.04257992
0.0425596
0.0425596
0.0425596
0.0425596
0.0425596
0.04252543
0.04252543
0.04252543
0.04252543
0.04252543
0.04251535
0.04251535
0.04251535
0.04251535
0.04251535
)
;

boundaryField
{
    electrolyteSides
    {
        type            zeroGradient;
    }
    electrolyte_to_fuel
    {
        type            zeroGradient;
    }
    electrolyte_to_air
    {
        type            zeroGradient;
    }
}


// ************************************************************************* //
