/*--------------------------------*- C++ -*----------------------------------*\
| =========                 |                                                 |
| \\      /  F ield         | OpenFOAM: The Open Source CFD Toolbox           |
|  \\    /   O peration     | Version:  4.0                                   |
|   \\  /    A nd           | Web:      www.OpenFOAM.org                      |
|    \\/     M anipulation  |                                                 |
\*---------------------------------------------------------------------------*/
FoamFile
{
    version     2.0;
    format      ascii;
    class       volScalarField;
    location    "120/electrolyte";
    object      NernstPot;
}
// * * * * * * * * * * * * * * * * * * * * * * * * * * * * * * * * * * * * * //

dimensions      [0 0 0 0 0 0 0];

internalField   nonuniform List<scalar> 
4840
(
1.584946
1.584946
1.584946
1.584946
1.584946
1.584552
1.584552
1.584552
1.584552
1.584552
1.584084
1.584084
1.584084
1.584084
1.584084
1.584195
1.584195
1.584195
1.584195
1.584195
1.584645
1.584645
1.584645
1.584645
1.584645
1.58451
1.58451
1.58451
1.58451
1.58451
1.584816
1.584816
1.584816
1.584816
1.584816
1.584901
1.584901
1.584901
1.584901
1.584901
1.584588
1.584588
1.584588
1.584588
1.584588
1.585059
1.585059
1.585059
1.585059
1.585059
1.585634
1.585634
1.585634
1.585634
1.585634
1.584764
1.584764
1.584764
1.584764
1.584764
1.585117
1.585117
1.585117
1.585117
1.585117
1.585168
1.585168
1.585168
1.585168
1.585168
1.584854
1.584854
1.584854
1.584854
1.584854
1.585643
1.585643
1.585643
1.585643
1.585643
1.585705
1.585705
1.585705
1.585705
1.585705
1.584879
1.584879
1.584879
1.584879
1.584879
1.585192
1.585192
1.585192
1.585192
1.585192
1.585207
1.585207
1.585207
1.585207
1.585207
1.584913
1.584913
1.584913
1.584913
1.584913
1.585775
1.585775
1.585775
1.585775
1.585775
1.585765
1.585765
1.585765
1.585765
1.585765
1.584912
1.584912
1.584912
1.584912
1.584912
1.585207
1.585207
1.585207
1.585207
1.585207
1.585194
1.585194
1.585194
1.585194
1.585194
1.584882
1.584882
1.584882
1.584882
1.584882
1.585705
1.585705
1.585705
1.585705
1.585705
1.585644
1.585644
1.585644
1.585644
1.585644
1.584854
1.584854
1.584854
1.584854
1.584854
1.585168
1.585168
1.585168
1.585168
1.585168
1.585118
1.585118
1.585118
1.585118
1.585118
1.584764
1.584764
1.584764
1.584764
1.584764
1.585626
1.585626
1.585626
1.585626
1.585626
1.58506
1.58506
1.58506
1.58506
1.58506
1.584588
1.584588
1.584588
1.584588
1.584588
1.584903
1.584903
1.584903
1.584903
1.584903
1.584817
1.584817
1.584817
1.584817
1.584817
1.58451
1.58451
1.58451
1.58451
1.58451
1.584642
1.584642
1.584642
1.584642
1.584642
1.584189
1.584189
1.584189
1.584189
1.584189
1.584085
1.584085
1.584085
1.584085
1.584085
1.584552
1.584552
1.584552
1.584552
1.584552
1.584945
1.584945
1.584945
1.584945
1.584945
1.585514
1.585514
1.585514
1.585514
1.585514
1.586582
1.586582
1.586582
1.586582
1.586582
1.58755
1.58755
1.58755
1.58755
1.58755
1.587798
1.587798
1.587798
1.587798
1.587798
1.587434
1.587434
1.587434
1.587434
1.587434
1.587314
1.587314
1.587314
1.587314
1.587314
1.586022
1.586022
1.586022
1.586022
1.586022
1.58678
1.58678
1.58678
1.58678
1.58678
1.587901
1.587901
1.587901
1.587901
1.587901
1.587847
1.587847
1.587847
1.587847
1.587847
1.587821
1.587821
1.587821
1.587821
1.587821
1.587855
1.587855
1.587855
1.587855
1.587855
1.586567
1.586567
1.586567
1.586567
1.586567
1.586811
1.586811
1.586811
1.586811
1.586811
1.587997
1.587997
1.587997
1.587997
1.587997
1.587903
1.587903
1.587903
1.587903
1.587903
1.587887
1.587887
1.587887
1.587887
1.587887
1.587958
1.587958
1.587958
1.587958
1.587958
1.586713
1.586713
1.586713
1.586713
1.586713
1.586775
1.586775
1.586775
1.586775
1.586775
1.587988
1.587988
1.587988
1.587988
1.587988
1.587904
1.587904
1.587904
1.587904
1.587904
1.587901
1.587901
1.587901
1.587901
1.587901
1.587986
1.587986
1.587986
1.587986
1.587986
1.586773
1.586773
1.586773
1.586773
1.586773
1.586715
1.586715
1.586715
1.586715
1.586715
1.58796
1.58796
1.58796
1.58796
1.58796
1.587889
1.587889
1.587889
1.587889
1.587889
1.587903
1.587903
1.587903
1.587903
1.587903
1.587996
1.587996
1.587996
1.587996
1.587996
1.586811
1.586811
1.586811
1.586811
1.586811
1.586568
1.586568
1.586568
1.586568
1.586568
1.587855
1.587855
1.587855
1.587855
1.587855
1.587825
1.587825
1.587825
1.587825
1.587825
1.587846
1.587846
1.587846
1.587846
1.587846
1.587901
1.587901
1.587901
1.587901
1.587901
1.586781
1.586781
1.586781
1.586781
1.586781
1.586023
1.586023
1.586023
1.586023
1.586023
1.587316
1.587316
1.587316
1.587316
1.587316
1.587434
1.587434
1.587434
1.587434
1.587434
1.587796
1.587796
1.587796
1.587796
1.587796
1.587548
1.587548
1.587548
1.587548
1.587548
1.58658
1.58658
1.58658
1.58658
1.58658
1.585513
1.585513
1.585513
1.585513
1.585513
1.585992
1.585992
1.585992
1.585992
1.585992
1.58688
1.58688
1.58688
1.58688
1.58688
1.5878
1.5878
1.5878
1.5878
1.5878
1.587535
1.587535
1.587535
1.587535
1.587535
1.586758
1.586758
1.586758
1.586758
1.586758
1.586834
1.586834
1.586834
1.586834
1.586834
1.58599
1.58599
1.58599
1.58599
1.58599
1.586655
1.586655
1.586655
1.586655
1.586655
1.587677
1.587677
1.587677
1.587677
1.587677
1.587257
1.587257
1.587257
1.587257
1.587257
1.587121
1.587121
1.587121
1.587121
1.587121
1.587481
1.587481
1.587481
1.587481
1.587481
1.586307
1.586307
1.586307
1.586307
1.586307
1.586595
1.586595
1.586595
1.586595
1.586595
1.587692
1.587692
1.587692
1.587692
1.587692
1.587209
1.587209
1.587209
1.587209
1.587209
1.58716
1.58716
1.58716
1.58716
1.58716
1.587606
1.587606
1.587606
1.587606
1.587606
1.586454
1.586454
1.586454
1.586454
1.586454
1.586536
1.586536
1.586536
1.586536
1.586536
1.587657
1.587657
1.587657
1.587657
1.587657
1.587184
1.587184
1.587184
1.587184
1.587184
1.587182
1.587182
1.587182
1.587182
1.587182
1.587656
1.587656
1.587656
1.587656
1.587656
1.586534
1.586534
1.586534
1.586534
1.586534
1.586456
1.586456
1.586456
1.586456
1.586456
1.587609
1.587609
1.587609
1.587609
1.587609
1.587161
1.587161
1.587161
1.587161
1.587161
1.587209
1.587209
1.587209
1.587209
1.587209
1.587692
1.587692
1.587692
1.587692
1.587692
1.586594
1.586594
1.586594
1.586594
1.586594
1.586308
1.586308
1.586308
1.586308
1.586308
1.587482
1.587482
1.587482
1.587482
1.587482
1.58712
1.58712
1.58712
1.58712
1.58712
1.587257
1.587257
1.587257
1.587257
1.587257
1.587677
1.587677
1.587677
1.587677
1.587677
1.586655
1.586655
1.586655
1.586655
1.586655
1.585991
1.585991
1.585991
1.585991
1.585991
1.586837
1.586837
1.586837
1.586837
1.586837
1.586758
1.586758
1.586758
1.586758
1.586758
1.587531
1.587531
1.587531
1.587531
1.587531
1.587798
1.587798
1.587798
1.587798
1.587798
1.586879
1.586879
1.586879
1.586879
1.586879
1.585992
1.585992
1.585992
1.585992
1.585992
1.585995
1.585995
1.585995
1.585995
1.585995
1.586699
1.586699
1.586699
1.586699
1.586699
1.587611
1.587611
1.587611
1.587611
1.587611
1.587231
1.587231
1.587231
1.587231
1.587231
1.586257
1.586257
1.586257
1.586257
1.586257
1.58638
1.58638
1.58638
1.58638
1.58638
1.585656
1.585656
1.585656
1.585656
1.585656
1.586344
1.586344
1.586344
1.586344
1.586344
1.587297
1.587297
1.587297
1.587297
1.587297
1.586747
1.586747
1.586747
1.586747
1.586747
1.586576
1.586576
1.586576
1.586576
1.586576
1.587031
1.587031
1.587031
1.587031
1.587031
1.585983
1.585983
1.585983
1.585983
1.585983
1.586259
1.586259
1.586259
1.586259
1.586259
1.587265
1.587265
1.587265
1.587265
1.587265
1.586664
1.586664
1.586664
1.586664
1.586664
1.586618
1.586618
1.586618
1.586618
1.586618
1.587165
1.587165
1.587165
1.587165
1.587165
1.58612
1.58612
1.58612
1.58612
1.58612
1.586201
1.586201
1.586201
1.586201
1.586201
1.587221
1.587221
1.587221
1.587221
1.587221
1.58664
1.58664
1.58664
1.58664
1.58664
1.586638
1.586638
1.586638
1.586638
1.586638
1.587219
1.587219
1.587219
1.587219
1.587219
1.586198
1.586198
1.586198
1.586198
1.586198
1.586122
1.586122
1.586122
1.586122
1.586122
1.587167
1.587167
1.587167
1.587167
1.587167
1.586619
1.586619
1.586619
1.586619
1.586619
1.586664
1.586664
1.586664
1.586664
1.586664
1.587264
1.587264
1.587264
1.587264
1.587264
1.586258
1.586258
1.586258
1.586258
1.586258
1.585984
1.585984
1.585984
1.585984
1.585984
1.587032
1.587032
1.587032
1.587032
1.587032
1.586575
1.586575
1.586575
1.586575
1.586575
1.586748
1.586748
1.586748
1.586748
1.586748
1.587297
1.587297
1.587297
1.587297
1.587297
1.586344
1.586344
1.586344
1.586344
1.586344
1.585656
1.585656
1.585656
1.585656
1.585656
1.586383
1.586383
1.586383
1.586383
1.586383
1.586257
1.586257
1.586257
1.586257
1.586257
1.587228
1.587228
1.587228
1.587228
1.587228
1.58761
1.58761
1.58761
1.58761
1.58761
1.586699
1.586699
1.586699
1.586699
1.586699
1.585995
1.585995
1.585995
1.585995
1.585995
1.585643
1.585643
1.585643
1.585643
1.585643
1.586416
1.586416
1.586416
1.586416
1.586416
1.587248
1.587248
1.587248
1.587248
1.587248
1.586837
1.586837
1.586837
1.586837
1.586837
1.585838
1.585838
1.585838
1.585838
1.585838
1.585896
1.585896
1.585896
1.585896
1.585896
1.58544
1.58544
1.58544
1.58544
1.58544
1.586062
1.586062
1.586062
1.586062
1.586062
1.586881
1.586881
1.586881
1.586881
1.586881
1.586315
1.586315
1.586315
1.586315
1.586315
1.586111
1.586111
1.586111
1.586111
1.586111
1.586513
1.586513
1.586513
1.586513
1.586513
1.585743
1.585743
1.585743
1.585743
1.585743
1.585959
1.585959
1.585959
1.585959
1.585959
1.586802
1.586802
1.586802
1.586802
1.586802
1.586222
1.586222
1.586222
1.586222
1.586222
1.586167
1.586167
1.586167
1.586167
1.586167
1.586667
1.586667
1.586667
1.586667
1.586667
1.58586
1.58586
1.58586
1.58586
1.58586
1.585923
1.585923
1.585923
1.585923
1.585923
1.586736
1.586736
1.586736
1.586736
1.586736
1.586192
1.586192
1.586192
1.586192
1.586192
1.58619
1.58619
1.58619
1.58619
1.58619
1.586734
1.586734
1.586734
1.586734
1.586734
1.58592
1.58592
1.58592
1.58592
1.58592
1.585862
1.585862
1.585862
1.585862
1.585862
1.586669
1.586669
1.586669
1.586669
1.586669
1.586168
1.586168
1.586168
1.586168
1.586168
1.586221
1.586221
1.586221
1.586221
1.586221
1.586801
1.586801
1.586801
1.586801
1.586801
1.585959
1.585959
1.585959
1.585959
1.585959
1.585743
1.585743
1.585743
1.585743
1.585743
1.586513
1.586513
1.586513
1.586513
1.586513
1.58611
1.58611
1.58611
1.58611
1.58611
1.586315
1.586315
1.586315
1.586315
1.586315
1.58688
1.58688
1.58688
1.58688
1.58688
1.586061
1.586061
1.586061
1.586061
1.586061
1.58544
1.58544
1.58544
1.58544
1.58544
1.585898
1.585898
1.585898
1.585898
1.585898
1.585838
1.585838
1.585838
1.585838
1.585838
1.586834
1.586834
1.586834
1.586834
1.586834
1.587247
1.587247
1.587247
1.587247
1.587247
1.586416
1.586416
1.586416
1.586416
1.586416
1.585643
1.585643
1.585643
1.585643
1.585643
1.585345
1.585345
1.585345
1.585345
1.585345
1.586144
1.586144
1.586144
1.586144
1.586144
1.586878
1.586878
1.586878
1.586878
1.586878
1.586495
1.586495
1.586495
1.586495
1.586495
1.585506
1.585506
1.585506
1.585506
1.585506
1.585527
1.585527
1.585527
1.585527
1.585527
1.585143
1.585143
1.585143
1.585143
1.585143
1.585789
1.585789
1.585789
1.585789
1.585789
1.586521
1.586521
1.586521
1.586521
1.586521
1.585956
1.585956
1.585956
1.585956
1.585956
1.585716
1.585716
1.585716
1.585716
1.585716
1.586129
1.586129
1.586129
1.586129
1.586129
1.585444
1.585444
1.585444
1.585444
1.585444
1.585665
1.585665
1.585665
1.585665
1.585665
1.586427
1.586427
1.586427
1.586427
1.586427
1.585845
1.585845
1.585845
1.585845
1.585845
1.585784
1.585784
1.585784
1.585784
1.585784
1.586284
1.586284
1.586284
1.586284
1.586284
1.585562
1.585562
1.585562
1.585562
1.585562
1.585628
1.585628
1.585628
1.585628
1.585628
1.586357
1.586357
1.586357
1.586357
1.586357
1.58581
1.58581
1.58581
1.58581
1.58581
1.585809
1.585809
1.585809
1.585809
1.585809
1.586356
1.586356
1.586356
1.586356
1.586356
1.585626
1.585626
1.585626
1.585626
1.585626
1.585563
1.585563
1.585563
1.585563
1.585563
1.586286
1.586286
1.586286
1.586286
1.586286
1.585785
1.585785
1.585785
1.585785
1.585785
1.585845
1.585845
1.585845
1.585845
1.585845
1.586426
1.586426
1.586426
1.586426
1.586426
1.585664
1.585664
1.585664
1.585664
1.585664
1.585444
1.585444
1.585444
1.585444
1.585444
1.586129
1.586129
1.586129
1.586129
1.586129
1.585715
1.585715
1.585715
1.585715
1.585715
1.585956
1.585956
1.585956
1.585956
1.585956
1.586521
1.586521
1.586521
1.586521
1.586521
1.585789
1.585789
1.585789
1.585789
1.585789
1.585143
1.585143
1.585143
1.585143
1.585143
1.58553
1.58553
1.58553
1.58553
1.58553
1.585506
1.585506
1.585506
1.585506
1.585506
1.586493
1.586493
1.586493
1.586493
1.586493
1.586877
1.586877
1.586877
1.586877
1.586877
1.586144
1.586144
1.586144
1.586144
1.586144
1.585346
1.585346
1.585346
1.585346
1.585346
1.585071
1.585071
1.585071
1.585071
1.585071
1.585894
1.585894
1.585894
1.585894
1.585894
1.586518
1.586518
1.586518
1.586518
1.586518
1.586193
1.586193
1.586193
1.586193
1.586193
1.585234
1.585234
1.585234
1.585234
1.585234
1.585202
1.585202
1.585202
1.585202
1.585202
1.584873
1.584873
1.584873
1.584873
1.584873
1.585548
1.585548
1.585548
1.585548
1.585548
1.586188
1.586188
1.586188
1.586188
1.586188
1.58565
1.58565
1.58565
1.58565
1.58565
1.58538
1.58538
1.58538
1.58538
1.58538
1.585797
1.585797
1.585797
1.585797
1.585797
1.58516
1.58516
1.58516
1.58516
1.58516
1.585408
1.585408
1.585408
1.585408
1.585408
1.586085
1.586085
1.586085
1.586085
1.586085
1.585522
1.585522
1.585522
1.585522
1.585522
1.585454
1.585454
1.585454
1.585454
1.585454
1.585946
1.585946
1.585946
1.585946
1.585946
1.58529
1.58529
1.58529
1.58529
1.58529
1.585357
1.585357
1.585357
1.585357
1.585357
1.586018
1.586018
1.586018
1.586018
1.586018
1.585483
1.585483
1.585483
1.585483
1.585483
1.585482
1.585482
1.585482
1.585482
1.585482
1.586016
1.586016
1.586016
1.586016
1.586016
1.585356
1.585356
1.585356
1.585356
1.585356
1.585291
1.585291
1.585291
1.585291
1.585291
1.585948
1.585948
1.585948
1.585948
1.585948
1.585456
1.585456
1.585456
1.585456
1.585456
1.585522
1.585522
1.585522
1.585522
1.585522
1.586084
1.586084
1.586084
1.586084
1.586084
1.585408
1.585408
1.585408
1.585408
1.585408
1.58516
1.58516
1.58516
1.58516
1.58516
1.585798
1.585798
1.585798
1.585798
1.585798
1.585379
1.585379
1.585379
1.585379
1.585379
1.585651
1.585651
1.585651
1.585651
1.585651
1.586188
1.586188
1.586188
1.586188
1.586188
1.585548
1.585548
1.585548
1.585548
1.585548
1.584873
1.584873
1.584873
1.584873
1.584873
1.585205
1.585205
1.585205
1.585205
1.585205
1.585233
1.585233
1.585233
1.585233
1.585233
1.58619
1.58619
1.58619
1.58619
1.58619
1.586516
1.586516
1.586516
1.586516
1.586516
1.585894
1.585894
1.585894
1.585894
1.585894
1.585071
1.585071
1.585071
1.585071
1.585071
1.584806
1.584806
1.584806
1.584806
1.584806
1.585648
1.585648
1.585648
1.585648
1.585648
1.586194
1.586194
1.586194
1.586194
1.586194
1.585919
1.585919
1.585919
1.585919
1.585919
1.585007
1.585007
1.585007
1.585007
1.585007
1.584926
1.584926
1.584926
1.584926
1.584926
1.584621
1.584621
1.584621
1.584621
1.584621
1.585326
1.585326
1.585326
1.585326
1.585326
1.585895
1.585895
1.585895
1.585895
1.585895
1.585384
1.585384
1.585384
1.585384
1.585384
1.585092
1.585092
1.585092
1.585092
1.585092
1.585511
1.585511
1.585511
1.585511
1.585511
1.584892
1.584892
1.584892
1.584892
1.584892
1.58517
1.58517
1.58517
1.58517
1.58517
1.58579
1.58579
1.58579
1.58579
1.58579
1.585244
1.585244
1.585244
1.585244
1.585244
1.585171
1.585171
1.585171
1.585171
1.585171
1.58566
1.58566
1.58566
1.58566
1.58566
1.585027
1.585027
1.585027
1.585027
1.585027
1.585103
1.585103
1.585103
1.585103
1.585103
1.585729
1.585729
1.585729
1.585729
1.585729
1.585202
1.585202
1.585202
1.585202
1.585202
1.585201
1.585201
1.585201
1.585201
1.585201
1.585727
1.585727
1.585727
1.585727
1.585727
1.585102
1.585102
1.585102
1.585102
1.585102
1.585028
1.585028
1.585028
1.585028
1.585028
1.585661
1.585661
1.585661
1.585661
1.585661
1.585172
1.585172
1.585172
1.585172
1.585172
1.585244
1.585244
1.585244
1.585244
1.585244
1.585789
1.585789
1.585789
1.585789
1.585789
1.58517
1.58517
1.58517
1.58517
1.58517
1.584892
1.584892
1.584892
1.584892
1.584892
1.585512
1.585512
1.585512
1.585512
1.585512
1.585092
1.585092
1.585092
1.585092
1.585092
1.585385
1.585385
1.585385
1.585385
1.585385
1.585895
1.585895
1.585895
1.585895
1.585895
1.585326
1.585326
1.585326
1.585326
1.585326
1.584622
1.584622
1.584622
1.584622
1.584622
1.584928
1.584928
1.584928
1.584928
1.584928
1.585006
1.585006
1.585006
1.585006
1.585006
1.585917
1.585917
1.585917
1.585917
1.585917
1.586193
1.586193
1.586193
1.586193
1.586193
1.585648
1.585648
1.585648
1.585648
1.585648
1.584806
1.584806
1.584806
1.584806
1.584806
1.584552
1.584552
1.584552
1.584552
1.584552
1.585407
1.585407
1.585407
1.585407
1.585407
1.585906
1.585906
1.585906
1.585906
1.585906
1.585668
1.585668
1.585668
1.585668
1.585668
1.584808
1.584808
1.584808
1.584808
1.584808
1.584698
1.584698
1.584698
1.584698
1.584698
1.584371
1.584371
1.584371
1.584371
1.584371
1.585118
1.585118
1.585118
1.585118
1.585118
1.585628
1.585628
1.585628
1.585628
1.585628
1.58515
1.58515
1.58515
1.58515
1.58515
1.584842
1.584842
1.584842
1.584842
1.584842
1.585251
1.585251
1.585251
1.585251
1.585251
1.584647
1.584647
1.584647
1.584647
1.584647
1.584939
1.584939
1.584939
1.584939
1.584939
1.585529
1.585529
1.585529
1.585529
1.585529
1.585
1.585
1.585
1.585
1.585
1.584925
1.584925
1.584925
1.584925
1.584925
1.585407
1.585407
1.585407
1.585407
1.585407
1.584779
1.584779
1.584779
1.584779
1.584779
1.584856
1.584856
1.584856
1.584856
1.584856
1.585471
1.585471
1.585471
1.585471
1.585471
1.584956
1.584956
1.584956
1.584956
1.584956
1.584955
1.584955
1.584955
1.584955
1.584955
1.58547
1.58547
1.58547
1.58547
1.58547
1.584855
1.584855
1.584855
1.584855
1.584855
1.58478
1.58478
1.58478
1.58478
1.58478
1.585408
1.585408
1.585408
1.585408
1.585408
1.584926
1.584926
1.584926
1.584926
1.584926
1.585
1.585
1.585
1.585
1.585
1.585527
1.585527
1.585527
1.585527
1.585527
1.584939
1.584939
1.584939
1.584939
1.584939
1.584647
1.584647
1.584647
1.584647
1.584647
1.585252
1.585252
1.585252
1.585252
1.585252
1.584842
1.584842
1.584842
1.584842
1.584842
1.58515
1.58515
1.58515
1.58515
1.58515
1.585627
1.585627
1.585627
1.585627
1.585627
1.585119
1.585119
1.585119
1.585119
1.585119
1.584371
1.584371
1.584371
1.584371
1.584371
1.5847
1.5847
1.5847
1.5847
1.5847
1.584807
1.584807
1.584807
1.584807
1.584807
1.585666
1.585666
1.585666
1.585666
1.585666
1.585904
1.585904
1.585904
1.585904
1.585904
1.585408
1.585408
1.585408
1.585408
1.585408
1.584552
1.584552
1.584552
1.584552
1.584552
1.584318
1.584318
1.584318
1.584318
1.584318
1.585171
1.585171
1.585171
1.585171
1.585171
1.585643
1.585643
1.585643
1.585643
1.585643
1.585435
1.585435
1.585435
1.585435
1.585435
1.584628
1.584628
1.584628
1.584628
1.584628
1.584509
1.584509
1.584509
1.584509
1.584509
1.584149
1.584149
1.584149
1.584149
1.584149
1.584898
1.584898
1.584898
1.584898
1.584898
1.585381
1.585381
1.585381
1.585381
1.585381
1.58494
1.58494
1.58494
1.58494
1.58494
1.58462
1.58462
1.58462
1.58462
1.58462
1.585012
1.585012
1.585012
1.585012
1.585012
1.584419
1.584419
1.584419
1.584419
1.584419
1.584714
1.584714
1.584714
1.584714
1.584714
1.585294
1.585294
1.585294
1.585294
1.585294
1.584785
1.584785
1.584785
1.584785
1.584785
1.584706
1.584706
1.584706
1.584706
1.584706
1.585173
1.585173
1.585173
1.585173
1.585173
1.58455
1.58455
1.58455
1.58455
1.58455
1.584622
1.584622
1.584622
1.584622
1.584622
1.585243
1.585243
1.585243
1.585243
1.585243
1.584739
1.584739
1.584739
1.584739
1.584739
1.584739
1.584739
1.584739
1.584739
1.584739
1.585241
1.585241
1.585241
1.585241
1.585241
1.584622
1.584622
1.584622
1.584622
1.584622
1.584551
1.584551
1.584551
1.584551
1.584551
1.585175
1.585175
1.585175
1.585175
1.585175
1.584706
1.584706
1.584706
1.584706
1.584706
1.584785
1.584785
1.584785
1.584785
1.584785
1.585292
1.585292
1.585292
1.585292
1.585292
1.584714
1.584714
1.584714
1.584714
1.584714
1.584419
1.584419
1.584419
1.584419
1.584419
1.585012
1.585012
1.585012
1.585012
1.585012
1.58462
1.58462
1.58462
1.58462
1.58462
1.58494
1.58494
1.58494
1.58494
1.58494
1.585379
1.585379
1.585379
1.585379
1.585379
1.584898
1.584898
1.584898
1.584898
1.584898
1.58415
1.58415
1.58415
1.58415
1.58415
1.58451
1.58451
1.58451
1.58451
1.58451
1.584627
1.584627
1.584627
1.584627
1.584627
1.585433
1.585433
1.585433
1.585433
1.585433
1.585641
1.585641
1.585641
1.585641
1.585641
1.585171
1.585171
1.585171
1.585171
1.585171
1.584317
1.584317
1.584317
1.584317
1.584317
1.584097
1.584097
1.584097
1.584097
1.584097
1.584943
1.584943
1.584943
1.584943
1.584943
1.585398
1.585398
1.585398
1.585398
1.585398
1.585218
1.585218
1.585218
1.585218
1.585218
1.584461
1.584461
1.584461
1.584461
1.584461
1.584347
1.584347
1.584347
1.584347
1.584347
1.583962
1.583962
1.583962
1.583962
1.583962
1.584672
1.584672
1.584672
1.584672
1.584672
1.585149
1.585149
1.585149
1.585149
1.585149
1.58475
1.58475
1.58475
1.58475
1.58475
1.584427
1.584427
1.584427
1.584427
1.584427
1.584802
1.584802
1.584802
1.584802
1.584802
1.584204
1.584204
1.584204
1.584204
1.584204
1.584499
1.584499
1.584499
1.584499
1.584499
1.585082
1.585082
1.585082
1.585082
1.585082
1.584596
1.584596
1.584596
1.584596
1.584596
1.584507
1.584507
1.584507
1.584507
1.584507
1.584951
1.584951
1.584951
1.584951
1.584951
1.584337
1.584337
1.584337
1.584337
1.584337
1.584405
1.584405
1.584405
1.584405
1.584405
1.585039
1.585039
1.585039
1.585039
1.585039
1.584547
1.584547
1.584547
1.584547
1.584547
1.584547
1.584547
1.584547
1.584547
1.584547
1.585038
1.585038
1.585038
1.585038
1.585038
1.584404
1.584404
1.584404
1.584404
1.584404
1.584338
1.584338
1.584338
1.584338
1.584338
1.584952
1.584952
1.584952
1.584952
1.584952
1.584507
1.584507
1.584507
1.584507
1.584507
1.584596
1.584596
1.584596
1.584596
1.584596
1.58508
1.58508
1.58508
1.58508
1.58508
1.584498
1.584498
1.584498
1.584498
1.584498
1.584203
1.584203
1.584203
1.584203
1.584203
1.584802
1.584802
1.584802
1.584802
1.584802
1.584427
1.584427
1.584427
1.584427
1.584427
1.58475
1.58475
1.58475
1.58475
1.58475
1.585148
1.585148
1.585148
1.585148
1.585148
1.584672
1.584672
1.584672
1.584672
1.584672
1.583962
1.583962
1.583962
1.583962
1.583962
1.584348
1.584348
1.584348
1.584348
1.584348
1.584461
1.584461
1.584461
1.584461
1.584461
1.585217
1.585217
1.585217
1.585217
1.585217
1.585398
1.585398
1.585398
1.585398
1.585398
1.584944
1.584944
1.584944
1.584944
1.584944
1.584098
1.584098
1.584098
1.584098
1.584098
1.58389
1.58389
1.58389
1.58389
1.58389
1.58472
1.58472
1.58472
1.58472
1.58472
1.585167
1.585167
1.585167
1.585167
1.585167
1.585023
1.585023
1.585023
1.585023
1.585023
1.584317
1.584317
1.584317
1.584317
1.584317
1.584181
1.584181
1.584181
1.584181
1.584181
1.583784
1.583784
1.583784
1.583784
1.583784
1.584458
1.584458
1.584458
1.584458
1.584458
1.58493
1.58493
1.58493
1.58493
1.58493
1.584571
1.584571
1.584571
1.584571
1.584571
1.584255
1.584255
1.584255
1.584255
1.584255
1.584621
1.584621
1.584621
1.584621
1.584621
1.584007
1.584007
1.584007
1.584007
1.584007
1.584287
1.584287
1.584287
1.584287
1.584287
1.584884
1.584884
1.584884
1.584884
1.584884
1.584427
1.584427
1.584427
1.584427
1.584427
1.584326
1.584326
1.584326
1.584326
1.584326
1.58475
1.58475
1.58475
1.58475
1.58475
1.584132
1.584132
1.584132
1.584132
1.584132
1.584201
1.584201
1.584201
1.584201
1.584201
1.584849
1.584849
1.584849
1.584849
1.584849
1.584374
1.584374
1.584374
1.584374
1.584374
1.584374
1.584374
1.584374
1.584374
1.584374
1.584848
1.584848
1.584848
1.584848
1.584848
1.5842
1.5842
1.5842
1.5842
1.5842
1.584134
1.584134
1.584134
1.584134
1.584134
1.584751
1.584751
1.584751
1.584751
1.584751
1.584327
1.584327
1.584327
1.584327
1.584327
1.584427
1.584427
1.584427
1.584427
1.584427
1.584881
1.584881
1.584881
1.584881
1.584881
1.584285
1.584285
1.584285
1.584285
1.584285
1.584007
1.584007
1.584007
1.584007
1.584007
1.584623
1.584623
1.584623
1.584623
1.584623
1.584255
1.584255
1.584255
1.584255
1.584255
1.584571
1.584571
1.584571
1.584571
1.584571
1.58493
1.58493
1.58493
1.58493
1.58493
1.584458
1.584458
1.584458
1.584458
1.584458
1.583784
1.583784
1.583784
1.583784
1.583784
1.584182
1.584182
1.584182
1.584182
1.584182
1.584317
1.584317
1.584317
1.584317
1.584317
1.585021
1.585021
1.585021
1.585021
1.585021
1.585165
1.585165
1.585165
1.585165
1.585165
1.58472
1.58472
1.58472
1.58472
1.58472
1.583891
1.583891
1.583891
1.583891
1.583891
1.583694
1.583694
1.583694
1.583694
1.583694
1.584486
1.584486
1.584486
1.584486
1.584486
1.584938
1.584938
1.584938
1.584938
1.584938
1.584841
1.584841
1.584841
1.584841
1.584841
1.584199
1.584199
1.584199
1.584199
1.584199
1.58401
1.58401
1.58401
1.58401
1.58401
1.58361
1.58361
1.58361
1.58361
1.58361
1.584242
1.584242
1.584242
1.584242
1.584242
1.584717
1.584717
1.584717
1.584717
1.584717
1.584395
1.584395
1.584395
1.584395
1.584395
1.5841
1.5841
1.5841
1.5841
1.5841
1.58446
1.58446
1.58446
1.58446
1.58446
1.583825
1.583825
1.583825
1.583825
1.583825
1.584079
1.584079
1.584079
1.584079
1.584079
1.58469
1.58469
1.58469
1.58469
1.58469
1.584265
1.584265
1.584265
1.584265
1.584265
1.584167
1.584167
1.584167
1.584167
1.584167
1.584581
1.584581
1.584581
1.584581
1.584581
1.583938
1.583938
1.583938
1.583938
1.583938
1.584008
1.584008
1.584008
1.584008
1.584008
1.584661
1.584661
1.584661
1.584661
1.584661
1.584215
1.584215
1.584215
1.584215
1.584215
1.584216
1.584216
1.584216
1.584216
1.584216
1.584659
1.584659
1.584659
1.584659
1.584659
1.584007
1.584007
1.584007
1.584007
1.584007
1.58394
1.58394
1.58394
1.58394
1.58394
1.584582
1.584582
1.584582
1.584582
1.584582
1.584167
1.584167
1.584167
1.584167
1.584167
1.584264
1.584264
1.584264
1.584264
1.584264
1.584685
1.584685
1.584685
1.584685
1.584685
1.584077
1.584077
1.584077
1.584077
1.584077
1.583826
1.583826
1.583826
1.583826
1.583826
1.584462
1.584462
1.584462
1.584462
1.584462
1.5841
1.5841
1.5841
1.5841
1.5841
1.584395
1.584395
1.584395
1.584395
1.584395
1.584717
1.584717
1.584717
1.584717
1.584717
1.584242
1.584242
1.584242
1.584242
1.584242
1.58361
1.58361
1.58361
1.58361
1.58361
1.584011
1.584011
1.584011
1.584011
1.584011
1.584199
1.584199
1.584199
1.584199
1.584199
1.58484
1.58484
1.58484
1.58484
1.58484
1.584936
1.584936
1.584936
1.584936
1.584936
1.584485
1.584485
1.584485
1.584485
1.584485
1.583694
1.583694
1.583694
1.583694
1.583694
1.583503
1.583503
1.583503
1.583503
1.583503
1.584242
1.584242
1.584242
1.584242
1.584242
1.584717
1.584717
1.584717
1.584717
1.584717
1.58467
1.58467
1.58467
1.58467
1.58467
1.584096
1.584096
1.584096
1.584096
1.584096
1.583852
1.583852
1.583852
1.583852
1.583852
1.583449
1.583449
1.583449
1.583449
1.583449
1.584017
1.584017
1.584017
1.584017
1.584017
1.584518
1.584518
1.584518
1.584518
1.584518
1.584229
1.584229
1.584229
1.584229
1.584229
1.58396
1.58396
1.58396
1.58396
1.58396
1.584307
1.584307
1.584307
1.584307
1.584307
1.583652
1.583652
1.583652
1.583652
1.583652
1.583879
1.583879
1.583879
1.583879
1.583879
1.584495
1.584495
1.584495
1.584495
1.584495
1.584106
1.584106
1.584106
1.584106
1.584106
1.584027
1.584027
1.584027
1.584027
1.584027
1.584431
1.584431
1.584431
1.584431
1.584431
1.583757
1.583757
1.583757
1.583757
1.583757
1.583819
1.583819
1.583819
1.583819
1.583819
1.584471
1.584471
1.584471
1.584471
1.584471
1.584066
1.584066
1.584066
1.584066
1.584066
1.584066
1.584066
1.584066
1.584066
1.584066
1.584469
1.584469
1.584469
1.584469
1.584469
1.583818
1.583818
1.583818
1.583818
1.583818
1.583758
1.583758
1.583758
1.583758
1.583758
1.584432
1.584432
1.584432
1.584432
1.584432
1.584026
1.584026
1.584026
1.584026
1.584026
1.584106
1.584106
1.584106
1.584106
1.584106
1.584491
1.584491
1.584491
1.584491
1.584491
1.583876
1.583876
1.583876
1.583876
1.583876
1.583653
1.583653
1.583653
1.583653
1.583653
1.584309
1.584309
1.584309
1.584309
1.584309
1.58396
1.58396
1.58396
1.58396
1.58396
1.584229
1.584229
1.584229
1.584229
1.584229
1.584518
1.584518
1.584518
1.584518
1.584518
1.584017
1.584017
1.584017
1.584017
1.584017
1.583449
1.583449
1.583449
1.583449
1.583449
1.583854
1.583854
1.583854
1.583854
1.583854
1.584095
1.584095
1.584095
1.584095
1.584095
1.584668
1.584668
1.584668
1.584668
1.584668
1.584716
1.584716
1.584716
1.584716
1.584716
1.584241
1.584241
1.584241
1.584241
1.584241
1.583502
1.583502
1.583502
1.583502
1.583502
1.583315
1.583315
1.583315
1.583315
1.583315
1.583988
1.583988
1.583988
1.583988
1.583988
1.584492
1.584492
1.584492
1.584492
1.584492
1.584499
1.584499
1.584499
1.584499
1.584499
1.583994
1.583994
1.583994
1.583994
1.583994
1.583716
1.583716
1.583716
1.583716
1.583716
1.583294
1.583294
1.583294
1.583294
1.583294
1.583808
1.583808
1.583808
1.583808
1.583808
1.58435
1.58435
1.58435
1.58435
1.58435
1.584079
1.584079
1.584079
1.584079
1.584079
1.583829
1.583829
1.583829
1.583829
1.583829
1.584151
1.584151
1.584151
1.584151
1.584151
1.583481
1.583481
1.583481
1.583481
1.583481
1.583688
1.583688
1.583688
1.583688
1.583688
1.584314
1.584314
1.584314
1.584314
1.584314
1.583958
1.583958
1.583958
1.583958
1.583958
1.583894
1.583894
1.583894
1.583894
1.583894
1.584285
1.584285
1.584285
1.584285
1.584285
1.583584
1.583584
1.583584
1.583584
1.583584
1.583635
1.583635
1.583635
1.583635
1.583635
1.584279
1.584279
1.584279
1.584279
1.584279
1.583924
1.583924
1.583924
1.583924
1.583924
1.583924
1.583924
1.583924
1.583924
1.583924
1.584277
1.584277
1.584277
1.584277
1.584277
1.583634
1.583634
1.583634
1.583634
1.583634
1.583586
1.583586
1.583586
1.583586
1.583586
1.584287
1.584287
1.584287
1.584287
1.584287
1.583894
1.583894
1.583894
1.583894
1.583894
1.583957
1.583957
1.583957
1.583957
1.583957
1.58431
1.58431
1.58431
1.58431
1.58431
1.583686
1.583686
1.583686
1.583686
1.583686
1.583482
1.583482
1.583482
1.583482
1.583482
1.584153
1.584153
1.584153
1.584153
1.584153
1.583829
1.583829
1.583829
1.583829
1.583829
1.584079
1.584079
1.584079
1.584079
1.584079
1.584349
1.584349
1.584349
1.584349
1.584349
1.583807
1.583807
1.583807
1.583807
1.583807
1.583294
1.583294
1.583294
1.583294
1.583294
1.583718
1.583718
1.583718
1.583718
1.583718
1.583993
1.583993
1.583993
1.583993
1.583993
1.584496
1.584496
1.584496
1.584496
1.584496
1.58449
1.58449
1.58449
1.58449
1.58449
1.583986
1.583986
1.583986
1.583986
1.583986
1.583314
1.583314
1.583314
1.583314
1.583314
1.583129
1.583129
1.583129
1.583129
1.583129
1.583724
1.583724
1.583724
1.583724
1.583724
1.584285
1.584285
1.584285
1.584285
1.584285
1.584335
1.584335
1.584335
1.584335
1.584335
1.583893
1.583893
1.583893
1.583893
1.583893
1.5836
1.5836
1.5836
1.5836
1.5836
1.583155
1.583155
1.583155
1.583155
1.583155
1.583613
1.583613
1.583613
1.583613
1.583613
1.584229
1.584229
1.584229
1.584229
1.584229
1.583957
1.583957
1.583957
1.583957
1.583957
1.583713
1.583713
1.583713
1.583713
1.583713
1.583991
1.583991
1.583991
1.583991
1.583991
1.58333
1.58333
1.58333
1.58333
1.58333
1.5835
1.5835
1.5835
1.5835
1.5835
1.584161
1.584161
1.584161
1.584161
1.584161
1.583831
1.583831
1.583831
1.583831
1.583831
1.583766
1.583766
1.583766
1.583766
1.583766
1.584136
1.584136
1.584136
1.584136
1.584136
1.583424
1.583424
1.583424
1.583424
1.583424
1.583452
1.583452
1.583452
1.583452
1.583452
1.584104
1.584104
1.584104
1.584104
1.584104
1.583791
1.583791
1.583791
1.583791
1.583791
1.583791
1.583791
1.583791
1.583791
1.583791
1.5841
1.5841
1.5841
1.5841
1.5841
1.583452
1.583452
1.583452
1.583452
1.583452
1.583428
1.583428
1.583428
1.583428
1.583428
1.58414
1.58414
1.58414
1.58414
1.58414
1.583767
1.583767
1.583767
1.583767
1.583767
1.58383
1.58383
1.58383
1.58383
1.58383
1.584155
1.584155
1.584155
1.584155
1.584155
1.583497
1.583497
1.583497
1.583497
1.583497
1.583331
1.583331
1.583331
1.583331
1.583331
1.583993
1.583993
1.583993
1.583993
1.583993
1.583713
1.583713
1.583713
1.583713
1.583713
1.583957
1.583957
1.583957
1.583957
1.583957
1.584228
1.584228
1.584228
1.584228
1.584228
1.583612
1.583612
1.583612
1.583612
1.583612
1.583155
1.583155
1.583155
1.583155
1.583155
1.583603
1.583603
1.583603
1.583603
1.583603
1.583892
1.583892
1.583892
1.583892
1.583892
1.584334
1.584334
1.584334
1.584334
1.584334
1.584285
1.584285
1.584285
1.584285
1.584285
1.583724
1.583724
1.583724
1.583724
1.583724
1.583129
1.583129
1.583129
1.583129
1.583129
1.582947
1.582947
1.582947
1.582947
1.582947
1.583463
1.583463
1.583463
1.583463
1.583463
1.584064
1.584064
1.584064
1.584064
1.584064
1.584158
1.584158
1.584158
1.584158
1.584158
1.583778
1.583778
1.583778
1.583778
1.583778
1.583487
1.583487
1.583487
1.583487
1.583487
1.58303
1.58303
1.58303
1.58303
1.58303
1.583426
1.583426
1.583426
1.583426
1.583426
1.584094
1.584094
1.584094
1.584094
1.584094
1.583837
1.583837
1.583837
1.583837
1.583837
1.583596
1.583596
1.583596
1.583596
1.583596
1.583839
1.583839
1.583839
1.583839
1.583839
1.583185
1.583185
1.583185
1.583185
1.583185
1.58332
1.58332
1.58332
1.58332
1.58332
1.584002
1.584002
1.584002
1.584002
1.584002
1.583708
1.583708
1.583708
1.583708
1.583708
1.583632
1.583632
1.583632
1.583632
1.583632
1.58399
1.58399
1.58399
1.58399
1.58399
1.583266
1.583266
1.583266
1.583266
1.583266
1.583278
1.583278
1.583278
1.583278
1.583278
1.583918
1.583918
1.583918
1.583918
1.583918
1.583655
1.583655
1.583655
1.583655
1.583655
1.583654
1.583654
1.583654
1.583654
1.583654
1.583912
1.583912
1.583912
1.583912
1.583912
1.583278
1.583278
1.583278
1.583278
1.583278
1.58327
1.58327
1.58327
1.58327
1.58327
1.583995
1.583995
1.583995
1.583995
1.583995
1.583633
1.583633
1.583633
1.583633
1.583633
1.583707
1.583707
1.583707
1.583707
1.583707
1.583996
1.583996
1.583996
1.583996
1.583996
1.583318
1.583318
1.583318
1.583318
1.583318
1.583187
1.583187
1.583187
1.583187
1.583187
1.583842
1.583842
1.583842
1.583842
1.583842
1.583595
1.583595
1.583595
1.583595
1.583595
1.583837
1.583837
1.583837
1.583837
1.583837
1.584093
1.584093
1.584093
1.584093
1.584093
1.583425
1.583425
1.583425
1.583425
1.583425
1.583031
1.583031
1.583031
1.583031
1.583031
1.58349
1.58349
1.58349
1.58349
1.58349
1.583777
1.583777
1.583777
1.583777
1.583777
1.584157
1.584157
1.584157
1.584157
1.584157
1.584063
1.584063
1.584063
1.584063
1.584063
1.583464
1.583464
1.583464
1.583464
1.583464
1.582947
1.582947
1.582947
1.582947
1.582947
1.582758
1.582758
1.582758
1.582758
1.582758
1.583179
1.583179
1.583179
1.583179
1.583179
1.583832
1.583832
1.583832
1.583832
1.583832
1.583983
1.583983
1.583983
1.583983
1.583983
1.583654
1.583654
1.583654
1.583654
1.583654
1.583379
1.583379
1.583379
1.583379
1.583379
1.582922
1.582922
1.582922
1.582922
1.582922
1.583228
1.583228
1.583228
1.583228
1.583228
1.583931
1.583931
1.583931
1.583931
1.583931
1.583715
1.583715
1.583715
1.583715
1.583715
1.58348
1.58348
1.58348
1.58348
1.58348
1.583698
1.583698
1.583698
1.583698
1.583698
1.583051
1.583051
1.583051
1.583051
1.583051
1.583131
1.583131
1.583131
1.583131
1.583131
1.583838
1.583838
1.583838
1.583838
1.583838
1.583583
1.583583
1.583583
1.583583
1.583583
1.583501
1.583501
1.583501
1.583501
1.583501
1.583853
1.583853
1.583853
1.583853
1.583853
1.583109
1.583109
1.583109
1.583109
1.583109
1.583103
1.583103
1.583103
1.583103
1.583103
1.583743
1.583743
1.583743
1.583743
1.583743
1.583518
1.583518
1.583518
1.583518
1.583518
1.583516
1.583516
1.583516
1.583516
1.583516
1.583735
1.583735
1.583735
1.583735
1.583735
1.583102
1.583102
1.583102
1.583102
1.583102
1.583115
1.583115
1.583115
1.583115
1.583115
1.583858
1.583858
1.583858
1.583858
1.583858
1.583502
1.583502
1.583502
1.583502
1.583502
1.583581
1.583581
1.583581
1.583581
1.583581
1.583829
1.583829
1.583829
1.583829
1.583829
1.583129
1.583129
1.583129
1.583129
1.583129
1.583054
1.583054
1.583054
1.583054
1.583054
1.583702
1.583702
1.583702
1.583702
1.583702
1.58348
1.58348
1.58348
1.58348
1.58348
1.583715
1.583715
1.583715
1.583715
1.583715
1.583929
1.583929
1.583929
1.583929
1.583929
1.583227
1.583227
1.583227
1.583227
1.583227
1.582923
1.582923
1.582923
1.582923
1.582923
1.583382
1.583382
1.583382
1.583382
1.583382
1.583652
1.583652
1.583652
1.583652
1.583652
1.583981
1.583981
1.583981
1.583981
1.583981
1.583831
1.583831
1.583831
1.583831
1.583831
1.583179
1.583179
1.583179
1.583179
1.583179
1.582758
1.582758
1.582758
1.582758
1.582758
1.582565
1.582565
1.582565
1.582565
1.582565
1.582916
1.582916
1.582916
1.582916
1.582916
1.583525
1.583525
1.583525
1.583525
1.583525
1.583749
1.583749
1.583749
1.583749
1.583749
1.583483
1.583483
1.583483
1.583483
1.583483
1.583217
1.583217
1.583217
1.583217
1.583217
1.58283
1.58283
1.58283
1.58283
1.58283
1.583042
1.583042
1.583042
1.583042
1.583042
1.583634
1.583634
1.583634
1.583634
1.583634
1.583525
1.583525
1.583525
1.583525
1.583525
1.583316
1.583316
1.583316
1.583316
1.583316
1.583512
1.583512
1.583512
1.583512
1.583512
1.582917
1.582917
1.582917
1.582917
1.582917
1.582966
1.582966
1.582966
1.582966
1.582966
1.583593
1.583593
1.583593
1.583593
1.583593
1.583403
1.583403
1.583403
1.583403
1.583403
1.583339
1.583339
1.583339
1.583339
1.583339
1.583663
1.583663
1.583663
1.583663
1.583663
1.582942
1.582942
1.582942
1.582942
1.582942
1.582941
1.582941
1.582941
1.582941
1.582941
1.583508
1.583508
1.583508
1.583508
1.583508
1.583338
1.583338
1.583338
1.583338
1.583338
1.583337
1.583337
1.583337
1.583337
1.583337
1.5835
1.5835
1.5835
1.5835
1.5835
1.582939
1.582939
1.582939
1.582939
1.582939
1.582948
1.582948
1.582948
1.582948
1.582948
1.583668
1.583668
1.583668
1.583668
1.583668
1.58334
1.58334
1.58334
1.58334
1.58334
1.583402
1.583402
1.583402
1.583402
1.583402
1.583585
1.583585
1.583585
1.583585
1.583585
1.582965
1.582965
1.582965
1.582965
1.582965
1.582918
1.582918
1.582918
1.582918
1.582918
1.583518
1.583518
1.583518
1.583518
1.583518
1.583316
1.583316
1.583316
1.583316
1.583316
1.583524
1.583524
1.583524
1.583524
1.583524
1.583631
1.583631
1.583631
1.583631
1.583631
1.583041
1.583041
1.583041
1.583041
1.583041
1.582831
1.582831
1.582831
1.582831
1.582831
1.58322
1.58322
1.58322
1.58322
1.58322
1.583483
1.583483
1.583483
1.583483
1.583483
1.583748
1.583748
1.583748
1.583748
1.583748
1.583524
1.583524
1.583524
1.583524
1.583524
1.582916
1.582916
1.582916
1.582916
1.582916
1.582564
1.582564
1.582564
1.582564
1.582564
1.582346
1.582346
1.582346
1.582346
1.582346
1.582598
1.582598
1.582598
1.582598
1.582598
1.583126
1.583126
1.583126
1.583126
1.583126
1.583452
1.583452
1.583452
1.583452
1.583452
1.583239
1.583239
1.583239
1.583239
1.583239
1.582992
1.582992
1.582992
1.582992
1.582992
1.582733
1.582733
1.582733
1.582733
1.582733
1.582827
1.582827
1.582827
1.582827
1.582827
1.583235
1.583235
1.583235
1.583235
1.583235
1.58327
1.58327
1.58327
1.58327
1.58327
1.583089
1.583089
1.583089
1.583089
1.583089
1.583221
1.583221
1.583221
1.583221
1.583221
1.582765
1.582765
1.582765
1.582765
1.582765
1.58278
1.58278
1.58278
1.58278
1.58278
1.583276
1.583276
1.583276
1.583276
1.583276
1.583172
1.583172
1.583172
1.583172
1.583172
1.583123
1.583123
1.583123
1.583123
1.583123
1.583349
1.583349
1.583349
1.583349
1.583349
1.582761
1.582761
1.582761
1.582761
1.582761
1.582748
1.582748
1.582748
1.582748
1.582748
1.583223
1.583223
1.583223
1.583223
1.583223
1.583108
1.583108
1.583108
1.583108
1.583108
1.583105
1.583105
1.583105
1.583105
1.583105
1.58321
1.58321
1.58321
1.58321
1.58321
1.582746
1.582746
1.582746
1.582746
1.582746
1.582766
1.582766
1.582766
1.582766
1.582766
1.583357
1.583357
1.583357
1.583357
1.583357
1.583125
1.583125
1.583125
1.583125
1.583125
1.583172
1.583172
1.583172
1.583172
1.583172
1.583267
1.583267
1.583267
1.583267
1.583267
1.582778
1.582778
1.582778
1.582778
1.582778
1.582768
1.582768
1.582768
1.582768
1.582768
1.583228
1.583228
1.583228
1.583228
1.583228
1.58309
1.58309
1.58309
1.58309
1.58309
1.583272
1.583272
1.583272
1.583272
1.583272
1.583229
1.583229
1.583229
1.583229
1.583229
1.582826
1.582826
1.582826
1.582826
1.582826
1.582734
1.582734
1.582734
1.582734
1.582734
1.582996
1.582996
1.582996
1.582996
1.582996
1.583243
1.583243
1.583243
1.583243
1.583243
1.583446
1.583446
1.583446
1.583446
1.583446
1.583124
1.583124
1.583124
1.583124
1.583124
1.582597
1.582597
1.582597
1.582597
1.582597
1.582345
1.582345
1.582345
1.582345
1.582345
1.582086
1.582086
1.582086
1.582086
1.582086
1.582257
1.582257
1.582257
1.582257
1.582257
1.582683
1.582683
1.582683
1.582683
1.582683
1.583122
1.583122
1.583122
1.583122
1.583122
1.582968
1.582968
1.582968
1.582968
1.582968
1.582736
1.582736
1.582736
1.582736
1.582736
1.582643
1.582643
1.582643
1.582643
1.582643
1.582645
1.582645
1.582645
1.582645
1.582645
1.582803
1.582803
1.582803
1.582803
1.582803
1.582954
1.582954
1.582954
1.582954
1.582954
1.582826
1.582826
1.582826
1.582826
1.582826
1.582921
1.582921
1.582921
1.582921
1.582921
1.582633
1.582633
1.582633
1.582633
1.582633
1.582618
1.582618
1.582618
1.582618
1.582618
1.582911
1.582911
1.582911
1.582911
1.582911
1.582889
1.582889
1.582889
1.582889
1.582889
1.582846
1.582846
1.582846
1.582846
1.582846
1.582963
1.582963
1.582963
1.582963
1.582963
1.58259
1.58259
1.58259
1.58259
1.58259
1.582596
1.582596
1.582596
1.582596
1.582596
1.582938
1.582938
1.582938
1.582938
1.582938
1.582844
1.582844
1.582844
1.582844
1.582844
1.582841
1.582841
1.582841
1.582841
1.582841
1.582929
1.582929
1.582929
1.582929
1.582929
1.582593
1.582593
1.582593
1.582593
1.582593
1.582595
1.582595
1.582595
1.582595
1.582595
1.582969
1.582969
1.582969
1.582969
1.582969
1.582848
1.582848
1.582848
1.582848
1.582848
1.582892
1.582892
1.582892
1.582892
1.582892
1.582909
1.582909
1.582909
1.582909
1.582909
1.582614
1.582614
1.582614
1.582614
1.582614
1.582632
1.582632
1.582632
1.582632
1.582632
1.582927
1.582927
1.582927
1.582927
1.582927
1.582827
1.582827
1.582827
1.582827
1.582827
1.582955
1.582955
1.582955
1.582955
1.582955
1.582796
1.582796
1.582796
1.582796
1.582796
1.582646
1.582646
1.582646
1.582646
1.582646
1.582645
1.582645
1.582645
1.582645
1.582645
1.582742
1.582742
1.582742
1.582742
1.582742
1.582973
1.582973
1.582973
1.582973
1.582973
1.583118
1.583118
1.583118
1.583118
1.583118
1.58268
1.58268
1.58268
1.58268
1.58268
1.582256
1.582256
1.582256
1.582256
1.582256
1.582086
1.582086
1.582086
1.582086
1.582086
1.58179
1.58179
1.58179
1.58179
1.58179
1.581835
1.581835
1.581835
1.581835
1.581835
1.581866
1.581866
1.581866
1.581866
1.581866
1.582469
1.582469
1.582469
1.582469
1.582469
1.582354
1.582354
1.582354
1.582354
1.582354
1.582238
1.582238
1.582238
1.582238
1.582238
1.582491
1.582491
1.582491
1.582491
1.582491
1.582423
1.582423
1.582423
1.582423
1.582423
1.582157
1.582157
1.582157
1.582157
1.582157
1.582304
1.582304
1.582304
1.582304
1.582304
1.582249
1.582249
1.582249
1.582249
1.582249
1.582329
1.582329
1.582329
1.582329
1.582329
1.582467
1.582467
1.582467
1.582467
1.582467
1.58239
1.58239
1.58239
1.58239
1.58239
1.582229
1.582229
1.582229
1.582229
1.582229
1.582269
1.582269
1.582269
1.582269
1.582269
1.582235
1.582235
1.582235
1.582235
1.582235
1.582253
1.582253
1.582253
1.582253
1.582253
1.582379
1.582379
1.582379
1.582379
1.582379
1.582386
1.582386
1.582386
1.582386
1.582386
1.582269
1.582269
1.582269
1.582269
1.582269
1.582243
1.582243
1.582243
1.582243
1.582243
1.58224
1.58224
1.58224
1.58224
1.58224
1.582263
1.582263
1.582263
1.582263
1.582263
1.582384
1.582384
1.582384
1.582384
1.582384
1.582382
1.582382
1.582382
1.582382
1.582382
1.582257
1.582257
1.582257
1.582257
1.582257
1.582238
1.582238
1.582238
1.582238
1.582238
1.582272
1.582272
1.582272
1.582272
1.582272
1.582227
1.582227
1.582227
1.582227
1.582227
1.582386
1.582386
1.582386
1.582386
1.582386
1.582466
1.582466
1.582466
1.582466
1.582466
1.582331
1.582331
1.582331
1.582331
1.582331
1.582251
1.582251
1.582251
1.582251
1.582251
1.582305
1.582305
1.582305
1.582305
1.582305
1.582156
1.582156
1.582156
1.582156
1.582156
1.582426
1.582426
1.582426
1.582426
1.582426
1.582493
1.582493
1.582493
1.582493
1.582493
1.582241
1.582241
1.582241
1.582241
1.582241
1.582358
1.582358
1.582358
1.582358
1.582358
1.582469
1.582469
1.582469
1.582469
1.582469
1.581864
1.581864
1.581864
1.581864
1.581864
1.581833
1.581833
1.581833
1.581833
1.581833
1.581789
1.581789
1.581789
1.581789
1.581789
)
;

boundaryField
{
    electrolyteSides
    {
        type            zeroGradient;
    }
    electrolyte_to_fuel
    {
        type            zeroGradient;
    }
    electrolyte_to_air
    {
        type            zeroGradient;
    }
}


// ************************************************************************* //
