/*--------------------------------*- C++ -*----------------------------------*\
| =========                 |                                                 |
| \\      /  F ield         | OpenFOAM: The Open Source CFD Toolbox           |
|  \\    /   O peration     | Version:  4.0                                   |
|   \\  /    A nd           | Web:      www.OpenFOAM.org                      |
|    \\/     M anipulation  |                                                 |
\*---------------------------------------------------------------------------*/
FoamFile
{
    version     2.0;
    format      ascii;
    class       volScalarField;
    location    "120/electrolyte";
    object      sigmaMem;
}
// * * * * * * * * * * * * * * * * * * * * * * * * * * * * * * * * * * * * * //

dimensions      [-1 -2 3 0 0 2 0];

internalField   nonuniform List<scalar> 
4840
(
6.368276
6.368276
6.368276
6.368276
6.368276
6.320233
6.320233
6.320233
6.320233
6.320233
6.279535
6.279535
6.279535
6.279535
6.279535
6.279111
6.279111
6.279111
6.279111
6.279111
6.279587
6.279587
6.279587
6.279587
6.279587
6.27812
6.27812
6.27812
6.27812
6.27812
6.300376
6.300376
6.300376
6.300376
6.300376
6.299218
6.299218
6.299218
6.299218
6.299218
6.278242
6.278242
6.278242
6.278242
6.278242
6.280569
6.280569
6.280569
6.280569
6.280569
6.280669
6.280669
6.280669
6.280669
6.280669
6.278763
6.278763
6.278763
6.278763
6.278763
6.300303
6.300303
6.300303
6.300303
6.300303
6.300114
6.300114
6.300114
6.300114
6.300114
6.27882
6.27882
6.27882
6.27882
6.27882
6.280893
6.280893
6.280893
6.280893
6.280893
6.28096
6.28096
6.28096
6.28096
6.28096
6.279004
6.279004
6.279004
6.279004
6.279004
6.300472
6.300472
6.300472
6.300472
6.300472
6.300456
6.300456
6.300456
6.300456
6.300456
6.279039
6.279039
6.279039
6.279039
6.279039
6.281045
6.281045
6.281045
6.281045
6.281045
6.281045
6.281045
6.281045
6.281045
6.281045
6.279039
6.279039
6.279039
6.279039
6.279039
6.300466
6.300466
6.300466
6.300466
6.300466
6.300524
6.300524
6.300524
6.300524
6.300524
6.279038
6.279038
6.279038
6.279038
6.279038
6.280989
6.280989
6.280989
6.280989
6.280989
6.280922
6.280922
6.280922
6.280922
6.280922
6.278833
6.278833
6.278833
6.278833
6.278833
6.300253
6.300253
6.300253
6.300253
6.300253
6.300461
6.300461
6.300461
6.300461
6.300461
6.278853
6.278853
6.278853
6.278853
6.278853
6.280736
6.280736
6.280736
6.280736
6.280736
6.280539
6.280539
6.280539
6.280539
6.280539
6.278194
6.278194
6.278194
6.278194
6.278194
6.299126
6.299126
6.299126
6.299126
6.299126
6.300286
6.300286
6.300286
6.300286
6.300286
6.278078
6.278078
6.278078
6.278078
6.278078
6.279493
6.279493
6.279493
6.279493
6.279493
6.278934
6.278934
6.278934
6.278934
6.278934
6.279273
6.279273
6.279273
6.279273
6.279273
6.31962
6.31962
6.31962
6.31962
6.31962
6.367367
6.367367
6.367367
6.367367
6.367367
6.368316
6.368316
6.368316
6.368316
6.368316
6.321451
6.321451
6.321451
6.321451
6.321451
6.27526
6.27526
6.27526
6.27526
6.27526
6.269142
6.269142
6.269142
6.269142
6.269142
6.26947
6.26947
6.26947
6.26947
6.26947
6.273337
6.273337
6.273337
6.273337
6.273337
6.302297
6.302297
6.302297
6.302297
6.302297
6.30134
6.30134
6.30134
6.30134
6.30134
6.273468
6.273468
6.273468
6.273468
6.273468
6.270528
6.270528
6.270528
6.270528
6.270528
6.270723
6.270723
6.270723
6.270723
6.270723
6.274165
6.274165
6.274165
6.274165
6.274165
6.302641
6.302641
6.302641
6.302641
6.302641
6.302449
6.302449
6.302449
6.302449
6.302449
6.274237
6.274237
6.274237
6.274237
6.274237
6.271054
6.271054
6.271054
6.271054
6.271054
6.271189
6.271189
6.271189
6.271189
6.271189
6.274545
6.274545
6.274545
6.274545
6.274545
6.303
6.303
6.303
6.303
6.303
6.302991
6.302991
6.302991
6.302991
6.302991
6.274591
6.274591
6.274591
6.274591
6.274591
6.271294
6.271294
6.271294
6.271294
6.271294
6.271293
6.271293
6.271293
6.271293
6.271293
6.274589
6.274589
6.274589
6.274589
6.274589
6.302992
6.302992
6.302992
6.302992
6.302992
6.303004
6.303004
6.303004
6.303004
6.303004
6.274495
6.274495
6.274495
6.274495
6.274495
6.271138
6.271138
6.271138
6.271138
6.271138
6.271062
6.271062
6.271062
6.271062
6.271062
6.274249
6.274249
6.274249
6.274249
6.274249
6.302486
6.302486
6.302486
6.302486
6.302486
6.30266
6.30266
6.30266
6.30266
6.30266
6.274176
6.274176
6.274176
6.274176
6.274176
6.270744
6.270744
6.270744
6.270744
6.270744
6.270522
6.270522
6.270522
6.270522
6.270522
6.273448
6.273448
6.273448
6.273448
6.273448
6.301302
6.301302
6.301302
6.301302
6.301302
6.302262
6.302262
6.302262
6.302262
6.302262
6.273322
6.273322
6.273322
6.273322
6.273322
6.269443
6.269443
6.269443
6.269443
6.269443
6.269084
6.269084
6.269084
6.269084
6.269084
6.275164
6.275164
6.275164
6.275164
6.275164
6.321209
6.321209
6.321209
6.321209
6.321209
6.367915
6.367915
6.367915
6.367915
6.367915
6.384615
6.384615
6.384615
6.384615
6.384615
6.337599
6.337599
6.337599
6.337599
6.337599
6.27664
6.27664
6.27664
6.27664
6.27664
6.263298
6.263298
6.263298
6.263298
6.263298
6.263153
6.263153
6.263153
6.263153
6.263153
6.272247
6.272247
6.272247
6.272247
6.272247
6.309528
6.309528
6.309528
6.309528
6.309528
6.30873
6.30873
6.30873
6.30873
6.30873
6.272334
6.272334
6.272334
6.272334
6.272334
6.264076
6.264076
6.264076
6.264076
6.264076
6.264299
6.264299
6.264299
6.264299
6.264299
6.273063
6.273063
6.273063
6.273063
6.273063
6.309891
6.309891
6.309891
6.309891
6.309891
6.309685
6.309685
6.309685
6.309685
6.309685
6.273076
6.273076
6.273076
6.273076
6.273076
6.264593
6.264593
6.264593
6.264593
6.264593
6.264686
6.264686
6.264686
6.264686
6.264686
6.273331
6.273331
6.273331
6.273331
6.273331
6.310142
6.310142
6.310142
6.310142
6.310142
6.310132
6.310132
6.310132
6.310132
6.310132
6.273382
6.273382
6.273382
6.273382
6.273382
6.264782
6.264782
6.264782
6.264782
6.264782
6.26478
6.26478
6.26478
6.26478
6.26478
6.273378
6.273378
6.273378
6.273378
6.273378
6.310129
6.310129
6.310129
6.310129
6.310129
6.310146
6.310146
6.310146
6.310146
6.310146
6.273325
6.273325
6.273325
6.273325
6.273325
6.264678
6.264678
6.264678
6.264678
6.264678
6.264596
6.264596
6.264596
6.264596
6.264596
6.273083
6.273083
6.273083
6.273083
6.273083
6.309706
6.309706
6.309706
6.309706
6.309706
6.30992
6.30992
6.30992
6.30992
6.30992
6.273085
6.273085
6.273085
6.273085
6.273085
6.264314
6.264314
6.264314
6.264314
6.264314
6.264073
6.264073
6.264073
6.264073
6.264073
6.272318
6.272318
6.272318
6.272318
6.272318
6.308704
6.308704
6.308704
6.308704
6.308704
6.309506
6.309506
6.309506
6.309506
6.309506
6.272236
6.272236
6.272236
6.272236
6.272236
6.263133
6.263133
6.263133
6.263133
6.263133
6.263253
6.263253
6.263253
6.263253
6.263253
6.276546
6.276546
6.276546
6.276546
6.276546
6.33739
6.33739
6.33739
6.33739
6.33739
6.384326
6.384326
6.384326
6.384326
6.384326
6.405411
6.405411
6.405411
6.405411
6.405411
6.358029
6.358029
6.358029
6.358029
6.358029
6.281969
6.281969
6.281969
6.281969
6.281969
6.261133
6.261133
6.261133
6.261133
6.261133
6.260272
6.260272
6.260272
6.260272
6.260272
6.273976
6.273976
6.273976
6.273976
6.273976
6.317677
6.317677
6.317677
6.317677
6.317677
6.317311
6.317311
6.317311
6.317311
6.317311
6.273786
6.273786
6.273786
6.273786
6.273786
6.260861
6.260861
6.260861
6.260861
6.260861
6.261135
6.261135
6.261135
6.261135
6.261135
6.274634
6.274634
6.274634
6.274634
6.274634
6.318216
6.318216
6.318216
6.318216
6.318216
6.318168
6.318168
6.318168
6.318168
6.318168
6.27468
6.27468
6.27468
6.27468
6.27468
6.261503
6.261503
6.261503
6.261503
6.261503
6.261602
6.261602
6.261602
6.261602
6.261602
6.274987
6.274987
6.274987
6.274987
6.274987
6.318665
6.318665
6.318665
6.318665
6.318665
6.318676
6.318676
6.318676
6.318676
6.318676
6.2751
6.2751
6.2751
6.2751
6.2751
6.261785
6.261785
6.261785
6.261785
6.261785
6.261783
6.261783
6.261783
6.261783
6.261783
6.275094
6.275094
6.275094
6.275094
6.275094
6.318673
6.318673
6.318673
6.318673
6.318673
6.318677
6.318677
6.318677
6.318677
6.318677
6.275054
6.275054
6.275054
6.275054
6.275054
6.261663
6.261663
6.261663
6.261663
6.261663
6.261507
6.261507
6.261507
6.261507
6.261507
6.274683
6.274683
6.274683
6.274683
6.274683
6.318184
6.318184
6.318184
6.318184
6.318184
6.318273
6.318273
6.318273
6.318273
6.318273
6.274683
6.274683
6.274683
6.274683
6.274683
6.261149
6.261149
6.261149
6.261149
6.261149
6.26086
6.26086
6.26086
6.26086
6.26086
6.273774
6.273774
6.273774
6.273774
6.273774
6.317294
6.317294
6.317294
6.317294
6.317294
6.317667
6.317667
6.317667
6.317667
6.317667
6.273969
6.273969
6.273969
6.273969
6.273969
6.260254
6.260254
6.260254
6.260254
6.260254
6.261089
6.261089
6.261089
6.261089
6.261089
6.281856
6.281856
6.281856
6.281856
6.281856
6.357826
6.357826
6.357826
6.357826
6.357826
6.4052
6.4052
6.4052
6.4052
6.4052
6.424371
6.424371
6.424371
6.424371
6.424371
6.37452
6.37452
6.37452
6.37452
6.37452
6.288118
6.288118
6.288118
6.288118
6.288118
6.261221
6.261221
6.261221
6.261221
6.261221
6.259505
6.259505
6.259505
6.259505
6.259505
6.276283
6.276283
6.276283
6.276283
6.276283
6.324711
6.324711
6.324711
6.324711
6.324711
6.324457
6.324457
6.324457
6.324457
6.324457
6.275882
6.275882
6.275882
6.275882
6.275882
6.259644
6.259644
6.259644
6.259644
6.259644
6.259939
6.259939
6.259939
6.259939
6.259939
6.276751
6.276751
6.276751
6.276751
6.276751
6.325221
6.325221
6.325221
6.325221
6.325221
6.325187
6.325187
6.325187
6.325187
6.325187
6.276714
6.276714
6.276714
6.276714
6.276714
6.260239
6.260239
6.260239
6.260239
6.260239
6.260339
6.260339
6.260339
6.260339
6.260339
6.27701
6.27701
6.27701
6.27701
6.27701
6.325467
6.325467
6.325467
6.325467
6.325467
6.325452
6.325452
6.325452
6.325452
6.325452
6.277049
6.277049
6.277049
6.277049
6.277049
6.260458
6.260458
6.260458
6.260458
6.260458
6.260454
6.260454
6.260454
6.260454
6.260454
6.27704
6.27704
6.27704
6.27704
6.27704
6.325445
6.325445
6.325445
6.325445
6.325445
6.325447
6.325447
6.325447
6.325447
6.325447
6.277009
6.277009
6.277009
6.277009
6.277009
6.260335
6.260335
6.260335
6.260335
6.260335
6.26022
6.26022
6.26022
6.26022
6.26022
6.276711
6.276711
6.276711
6.276711
6.276711
6.325107
6.325107
6.325107
6.325107
6.325107
6.325155
6.325155
6.325155
6.325155
6.325155
6.276713
6.276713
6.276713
6.276713
6.276713
6.259898
6.259898
6.259898
6.259898
6.259898
6.259671
6.259671
6.259671
6.259671
6.259671
6.275908
6.275908
6.275908
6.275908
6.275908
6.324496
6.324496
6.324496
6.324496
6.324496
6.324759
6.324759
6.324759
6.324759
6.324759
6.276318
6.276318
6.276318
6.276318
6.276318
6.259575
6.259575
6.259575
6.259575
6.259575
6.261328
6.261328
6.261328
6.261328
6.261328
6.288205
6.288205
6.288205
6.288205
6.288205
6.374634
6.374634
6.374634
6.374634
6.374634
6.424514
6.424514
6.424514
6.424514
6.424514
6.441364
6.441364
6.441364
6.441364
6.441364
6.388818
6.388818
6.388818
6.388818
6.388818
6.294794
6.294794
6.294794
6.294794
6.294794
6.262741
6.262741
6.262741
6.262741
6.262741
6.259936
6.259936
6.259936
6.259936
6.259936
6.278811
6.278811
6.278811
6.278811
6.278811
6.330498
6.330498
6.330498
6.330498
6.330498
6.330259
6.330259
6.330259
6.330259
6.330259
6.278288
6.278288
6.278288
6.278288
6.278288
6.259517
6.259517
6.259517
6.259517
6.259517
6.259729
6.259729
6.259729
6.259729
6.259729
6.278987
6.278987
6.278987
6.278987
6.278987
6.330788
6.330788
6.330788
6.330788
6.330788
6.330775
6.330775
6.330775
6.330775
6.330775
6.279037
6.279037
6.279037
6.279037
6.279037
6.260053
6.260053
6.260053
6.260053
6.260053
6.260143
6.260143
6.260143
6.260143
6.260143
6.279267
6.279267
6.279267
6.279267
6.279267
6.331027
6.331027
6.331027
6.331027
6.331027
6.331036
6.331036
6.331036
6.331036
6.331036
6.279314
6.279314
6.279314
6.279314
6.279314
6.260266
6.260266
6.260266
6.260266
6.260266
6.260262
6.260262
6.260262
6.260262
6.260262
6.279304
6.279304
6.279304
6.279304
6.279304
6.33103
6.33103
6.33103
6.33103
6.33103
6.331057
6.331057
6.331057
6.331057
6.331057
6.279301
6.279301
6.279301
6.279301
6.279301
6.260169
6.260169
6.260169
6.260169
6.260169
6.260067
6.260067
6.260067
6.260067
6.260067
6.279028
6.279028
6.279028
6.279028
6.279028
6.330816
6.330816
6.330816
6.330816
6.330816
6.330846
6.330846
6.330846
6.330846
6.330846
6.279039
6.279039
6.279039
6.279039
6.279039
6.259769
6.259769
6.259769
6.259769
6.259769
6.259497
6.259497
6.259497
6.259497
6.259497
6.278256
6.278256
6.278256
6.278256
6.278256
6.330217
6.330217
6.330217
6.330217
6.330217
6.330467
6.330467
6.330467
6.330467
6.330467
6.278791
6.278791
6.278791
6.278791
6.278791
6.259872
6.259872
6.259872
6.259872
6.259872
6.262619
6.262619
6.262619
6.262619
6.262619
6.294622
6.294622
6.294622
6.294622
6.294622
6.388549
6.388549
6.388549
6.388549
6.388549
6.441065
6.441065
6.441065
6.441065
6.441065
6.455511
6.455511
6.455511
6.455511
6.455511
6.400137
6.400137
6.400137
6.400137
6.400137
6.299986
6.299986
6.299986
6.299986
6.299986
6.26437
6.26437
6.26437
6.26437
6.26437
6.260662
6.260662
6.260662
6.260662
6.260662
6.28085
6.28085
6.28085
6.28085
6.28085
6.334955
6.334955
6.334955
6.334955
6.334955
6.334698
6.334698
6.334698
6.334698
6.334698
6.280192
6.280192
6.280192
6.280192
6.280192
6.259745
6.259745
6.259745
6.259745
6.259745
6.259985
6.259985
6.259985
6.259985
6.259985
6.280878
6.280878
6.280878
6.280878
6.280878
6.335222
6.335222
6.335222
6.335222
6.335222
6.33522
6.33522
6.33522
6.33522
6.33522
6.280949
6.280949
6.280949
6.280949
6.280949
6.260342
6.260342
6.260342
6.260342
6.260342
6.260469
6.260469
6.260469
6.260469
6.260469
6.281222
6.281222
6.281222
6.281222
6.281222
6.335568
6.335568
6.335568
6.335568
6.335568
6.335587
6.335587
6.335587
6.335587
6.335587
6.281301
6.281301
6.281301
6.281301
6.281301
6.2606
6.2606
6.2606
6.2606
6.2606
6.260595
6.260595
6.260595
6.260595
6.260595
6.281289
6.281289
6.281289
6.281289
6.281289
6.33558
6.33558
6.33558
6.33558
6.33558
6.335576
6.335576
6.335576
6.335576
6.335576
6.28119
6.28119
6.28119
6.28119
6.28119
6.260433
6.260433
6.260433
6.260433
6.260433
6.260343
6.260343
6.260343
6.260343
6.260343
6.280943
6.280943
6.280943
6.280943
6.280943
6.335224
6.335224
6.335224
6.335224
6.335224
6.335217
6.335217
6.335217
6.335217
6.335217
6.280881
6.280881
6.280881
6.280881
6.280881
6.259998
6.259998
6.259998
6.259998
6.259998
6.25974
6.25974
6.25974
6.25974
6.25974
6.280175
6.280175
6.280175
6.280175
6.280175
6.334674
6.334674
6.334674
6.334674
6.334674
6.334943
6.334943
6.334943
6.334943
6.334943
6.280846
6.280846
6.280846
6.280846
6.280846
6.260642
6.260642
6.260642
6.260642
6.260642
6.26432
6.26432
6.26432
6.26432
6.26432
6.29991
6.29991
6.29991
6.29991
6.29991
6.399985
6.399985
6.399985
6.399985
6.399985
6.455308
6.455308
6.455308
6.455308
6.455308
6.467443
6.467443
6.467443
6.467443
6.467443
6.409657
6.409657
6.409657
6.409657
6.409657
6.304705
6.304705
6.304705
6.304705
6.304705
6.266317
6.266317
6.266317
6.266317
6.266317
6.261799
6.261799
6.261799
6.261799
6.261799
6.282815
6.282815
6.282815
6.282815
6.282815
6.338693
6.338693
6.338693
6.338693
6.338693
6.338411
6.338411
6.338411
6.338411
6.338411
6.282043
6.282043
6.282043
6.282043
6.282043
6.260359
6.260359
6.260359
6.260359
6.260359
6.260562
6.260562
6.260562
6.260562
6.260562
6.282569
6.282569
6.282569
6.282569
6.282569
6.338724
6.338724
6.338724
6.338724
6.338724
6.338745
6.338745
6.338745
6.338745
6.338745
6.282684
6.282684
6.282684
6.282684
6.282684
6.260881
6.260881
6.260881
6.260881
6.260881
6.260949
6.260949
6.260949
6.260949
6.260949
6.282836
6.282836
6.282836
6.282836
6.282836
6.338986
6.338986
6.338986
6.338986
6.338986
6.339009
6.339009
6.339009
6.339009
6.339009
6.282917
6.282917
6.282917
6.282917
6.282917
6.261054
6.261054
6.261054
6.261054
6.261054
6.26105
6.26105
6.26105
6.26105
6.26105
6.282905
6.282905
6.282905
6.282905
6.282905
6.339001
6.339001
6.339001
6.339001
6.339001
6.338992
6.338992
6.338992
6.338992
6.338992
6.28284
6.28284
6.28284
6.28284
6.28284
6.260947
6.260947
6.260947
6.260947
6.260947
6.260878
6.260878
6.260878
6.260878
6.260878
6.282676
6.282676
6.282676
6.282676
6.282676
6.338744
6.338744
6.338744
6.338744
6.338744
6.338736
6.338736
6.338736
6.338736
6.338736
6.282586
6.282586
6.282586
6.282586
6.282586
6.260573
6.260573
6.260573
6.260573
6.260573
6.260355
6.260355
6.260355
6.260355
6.260355
6.282027
6.282027
6.282027
6.282027
6.282027
6.33839
6.33839
6.33839
6.33839
6.33839
6.338685
6.338685
6.338685
6.338685
6.338685
6.282812
6.282812
6.282812
6.282812
6.282812
6.261782
6.261782
6.261782
6.261782
6.261782
6.26627
6.26627
6.26627
6.26627
6.26627
6.304617
6.304617
6.304617
6.304617
6.304617
6.409498
6.409498
6.409498
6.409498
6.409498
6.467261
6.467261
6.467261
6.467261
6.467261
6.477349
6.477349
6.477349
6.477349
6.477349
6.417484
6.417484
6.417484
6.417484
6.417484
6.308626
6.308626
6.308626
6.308626
6.308626
6.268133
6.268133
6.268133
6.268133
6.268133
6.26292
6.26292
6.26292
6.26292
6.26292
6.284435
6.284435
6.284435
6.284435
6.284435
6.341546
6.341546
6.341546
6.341546
6.341546
6.341236
6.341236
6.341236
6.341236
6.341236
6.283541
6.283541
6.283541
6.283541
6.283541
6.260964
6.260964
6.260964
6.260964
6.260964
6.261124
6.261124
6.261124
6.261124
6.261124
6.283919
6.283919
6.283919
6.283919
6.283919
6.341477
6.341477
6.341477
6.341477
6.341477
6.341557
6.341557
6.341557
6.341557
6.341557
6.284192
6.284192
6.284192
6.284192
6.284192
6.261516
6.261516
6.261516
6.261516
6.261516
6.26156
6.26156
6.26156
6.26156
6.26156
6.28431
6.28431
6.28431
6.28431
6.28431
6.341861
6.341861
6.341861
6.341861
6.341861
6.341881
6.341881
6.341881
6.341881
6.341881
6.2844
6.2844
6.2844
6.2844
6.2844
6.261709
6.261709
6.261709
6.261709
6.261709
6.261704
6.261704
6.261704
6.261704
6.261704
6.284388
6.284388
6.284388
6.284388
6.284388
6.341874
6.341874
6.341874
6.341874
6.341874
6.341875
6.341875
6.341875
6.341875
6.341875
6.284372
6.284372
6.284372
6.284372
6.284372
6.261612
6.261612
6.261612
6.261612
6.261612
6.261514
6.261514
6.261514
6.261514
6.261514
6.284182
6.284182
6.284182
6.284182
6.284182
6.341556
6.341556
6.341556
6.341556
6.341556
6.341519
6.341519
6.341519
6.341519
6.341519
6.283962
6.283962
6.283962
6.283962
6.283962
6.261137
6.261137
6.261137
6.261137
6.261137
6.260963
6.260963
6.260963
6.260963
6.260963
6.283531
6.283531
6.283531
6.283531
6.283531
6.341224
6.341224
6.341224
6.341224
6.341224
6.341545
6.341545
6.341545
6.341545
6.341545
6.284433
6.284433
6.284433
6.284433
6.284433
6.262904
6.262904
6.262904
6.262904
6.262904
6.268086
6.268086
6.268086
6.268086
6.268086
6.308519
6.308519
6.308519
6.308519
6.308519
6.41732
6.41732
6.41732
6.41732
6.41732
6.477204
6.477204
6.477204
6.477204
6.477204
6.485616
6.485616
6.485616
6.485616
6.485616
6.424087
6.424087
6.424087
6.424087
6.424087
6.312168
6.312168
6.312168
6.312168
6.312168
6.269987
6.269987
6.269987
6.269987
6.269987
6.264191
6.264191
6.264191
6.264191
6.264191
6.286016
6.286016
6.286016
6.286016
6.286016
6.344086
6.344086
6.344086
6.344086
6.344086
6.343756
6.343756
6.343756
6.343756
6.343756
6.285038
6.285038
6.285038
6.285038
6.285038
6.261755
6.261755
6.261755
6.261755
6.261755
6.261867
6.261867
6.261867
6.261867
6.261867
6.285284
6.285284
6.285284
6.285284
6.285284
6.343864
6.343864
6.343864
6.343864
6.343864
6.343929
6.343929
6.343929
6.343929
6.343929
6.285492
6.285492
6.285492
6.285492
6.285492
6.262175
6.262175
6.262175
6.262175
6.262175
6.262198
6.262198
6.262198
6.262198
6.262198
6.285549
6.285549
6.285549
6.285549
6.285549
6.344054
6.344054
6.344054
6.344054
6.344054
6.344063
6.344063
6.344063
6.344063
6.344063
6.285651
6.285651
6.285651
6.285651
6.285651
6.262314
6.262314
6.262314
6.262314
6.262314
6.262309
6.262309
6.262309
6.262309
6.262309
6.285638
6.285638
6.285638
6.285638
6.285638
6.344054
6.344054
6.344054
6.344054
6.344054
6.344041
6.344041
6.344041
6.344041
6.344041
6.285553
6.285553
6.285553
6.285553
6.285553
6.262196
6.262196
6.262196
6.262196
6.262196
6.262154
6.262154
6.262154
6.262154
6.262154
6.285479
6.285479
6.285479
6.285479
6.285479
6.343857
6.343857
6.343857
6.343857
6.343857
6.343812
6.343812
6.343812
6.343812
6.343812
6.285261
6.285261
6.285261
6.285261
6.285261
6.26184
6.26184
6.26184
6.26184
6.26184
6.261779
6.261779
6.261779
6.261779
6.261779
6.285061
6.285061
6.285061
6.285061
6.285061
6.343793
6.343793
6.343793
6.343793
6.343793
6.344135
6.344135
6.344135
6.344135
6.344135
6.286053
6.286053
6.286053
6.286053
6.286053
6.264255
6.264255
6.264255
6.264255
6.264255
6.270072
6.270072
6.270072
6.270072
6.270072
6.312236
6.312236
6.312236
6.312236
6.312236
6.42419
6.42419
6.42419
6.42419
6.42419
6.485757
6.485757
6.485757
6.485757
6.485757
6.492852
6.492852
6.492852
6.492852
6.492852
6.429922
6.429922
6.429922
6.429922
6.429922
6.315454
6.315454
6.315454
6.315454
6.315454
6.271901
6.271901
6.271901
6.271901
6.271901
6.265519
6.265519
6.265519
6.265519
6.265519
6.287486
6.287486
6.287486
6.287486
6.287486
6.346291
6.346291
6.346291
6.346291
6.346291
6.345941
6.345941
6.345941
6.345941
6.345941
6.286413
6.286413
6.286413
6.286413
6.286413
6.262571
6.262571
6.262571
6.262571
6.262571
6.262564
6.262564
6.262564
6.262564
6.262564
6.286426
6.286426
6.286426
6.286426
6.286426
6.345777
6.345777
6.345777
6.345777
6.345777
6.345853
6.345853
6.345853
6.345853
6.345853
6.286698
6.286698
6.286698
6.286698
6.286698
6.262863
6.262863
6.262863
6.262863
6.262863
6.262858
6.262858
6.262858
6.262858
6.262858
6.286659
6.286659
6.286659
6.286659
6.286659
6.345943
6.345943
6.345943
6.345943
6.345943
6.345993
6.345993
6.345993
6.345993
6.345993
6.286849
6.286849
6.286849
6.286849
6.286849
6.263012
6.263012
6.263012
6.263012
6.263012
6.263007
6.263007
6.263007
6.263007
6.263007
6.286836
6.286836
6.286836
6.286836
6.286836
6.345986
6.345986
6.345986
6.345986
6.345986
6.345972
6.345972
6.345972
6.345972
6.345972
6.286691
6.286691
6.286691
6.286691
6.286691
6.262882
6.262882
6.262882
6.262882
6.262882
6.262871
6.262871
6.262871
6.262871
6.262871
6.286679
6.286679
6.286679
6.286679
6.286679
6.345883
6.345883
6.345883
6.345883
6.345883
6.345828
6.345828
6.345828
6.345828
6.345828
6.286475
6.286475
6.286475
6.286475
6.286475
6.262601
6.262601
6.262601
6.262601
6.262601
6.262544
6.262544
6.262544
6.262544
6.262544
6.286373
6.286373
6.286373
6.286373
6.286373
6.345885
6.345885
6.345885
6.345885
6.345885
6.346249
6.346249
6.346249
6.346249
6.346249
6.287459
6.287459
6.287459
6.287459
6.287459
6.265451
6.265451
6.265451
6.265451
6.265451
6.271773
6.271773
6.271773
6.271773
6.271773
6.315276
6.315276
6.315276
6.315276
6.315276
6.429646
6.429646
6.429646
6.429646
6.429646
6.492549
6.492549
6.492549
6.492549
6.492549
6.498553
6.498553
6.498553
6.498553
6.498553
6.434586
6.434586
6.434586
6.434586
6.434586
6.318243
6.318243
6.318243
6.318243
6.318243
6.273542
6.273542
6.273542
6.273542
6.273542
6.266644
6.266644
6.266644
6.266644
6.266644
6.28872
6.28872
6.28872
6.28872
6.28872
6.347982
6.347982
6.347982
6.347982
6.347982
6.347634
6.347634
6.347634
6.347634
6.347634
6.287573
6.287573
6.287573
6.287573
6.287573
6.263284
6.263284
6.263284
6.263284
6.263284
6.263265
6.263265
6.263265
6.263265
6.263265
6.287477
6.287477
6.287477
6.287477
6.287477
6.347386
6.347386
6.347386
6.347386
6.347386
6.347516
6.347516
6.347516
6.347516
6.347516
6.287845
6.287845
6.287845
6.287845
6.287845
6.263613
6.263613
6.263613
6.263613
6.263613
6.263626
6.263626
6.263626
6.263626
6.263626
6.287828
6.287828
6.287828
6.287828
6.287828
6.347705
6.347705
6.347705
6.347705
6.347705
6.347755
6.347755
6.347755
6.347755
6.347755
6.287982
6.287982
6.287982
6.287982
6.287982
6.263772
6.263772
6.263772
6.263772
6.263772
6.263767
6.263767
6.263767
6.263767
6.263767
6.28797
6.28797
6.28797
6.28797
6.28797
6.347747
6.347747
6.347747
6.347747
6.347747
6.347713
6.347713
6.347713
6.347713
6.347713
6.2878
6.2878
6.2878
6.2878
6.2878
6.263594
6.263594
6.263594
6.263594
6.263594
6.26361
6.26361
6.26361
6.26361
6.26361
6.287831
6.287831
6.287831
6.287831
6.287831
6.347513
6.347513
6.347513
6.347513
6.347513
6.347382
6.347382
6.347382
6.347382
6.347382
6.287483
6.287483
6.287483
6.287483
6.287483
6.263278
6.263278
6.263278
6.263278
6.263278
6.263275
6.263275
6.263275
6.263275
6.263275
6.287549
6.287549
6.287549
6.287549
6.287549
6.347603
6.347603
6.347603
6.347603
6.347603
6.347968
6.347968
6.347968
6.347968
6.347968
6.288715
6.288715
6.288715
6.288715
6.288715
6.266621
6.266621
6.266621
6.266621
6.266621
6.273484
6.273484
6.273484
6.273484
6.273484
6.318153
6.318153
6.318153
6.318153
6.318153
6.434417
6.434417
6.434417
6.434417
6.434417
6.498336
6.498336
6.498336
6.498336
6.498336
6.503485
6.503485
6.503485
6.503485
6.503485
6.438664
6.438664
6.438664
6.438664
6.438664
6.32078
6.32078
6.32078
6.32078
6.32078
6.275237
6.275237
6.275237
6.275237
6.275237
6.267919
6.267919
6.267919
6.267919
6.267919
6.290021
6.290021
6.290021
6.290021
6.290021
6.349565
6.349565
6.349565
6.349565
6.349565
6.349305
6.349305
6.349305
6.349305
6.349305
6.288776
6.288776
6.288776
6.288776
6.288776
6.264136
6.264136
6.264136
6.264136
6.264136
6.264072
6.264072
6.264072
6.264072
6.264072
6.288511
6.288511
6.288511
6.288511
6.288511
6.348753
6.348753
6.348753
6.348753
6.348753
6.34899
6.34899
6.34899
6.34899
6.34899
6.288889
6.288889
6.288889
6.288889
6.288889
6.264363
6.264363
6.264363
6.264363
6.264363
6.264325
6.264325
6.264325
6.264325
6.264325
6.288782
6.288782
6.288782
6.288782
6.288782
6.349132
6.349132
6.349132
6.349132
6.349132
6.349176
6.349176
6.349176
6.349176
6.349176
6.288903
6.288903
6.288903
6.288903
6.288903
6.264435
6.264435
6.264435
6.264435
6.264435
6.26443
6.26443
6.26443
6.26443
6.26443
6.288891
6.288891
6.288891
6.288891
6.288891
6.349167
6.349167
6.349167
6.349167
6.349167
6.349139
6.349139
6.349139
6.349139
6.349139
6.288787
6.288787
6.288787
6.288787
6.288787
6.264323
6.264323
6.264323
6.264323
6.264323
6.264358
6.264358
6.264358
6.264358
6.264358
6.288877
6.288877
6.288877
6.288877
6.288877
6.348984
6.348984
6.348984
6.348984
6.348984
6.348764
6.348764
6.348764
6.348764
6.348764
6.288528
6.288528
6.288528
6.288528
6.288528
6.264082
6.264082
6.264082
6.264082
6.264082
6.264129
6.264129
6.264129
6.264129
6.264129
6.288753
6.288753
6.288753
6.288753
6.288753
6.34928
6.34928
6.34928
6.34928
6.34928
6.349558
6.349558
6.349558
6.349558
6.349558
6.290018
6.290018
6.290018
6.290018
6.290018
6.2679
6.2679
6.2679
6.2679
6.2679
6.275184
6.275184
6.275184
6.275184
6.275184
6.320679
6.320679
6.320679
6.320679
6.320679
6.438487
6.438487
6.438487
6.438487
6.438487
6.503286
6.503286
6.503286
6.503286
6.503286
6.507897
6.507897
6.507897
6.507897
6.507897
6.442516
6.442516
6.442516
6.442516
6.442516
6.323427
6.323427
6.323427
6.323427
6.323427
6.276935
6.276935
6.276935
6.276935
6.276935
6.26918
6.26918
6.26918
6.26918
6.26918
6.29128
6.29128
6.29128
6.29128
6.29128
6.351057
6.351057
6.351057
6.351057
6.351057
6.35079
6.35079
6.35079
6.35079
6.35079
6.289973
6.289973
6.289973
6.289973
6.289973
6.26499
6.26499
6.26499
6.26499
6.26499
6.264862
6.264862
6.264862
6.264862
6.264862
6.289522
6.289522
6.289522
6.289522
6.289522
6.350194
6.350194
6.350194
6.350194
6.350194
6.350448
6.350448
6.350448
6.350448
6.350448
6.29003
6.29003
6.29003
6.29003
6.29003
6.265206
6.265206
6.265206
6.265206
6.265206
6.265147
6.265147
6.265147
6.265147
6.265147
6.289895
6.289895
6.289895
6.289895
6.289895
6.35066
6.35066
6.35066
6.35066
6.35066
6.350713
6.350713
6.350713
6.350713
6.350713
6.290076
6.290076
6.290076
6.290076
6.290076
6.265307
6.265307
6.265307
6.265307
6.265307
6.265302
6.265302
6.265302
6.265302
6.265302
6.290064
6.290064
6.290064
6.290064
6.290064
6.350706
6.350706
6.350706
6.350706
6.350706
6.350673
6.350673
6.350673
6.350673
6.350673
6.289951
6.289951
6.289951
6.289951
6.289951
6.265193
6.265193
6.265193
6.265193
6.265193
6.265203
6.265203
6.265203
6.265203
6.265203
6.290018
6.290018
6.290018
6.290018
6.290018
6.350444
6.350444
6.350444
6.350444
6.350444
6.35023
6.35023
6.35023
6.35023
6.35023
6.28956
6.28956
6.28956
6.28956
6.28956
6.264872
6.264872
6.264872
6.264872
6.264872
6.264983
6.264983
6.264983
6.264983
6.264983
6.289952
6.289952
6.289952
6.289952
6.289952
6.350775
6.350775
6.350775
6.350775
6.350775
6.351061
6.351061
6.351061
6.351061
6.351061
6.29128
6.29128
6.29128
6.29128
6.29128
6.269162
6.269162
6.269162
6.269162
6.269162
6.276885
6.276885
6.276885
6.276885
6.276885
6.323313
6.323313
6.323313
6.323313
6.323313
6.44234
6.44234
6.44234
6.44234
6.44234
6.507734
6.507734
6.507734
6.507734
6.507734
6.511904
6.511904
6.511904
6.511904
6.511904
6.445904
6.445904
6.445904
6.445904
6.445904
6.325679
6.325679
6.325679
6.325679
6.325679
6.278622
6.278622
6.278622
6.278622
6.278622
6.270564
6.270564
6.270564
6.270564
6.270564
6.292611
6.292611
6.292611
6.292611
6.292611
6.352484
6.352484
6.352484
6.352484
6.352484
6.352376
6.352376
6.352376
6.352376
6.352376
6.291241
6.291241
6.291241
6.291241
6.291241
6.265997
6.265997
6.265997
6.265997
6.265997
6.265812
6.265812
6.265812
6.265812
6.265812
6.290647
6.290647
6.290647
6.290647
6.290647
6.351624
6.351624
6.351624
6.351624
6.351624
6.351937
6.351937
6.351937
6.351937
6.351937
6.291095
6.291095
6.291095
6.291095
6.291095
6.266083
6.266083
6.266083
6.266083
6.266083
6.266014
6.266014
6.266014
6.266014
6.266014
6.290928
6.290928
6.290928
6.290928
6.290928
6.351961
6.351961
6.351961
6.351961
6.351961
6.35205
6.35205
6.35205
6.35205
6.35205
6.291081
6.291081
6.291081
6.291081
6.291081
6.266123
6.266123
6.266123
6.266123
6.266123
6.266118
6.266118
6.266118
6.266118
6.266118
6.291069
6.291069
6.291069
6.291069
6.291069
6.352041
6.352041
6.352041
6.352041
6.352041
6.351949
6.351949
6.351949
6.351949
6.351949
6.290933
6.290933
6.290933
6.290933
6.290933
6.266013
6.266013
6.266013
6.266013
6.266013
6.266064
6.266064
6.266064
6.266064
6.266064
6.291084
6.291084
6.291084
6.291084
6.291084
6.351874
6.351874
6.351874
6.351874
6.351874
6.351581
6.351581
6.351581
6.351581
6.351581
6.290627
6.290627
6.290627
6.290627
6.290627
6.265788
6.265788
6.265788
6.265788
6.265788
6.266021
6.266021
6.266021
6.266021
6.266021
6.291261
6.291261
6.291261
6.291261
6.291261
6.35242
6.35242
6.35242
6.35242
6.35242
6.352548
6.352548
6.352548
6.352548
6.352548
6.292654
6.292654
6.292654
6.292654
6.292654
6.270626
6.270626
6.270626
6.270626
6.270626
6.278698
6.278698
6.278698
6.278698
6.278698
6.325732
6.325732
6.325732
6.325732
6.325732
6.445983
6.445983
6.445983
6.445983
6.445983
6.512016
6.512016
6.512016
6.512016
6.512016
6.516135
6.516135
6.516135
6.516135
6.516135
6.449792
6.449792
6.449792
6.449792
6.449792
6.328677
6.328677
6.328677
6.328677
6.328677
6.280697
6.280697
6.280697
6.280697
6.280697
6.272178
6.272178
6.272178
6.272178
6.272178
6.294148
6.294148
6.294148
6.294148
6.294148
6.354216
6.354216
6.354216
6.354216
6.354216
6.354163
6.354163
6.354163
6.354163
6.354163
6.292863
6.292863
6.292863
6.292863
6.292863
6.267212
6.267212
6.267212
6.267212
6.267212
6.266869
6.266869
6.266869
6.266869
6.266869
6.291922
6.291922
6.291922
6.291922
6.291922
6.353308
6.353308
6.353308
6.353308
6.353308
6.353526
6.353526
6.353526
6.353526
6.353526
6.292457
6.292457
6.292457
6.292457
6.292457
6.267131
6.267131
6.267131
6.267131
6.267131
6.267037
6.267037
6.267037
6.267037
6.267037
6.292193
6.292193
6.292193
6.292193
6.292193
6.35353
6.35353
6.35353
6.35353
6.35353
6.353618
6.353618
6.353618
6.353618
6.353618
6.292429
6.292429
6.292429
6.292429
6.292429
6.267173
6.267173
6.267173
6.267173
6.267173
6.267168
6.267168
6.267168
6.267168
6.267168
6.292417
6.292417
6.292417
6.292417
6.292417
6.35361
6.35361
6.35361
6.35361
6.35361
6.353556
6.353556
6.353556
6.353556
6.353556
6.292223
6.292223
6.292223
6.292223
6.292223
6.267059
6.267059
6.267059
6.267059
6.267059
6.267137
6.267137
6.267137
6.267137
6.267137
6.292436
6.292436
6.292436
6.292436
6.292436
6.353551
6.353551
6.353551
6.353551
6.353551
6.353354
6.353354
6.353354
6.353354
6.353354
6.291965
6.291965
6.291965
6.291965
6.291965
6.2669
6.2669
6.2669
6.2669
6.2669
6.267174
6.267174
6.267174
6.267174
6.267174
6.292806
6.292806
6.292806
6.292806
6.292806
6.354092
6.354092
6.354092
6.354092
6.354092
6.354164
6.354164
6.354164
6.354164
6.354164
6.294115
6.294115
6.294115
6.294115
6.294115
6.272102
6.272102
6.272102
6.272102
6.272102
6.280557
6.280557
6.280557
6.280557
6.280557
6.328481
6.328481
6.328481
6.328481
6.328481
6.449487
6.449487
6.449487
6.449487
6.449487
6.515796
6.515796
6.515796
6.515796
6.515796
6.519907
6.519907
6.519907
6.519907
6.519907
6.453195
6.453195
6.453195
6.453195
6.453195
6.331256
6.331256
6.331256
6.331256
6.331256
6.282583
6.282583
6.282583
6.282583
6.282583
6.273671
6.273671
6.273671
6.273671
6.273671
6.2956
6.2956
6.2956
6.2956
6.2956
6.355765
6.355765
6.355765
6.355765
6.355765
6.355789
6.355789
6.355789
6.355789
6.355789
6.294241
6.294241
6.294241
6.294241
6.294241
6.268338
6.268338
6.268338
6.268338
6.268338
6.267988
6.267988
6.267988
6.267988
6.267988
6.293208
6.293208
6.293208
6.293208
6.293208
6.35488
6.35488
6.35488
6.35488
6.35488
6.355159
6.355159
6.355159
6.355159
6.355159
6.293771
6.293771
6.293771
6.293771
6.293771
6.268265
6.268265
6.268265
6.268265
6.268265
6.268202
6.268202
6.268202
6.268202
6.268202
6.293538
6.293538
6.293538
6.293538
6.293538
6.355272
6.355272
6.355272
6.355272
6.355272
6.355359
6.355359
6.355359
6.355359
6.355359
6.293781
6.293781
6.293781
6.293781
6.293781
6.268332
6.268332
6.268332
6.268332
6.268332
6.268327
6.268327
6.268327
6.268327
6.268327
6.293769
6.293769
6.293769
6.293769
6.293769
6.35535
6.35535
6.35535
6.35535
6.35535
6.355279
6.355279
6.355279
6.355279
6.355279
6.293513
6.293513
6.293513
6.293513
6.293513
6.268172
6.268172
6.268172
6.268172
6.268172
6.268261
6.268261
6.268261
6.268261
6.268261
6.293757
6.293757
6.293757
6.293757
6.293757
6.355154
6.355154
6.355154
6.355154
6.355154
6.354874
6.354874
6.354874
6.354874
6.354874
6.293212
6.293212
6.293212
6.293212
6.293212
6.267999
6.267999
6.267999
6.267999
6.267999
6.268325
6.268325
6.268325
6.268325
6.268325
6.29421
6.29421
6.29421
6.29421
6.29421
6.355749
6.355749
6.355749
6.355749
6.355749
6.355743
6.355743
6.355743
6.355743
6.355743
6.29559
6.29559
6.29559
6.29559
6.29559
6.273642
6.273642
6.273642
6.273642
6.273642
6.282516
6.282516
6.282516
6.282516
6.282516
6.331152
6.331152
6.331152
6.331152
6.331152
6.452999
6.452999
6.452999
6.452999
6.452999
6.519662
6.519662
6.519662
6.519662
6.519662
6.52447
6.52447
6.52447
6.52447
6.52447
6.457832
6.457832
6.457832
6.457832
6.457832
6.335362
6.335362
6.335362
6.335362
6.335362
6.285235
6.285235
6.285235
6.285235
6.285235
6.275687
6.275687
6.275687
6.275687
6.275687
6.297694
6.297694
6.297694
6.297694
6.297694
6.358331
6.358331
6.358331
6.358331
6.358331
6.35813
6.35813
6.35813
6.35813
6.35813
6.296399
6.296399
6.296399
6.296399
6.296399
6.269962
6.269962
6.269962
6.269962
6.269962
6.269527
6.269527
6.269527
6.269527
6.269527
6.295117
6.295117
6.295117
6.295117
6.295117
6.356988
6.356988
6.356988
6.356988
6.356988
6.357218
6.357218
6.357218
6.357218
6.357218
6.295727
6.295727
6.295727
6.295727
6.295727
6.269775
6.269775
6.269775
6.269775
6.269775
6.269659
6.269659
6.269659
6.269659
6.269659
6.295401
6.295401
6.295401
6.295401
6.295401
6.357229
6.357229
6.357229
6.357229
6.357229
6.357311
6.357311
6.357311
6.357311
6.357311
6.295636
6.295636
6.295636
6.295636
6.295636
6.269775
6.269775
6.269775
6.269775
6.269775
6.269769
6.269769
6.269769
6.269769
6.269769
6.295623
6.295623
6.295623
6.295623
6.295623
6.357302
6.357302
6.357302
6.357302
6.357302
6.357236
6.357236
6.357236
6.357236
6.357236
6.295407
6.295407
6.295407
6.295407
6.295407
6.269658
6.269658
6.269658
6.269658
6.269658
6.269769
6.269769
6.269769
6.269769
6.269769
6.295715
6.295715
6.295715
6.295715
6.295715
6.357211
6.357211
6.357211
6.357211
6.357211
6.356997
6.356997
6.356997
6.356997
6.356997
6.295133
6.295133
6.295133
6.295133
6.295133
6.269536
6.269536
6.269536
6.269536
6.269536
6.269952
6.269952
6.269952
6.269952
6.269952
6.296373
6.296373
6.296373
6.296373
6.296373
6.358097
6.358097
6.358097
6.358097
6.358097
6.358311
6.358311
6.358311
6.358311
6.358311
6.297684
6.297684
6.297684
6.297684
6.297684
6.275659
6.275659
6.275659
6.275659
6.275659
6.285171
6.285171
6.285171
6.285171
6.285171
6.335248
6.335248
6.335248
6.335248
6.335248
6.457634
6.457634
6.457634
6.457634
6.457634
6.524247
6.524247
6.524247
6.524247
6.524247
6.530761
6.530761
6.530761
6.530761
6.530761
6.46455
6.46455
6.46455
6.46455
6.46455
6.341445
6.341445
6.341445
6.341445
6.341445
6.288666
6.288666
6.288666
6.288666
6.288666
6.278121
6.278121
6.278121
6.278121
6.278121
6.300431
6.300431
6.300431
6.300431
6.300431
6.361355
6.361355
6.361355
6.361355
6.361355
6.361027
6.361027
6.361027
6.361027
6.361027
6.299158
6.299158
6.299158
6.299158
6.299158
6.271907
6.271907
6.271907
6.271907
6.271907
6.271391
6.271391
6.271391
6.271391
6.271391
6.297671
6.297671
6.297671
6.297671
6.297671
6.35969
6.35969
6.35969
6.35969
6.35969
6.359927
6.359927
6.359927
6.359927
6.359927
6.298329
6.298329
6.298329
6.298329
6.298329
6.271667
6.271667
6.271667
6.271667
6.271667
6.271541
6.271541
6.271541
6.271541
6.271541
6.298018
6.298018
6.298018
6.298018
6.298018
6.35999
6.35999
6.35999
6.35999
6.35999
6.360069
6.360069
6.360069
6.360069
6.360069
6.298274
6.298274
6.298274
6.298274
6.298274
6.271705
6.271705
6.271705
6.271705
6.271705
6.271699
6.271699
6.271699
6.271699
6.271699
6.29826
6.29826
6.29826
6.29826
6.29826
6.360062
6.360062
6.360062
6.360062
6.360062
6.360003
6.360003
6.360003
6.360003
6.360003
6.298073
6.298073
6.298073
6.298073
6.298073
6.271586
6.271586
6.271586
6.271586
6.271586
6.271663
6.271663
6.271663
6.271663
6.271663
6.298316
6.298316
6.298316
6.298316
6.298316
6.359922
6.359922
6.359922
6.359922
6.359922
6.359724
6.359724
6.359724
6.359724
6.359724
6.297706
6.297706
6.297706
6.297706
6.297706
6.271401
6.271401
6.271401
6.271401
6.271401
6.271898
6.271898
6.271898
6.271898
6.271898
6.299136
6.299136
6.299136
6.299136
6.299136
6.361005
6.361005
6.361005
6.361005
6.361005
6.361346
6.361346
6.361346
6.361346
6.361346
6.300424
6.300424
6.300424
6.300424
6.300424
6.278094
6.278094
6.278094
6.278094
6.278094
6.288602
6.288602
6.288602
6.288602
6.288602
6.341317
6.341317
6.341317
6.341317
6.341317
6.464358
6.464358
6.464358
6.464358
6.464358
6.530581
6.530581
6.530581
6.530581
6.530581
6.540657
6.540657
6.540657
6.540657
6.540657
6.474636
6.474636
6.474636
6.474636
6.474636
6.350002
6.350002
6.350002
6.350002
6.350002
6.293409
6.293409
6.293409
6.293409
6.293409
6.281675
6.281675
6.281675
6.281675
6.281675
6.304874
6.304874
6.304874
6.304874
6.304874
6.366119
6.366119
6.366119
6.366119
6.366119
6.365753
6.365753
6.365753
6.365753
6.365753
6.30359
6.30359
6.30359
6.30359
6.30359
6.274796
6.274796
6.274796
6.274796
6.274796
6.274204
6.274204
6.274204
6.274204
6.274204
6.301907
6.301907
6.301907
6.301907
6.301907
6.364156
6.364156
6.364156
6.364156
6.364156
6.364364
6.364364
6.364364
6.364364
6.364364
6.302491
6.302491
6.302491
6.302491
6.302491
6.274397
6.274397
6.274397
6.274397
6.274397
6.274269
6.274269
6.274269
6.274269
6.274269
6.302177
6.302177
6.302177
6.302177
6.302177
6.36428
6.36428
6.36428
6.36428
6.36428
6.364329
6.364329
6.364329
6.364329
6.364329
6.302355
6.302355
6.302355
6.302355
6.302355
6.274375
6.274375
6.274375
6.274375
6.274375
6.274369
6.274369
6.274369
6.274369
6.274369
6.302341
6.302341
6.302341
6.302341
6.302341
6.36432
6.36432
6.36432
6.36432
6.36432
6.364272
6.364272
6.364272
6.364272
6.364272
6.302185
6.302185
6.302185
6.302185
6.302185
6.27427
6.27427
6.27427
6.27427
6.27427
6.27438
6.27438
6.27438
6.27438
6.27438
6.302482
6.302482
6.302482
6.302482
6.302482
6.364308
6.364308
6.364308
6.364308
6.364308
6.364118
6.364118
6.364118
6.364118
6.364118
6.301891
6.301891
6.301891
6.301891
6.301891
6.274184
6.274184
6.274184
6.274184
6.274184
6.274829
6.274829
6.274829
6.274829
6.274829
6.303622
6.303622
6.303622
6.303622
6.303622
6.365807
6.365807
6.365807
6.365807
6.365807
6.366185
6.366185
6.366185
6.366185
6.366185
6.30492
6.30492
6.30492
6.30492
6.30492
6.281735
6.281735
6.281735
6.281735
6.281735
6.293478
6.293478
6.293478
6.293478
6.293478
6.350047
6.350047
6.350047
6.350047
6.350047
6.474711
6.474711
6.474711
6.474711
6.474711
6.540768
6.540768
6.540768
6.540768
6.540768
6.560299
6.560299
6.560299
6.560299
6.560299
6.499374
6.499374
6.499374
6.499374
6.499374
6.377773
6.377773
6.377773
6.377773
6.377773
6.306566
6.306566
6.306566
6.306566
6.306566
6.29085
6.29085
6.29085
6.29085
6.29085
6.318213
6.318213
6.318213
6.318213
6.318213
6.376612
6.376612
6.376612
6.376612
6.376612
6.376207
6.376207
6.376207
6.376207
6.376207
6.316808
6.316808
6.316808
6.316808
6.316808
6.282459
6.282459
6.282459
6.282459
6.282459
6.28168
6.28168
6.28168
6.28168
6.28168
6.314721
6.314721
6.314721
6.314721
6.314721
6.374136
6.374136
6.374136
6.374136
6.374136
6.374326
6.374326
6.374326
6.374326
6.374326
6.315268
6.315268
6.315268
6.315268
6.315268
6.281799
6.281799
6.281799
6.281799
6.281799
6.281675
6.281675
6.281675
6.281675
6.281675
6.314954
6.314954
6.314954
6.314954
6.314954
6.374227
6.374227
6.374227
6.374227
6.374227
6.374278
6.374278
6.374278
6.374278
6.374278
6.315097
6.315097
6.315097
6.315097
6.315097
6.281764
6.281764
6.281764
6.281764
6.281764
6.281757
6.281757
6.281757
6.281757
6.281757
6.315082
6.315082
6.315082
6.315082
6.315082
6.374269
6.374269
6.374269
6.374269
6.374269
6.374255
6.374255
6.374255
6.374255
6.374255
6.314987
6.314987
6.314987
6.314987
6.314987
6.281699
6.281699
6.281699
6.281699
6.281699
6.281806
6.281806
6.281806
6.281806
6.281806
6.315247
6.315247
6.315247
6.315247
6.315247
6.37435
6.37435
6.37435
6.37435
6.37435
6.37418
6.37418
6.37418
6.37418
6.37418
6.314764
6.314764
6.314764
6.314764
6.314764
6.28171
6.28171
6.28171
6.28171
6.28171
6.282413
6.282413
6.282413
6.282413
6.282413
6.316738
6.316738
6.316738
6.316738
6.316738
6.376113
6.376113
6.376113
6.376113
6.376113
6.37653
6.37653
6.37653
6.37653
6.37653
6.318158
6.318158
6.318158
6.318158
6.318158
6.290751
6.290751
6.290751
6.290751
6.290751
6.306392
6.306392
6.306392
6.306392
6.306392
6.377519
6.377519
6.377519
6.377519
6.377519
6.498992
6.498992
6.498992
6.498992
6.498992
6.559881
6.559881
6.559881
6.559881
6.559881
6.584835
6.584835
6.584835
6.584835
6.584835
6.526006
6.526006
6.526006
6.526006
6.526006
6.407806
6.407806
6.407806
6.407806
6.407806
6.329039
6.329039
6.329039
6.329039
6.329039
6.309408
6.309408
6.309408
6.309408
6.309408
6.338098
6.338098
6.338098
6.338098
6.338098
6.393607
6.393607
6.393607
6.393607
6.393607
6.392852
6.392852
6.392852
6.392852
6.392852
6.335324
6.335324
6.335324
6.335324
6.335324
6.298435
6.298435
6.298435
6.298435
6.298435
6.29769
6.29769
6.29769
6.29769
6.29769
6.33328
6.33328
6.33328
6.33328
6.33328
6.390536
6.390536
6.390536
6.390536
6.390536
6.390682
6.390682
6.390682
6.390682
6.390682
6.333673
6.333673
6.333673
6.333673
6.333673
6.297729
6.297729
6.297729
6.297729
6.297729
6.297671
6.297671
6.297671
6.297671
6.297671
6.333516
6.333516
6.333516
6.333516
6.333516
6.390739
6.390739
6.390739
6.390739
6.390739
6.390777
6.390777
6.390777
6.390777
6.390777
6.333614
6.333614
6.333614
6.333614
6.333614
6.297737
6.297737
6.297737
6.297737
6.297737
6.297729
6.297729
6.297729
6.297729
6.297729
6.333597
6.333597
6.333597
6.333597
6.333597
6.390764
6.390764
6.390764
6.390764
6.390764
6.390741
6.390741
6.390741
6.390741
6.390741
6.333486
6.333486
6.333486
6.333486
6.333486
6.297635
6.297635
6.297635
6.297635
6.297635
6.297722
6.297722
6.297722
6.297722
6.297722
6.333658
6.333658
6.333658
6.333658
6.333658
6.390669
6.390669
6.390669
6.390669
6.390669
6.390519
6.390519
6.390519
6.390519
6.390519
6.333278
6.333278
6.333278
6.333278
6.333278
6.297698
6.297698
6.297698
6.297698
6.297698
6.298417
6.298417
6.298417
6.298417
6.298417
6.335283
6.335283
6.335283
6.335283
6.335283
6.392795
6.392795
6.392795
6.392795
6.392795
6.393561
6.393561
6.393561
6.393561
6.393561
6.338066
6.338066
6.338066
6.338066
6.338066
6.309355
6.309355
6.309355
6.309355
6.309355
6.328934
6.328934
6.328934
6.328934
6.328934
6.40764
6.40764
6.40764
6.40764
6.40764
6.525754
6.525754
6.525754
6.525754
6.525754
6.584537
6.584537
6.584537
6.584537
6.584537
)
;

boundaryField
{
    electrolyteSides
    {
        type            zeroGradient;
    }
    electrolyte_to_fuel
    {
        type            zeroGradient;
    }
    electrolyte_to_air
    {
        type            zeroGradient;
    }
}


// ************************************************************************* //
