/*--------------------------------*- C++ -*----------------------------------*\
| =========                 |                                                 |
| \\      /  F ield         | OpenFOAM: The Open Source CFD Toolbox           |
|  \\    /   O peration     | Version:  4.0                                   |
|   \\  /    A nd           | Web:      www.OpenFOAM.org                      |
|    \\/     M anipulation  |                                                 |
\*---------------------------------------------------------------------------*/
FoamFile
{
    version     2.0;
    format      ascii;
    class       volScalarField;
    location    "120/electrolyte";
    object      T;
}
// * * * * * * * * * * * * * * * * * * * * * * * * * * * * * * * * * * * * * //

dimensions      [0 0 0 1 0 0 0];

internalField   nonuniform List<scalar> 
4840
(
353.1887
353.1889
353.1889
353.1888
353.1884
353.1801
353.1802
353.1802
353.18
353.1797
353.1514
353.1514
353.1512
353.1507
353.15
353.1347
353.1347
353.1345
353.134
353.1332
353.1337
353.1337
353.1335
353.133
353.1322
353.1477
353.1478
353.1475
353.1471
353.1464
353.1724
353.1725
353.1725
353.1723
353.172
353.1722
353.1723
353.1723
353.1721
353.1718
353.1469
353.1469
353.1467
353.1462
353.1455
353.132
353.132
353.1318
353.1313
353.1305
353.1318
353.1318
353.1316
353.1311
353.1303
353.1462
353.1463
353.1461
353.1456
353.1449
353.1711
353.1712
353.1712
353.171
353.1707
353.171
353.1711
353.1711
353.1709
353.1706
353.146
353.1461
353.1458
353.1454
353.1447
353.1314
353.1314
353.1312
353.1307
353.1299
353.1313
353.1313
353.1311
353.1306
353.1298
353.1458
353.1458
353.1456
353.1451
353.1444
353.1706
353.1707
353.1706
353.1705
353.1701
353.1706
353.1707
353.1706
353.1705
353.1701
353.1457
353.1457
353.1455
353.1451
353.1444
353.1312
353.1312
353.131
353.1305
353.1297
353.1312
353.1312
353.131
353.1305
353.1297
353.1457
353.1457
353.1455
353.1451
353.1443
353.1706
353.1707
353.1706
353.1705
353.1701
353.1706
353.1707
353.1707
353.1705
353.1702
353.1458
353.1458
353.1456
353.1451
353.1444
353.1313
353.1313
353.1311
353.1306
353.1299
353.1314
353.1314
353.1312
353.1307
353.1299
353.146
353.1461
353.1458
353.1454
353.1447
353.171
353.1711
353.1711
353.1709
353.1706
353.1711
353.1712
353.1712
353.171
353.1707
353.1463
353.1463
353.1461
353.1456
353.1449
353.1318
353.1318
353.1316
353.1311
353.1303
353.132
353.132
353.1318
353.1313
353.1305
353.1468
353.1469
353.1466
353.1462
353.1455
353.1722
353.1723
353.1722
353.1721
353.1717
353.1724
353.1725
353.1724
353.1723
353.172
353.1477
353.1477
353.1475
353.147
353.1463
353.1336
353.1337
353.1334
353.1329
353.1321
353.1346
353.1347
353.1344
353.1339
353.1331
353.1513
353.1513
353.1511
353.1506
353.1499
353.18
353.1802
353.1801
353.18
353.1796
353.1887
353.1889
353.1889
353.1887
353.1884
353.1919
353.1921
353.1921
353.192
353.1916
353.1868
353.187
353.187
353.1868
353.1865
353.1701
353.1702
353.1701
353.1698
353.1693
353.1587
353.1589
353.1588
353.1585
353.1579
353.1578
353.158
353.1579
353.1576
353.157
353.167
353.1671
353.1671
353.1668
353.1663
353.1808
353.1809
353.1809
353.1808
353.1804
353.1806
353.1807
353.1807
353.1805
353.1802
353.166
353.1662
353.1661
353.1658
353.1653
353.156
353.1561
353.1561
353.1558
353.1552
353.1558
353.156
353.1559
353.1556
353.1551
353.1654
353.1655
353.1655
353.1652
353.1647
353.1795
353.1796
353.1796
353.1794
353.1791
353.1794
353.1796
353.1796
353.1794
353.1791
353.1651
353.1653
353.1652
353.165
353.1645
353.1553
353.1555
353.1554
353.1551
353.1546
353.1553
353.1554
353.1553
353.155
353.1545
353.1649
353.165
353.165
353.1647
353.1642
353.179
353.1791
353.1791
353.1789
353.1786
353.179
353.1791
353.1791
353.1789
353.1786
353.1648
353.165
353.1649
353.1646
353.1641
353.1551
353.1553
353.1552
353.1549
353.1544
353.1551
353.1553
353.1552
353.1549
353.1544
353.1648
353.165
353.1649
353.1646
353.1641
353.1789
353.1791
353.1791
353.1789
353.1786
353.179
353.1791
353.1791
353.1789
353.1786
353.1649
353.165
353.165
353.1647
353.1642
353.1553
353.1554
353.1553
353.155
353.1545
353.1553
353.1555
353.1554
353.1551
353.1546
353.1651
353.1653
353.1652
353.1649
353.1645
353.1794
353.1796
353.1796
353.1794
353.1791
353.1795
353.1796
353.1796
353.1794
353.1791
353.1654
353.1655
353.1655
353.1652
353.1647
353.1558
353.156
353.1559
353.1556
353.1551
353.156
353.1561
353.1561
353.1558
353.1552
353.166
353.1661
353.1661
353.1658
353.1653
353.1805
353.1807
353.1807
353.1805
353.1802
353.1808
353.1809
353.1809
353.1808
353.1804
353.167
353.1671
353.167
353.1668
353.1663
353.1578
353.1579
353.1579
353.1575
353.157
353.1587
353.1588
353.1587
353.1584
353.1579
353.17
353.1702
353.1701
353.1698
353.1693
353.1868
353.187
353.187
353.1868
353.1864
353.1919
353.1921
353.1921
353.1919
353.1916
353.1958
353.196
353.196
353.1959
353.1955
353.1932
353.1934
353.1934
353.1933
353.1929
353.1847
353.1848
353.1848
353.1846
353.1842
353.1777
353.1779
353.1778
353.1776
353.1772
353.1769
353.1771
353.1771
353.1769
353.1764
353.1822
353.1824
353.1824
353.1821
353.1817
353.1888
353.189
353.189
353.1888
353.1884
353.1886
353.1887
353.1887
353.1886
353.1882
353.1812
353.1814
353.1814
353.1811
353.1807
353.1751
353.1753
353.1753
353.1751
353.1746
353.1749
353.1751
353.1751
353.1749
353.1744
353.1806
353.1808
353.1807
353.1805
353.1801
353.1875
353.1876
353.1876
353.1875
353.1871
353.1874
353.1876
353.1876
353.1874
353.187
353.1803
353.1804
353.1804
353.1802
353.1798
353.1744
353.1746
353.1746
353.1743
353.1739
353.1743
353.1745
353.1745
353.1742
353.1738
353.18
353.1802
353.1802
353.1799
353.1795
353.1869
353.1871
353.1871
353.1869
353.1866
353.1869
353.1871
353.1871
353.1869
353.1866
353.1799
353.1801
353.1801
353.1799
353.1794
353.1741
353.1743
353.1743
353.1741
353.1736
353.1741
353.1743
353.1743
353.1741
353.1736
353.1799
353.1801
353.1801
353.1799
353.1794
353.1869
353.1871
353.1871
353.1869
353.1866
353.1869
353.1871
353.1871
353.1869
353.1866
353.18
353.1802
353.1802
353.1799
353.1795
353.1743
353.1745
353.1745
353.1742
353.1738
353.1744
353.1746
353.1745
353.1743
353.1739
353.1803
353.1804
353.1804
353.1802
353.1798
353.1874
353.1876
353.1876
353.1874
353.187
353.1875
353.1876
353.1876
353.1875
353.1871
353.1806
353.1808
353.1807
353.1805
353.1801
353.1749
353.1751
353.1751
353.1749
353.1744
353.1751
353.1753
353.1753
353.1751
353.1746
353.1812
353.1814
353.1814
353.1811
353.1807
353.1885
353.1887
353.1887
353.1886
353.1882
353.1888
353.1889
353.189
353.1888
353.1884
353.1822
353.1824
353.1823
353.1821
353.1817
353.1769
353.1771
353.1771
353.1769
353.1764
353.1777
353.1778
353.1778
353.1776
353.1771
353.1846
353.1848
353.1848
353.1846
353.1841
353.1932
353.1934
353.1934
353.1932
353.1929
353.1958
353.196
353.196
353.1958
353.1955
353.1998
353.2
353.2
353.1999
353.1995
353.1988
353.1991
353.1991
353.1989
353.1985
353.1956
353.1958
353.1958
353.1956
353.1952
353.1918
353.192
353.1921
353.1919
353.1914
353.1912
353.1914
353.1915
353.1913
353.1909
353.1937
353.1939
353.1939
353.1937
353.1933
353.1957
353.1959
353.1959
353.1957
353.1953
353.1955
353.1957
353.1957
353.1955
353.1951
353.1927
353.1929
353.1929
353.1927
353.1923
353.1895
353.1897
353.1897
353.1895
353.1891
353.1893
353.1895
353.1895
353.1893
353.1889
353.1921
353.1923
353.1923
353.1921
353.1917
353.1944
353.1946
353.1946
353.1944
353.1941
353.1944
353.1946
353.1946
353.1944
353.194
353.1918
353.192
353.192
353.1918
353.1914
353.1887
353.189
353.189
353.1888
353.1884
353.1887
353.1889
353.1889
353.1887
353.1883
353.1915
353.1917
353.1917
353.1916
353.1912
353.1939
353.1941
353.1941
353.1939
353.1935
353.1939
353.1941
353.1941
353.1939
353.1935
353.1915
353.1917
353.1917
353.1915
353.1911
353.1885
353.1887
353.1887
353.1886
353.1881
353.1885
353.1887
353.1887
353.1886
353.1881
353.1915
353.1917
353.1917
353.1915
353.1911
353.1939
353.1941
353.1941
353.1939
353.1935
353.1939
353.1941
353.1941
353.1939
353.1935
353.1915
353.1918
353.1918
353.1916
353.1912
353.1887
353.1889
353.1889
353.1887
353.1883
353.1887
353.189
353.189
353.1888
353.1884
353.1918
353.192
353.192
353.1918
353.1914
353.1944
353.1946
353.1946
353.1944
353.194
353.1944
353.1946
353.1946
353.1944
353.1941
353.1921
353.1923
353.1923
353.1921
353.1917
353.1893
353.1895
353.1895
353.1893
353.1889
353.1895
353.1897
353.1897
353.1895
353.1891
353.1927
353.1929
353.1929
353.1927
353.1923
353.1955
353.1956
353.1957
353.1955
353.1951
353.1957
353.1959
353.1959
353.1957
353.1953
353.1936
353.1939
353.1939
353.1937
353.1933
353.1912
353.1914
353.1914
353.1913
353.1908
353.1918
353.192
353.192
353.1918
353.1914
353.1956
353.1958
353.1958
353.1956
353.1952
353.1988
353.199
353.199
353.1989
353.1985
353.1998
353.2
353.2
353.1999
353.1995
353.2038
353.204
353.2041
353.2039
353.2035
353.2039
353.2041
353.2041
353.2039
353.2035
353.204
353.2042
353.2042
353.2041
353.2037
353.2025
353.2027
353.2027
353.2026
353.2022
353.202
353.2023
353.2023
353.2021
353.2017
353.2026
353.2028
353.2029
353.2027
353.2023
353.2017
353.2019
353.2019
353.2017
353.2013
353.2015
353.2017
353.2017
353.2015
353.2012
353.2018
353.202
353.202
353.2018
353.2015
353.2005
353.2007
353.2008
353.2006
353.2002
353.2003
353.2005
353.2006
353.2004
353.2
353.2012
353.2014
353.2014
353.2012
353.2009
353.2006
353.2008
353.2008
353.2006
353.2002
353.2005
353.2007
353.2007
353.2005
353.2001
353.2008
353.2011
353.2011
353.2009
353.2005
353.1997
353.1999
353.2
353.1998
353.1994
353.1996
353.1998
353.1999
353.1997
353.1993
353.2006
353.2008
353.2008
353.2006
353.2003
353.2
353.2002
353.2002
353.2
353.1996
353.2
353.2002
353.2002
353.2
353.1996
353.2005
353.2007
353.2007
353.2005
353.2002
353.1994
353.1997
353.1997
353.1995
353.1991
353.1994
353.1997
353.1997
353.1995
353.1991
353.2005
353.2007
353.2007
353.2005
353.2002
353.2
353.2002
353.2002
353.2
353.1996
353.2
353.2002
353.2002
353.2
353.1996
353.2006
353.2008
353.2008
353.2006
353.2003
353.1996
353.1998
353.1999
353.1997
353.1993
353.1997
353.1999
353.1999
353.1998
353.1994
353.2008
353.2011
353.2011
353.2009
353.2005
353.2005
353.2007
353.2007
353.2005
353.2001
353.2005
353.2007
353.2007
353.2006
353.2002
353.2012
353.2014
353.2014
353.2012
353.2009
353.2003
353.2005
353.2005
353.2004
353.2
353.2005
353.2007
353.2007
353.2006
353.2002
353.2018
353.202
353.202
353.2018
353.2015
353.2015
353.2017
353.2017
353.2015
353.2012
353.2017
353.2019
353.2019
353.2017
353.2013
353.2026
353.2028
353.2029
353.2027
353.2023
353.2021
353.2023
353.2023
353.2021
353.2018
353.2025
353.2027
353.2028
353.2026
353.2022
353.204
353.2043
353.2043
353.2041
353.2037
353.2039
353.2041
353.2041
353.2039
353.2036
353.2039
353.2041
353.2041
353.2039
353.2035
353.2078
353.2081
353.2081
353.2079
353.2075
353.2086
353.2088
353.2088
353.2086
353.2082
353.2109
353.2111
353.2112
353.211
353.2107
353.2109
353.2111
353.2112
353.211
353.2106
353.2106
353.2108
353.2108
353.2107
353.2103
353.2099
353.2101
353.2102
353.21
353.2096
353.2071
353.2073
353.2073
353.2071
353.2067
353.207
353.2072
353.2072
353.207
353.2066
353.2092
353.2094
353.2094
353.2093
353.2089
353.2092
353.2095
353.2095
353.2093
353.209
353.209
353.2093
353.2093
353.2091
353.2088
353.2086
353.2088
353.2089
353.2087
353.2083
353.2061
353.2063
353.2063
353.2061
353.2057
353.206
353.2062
353.2062
353.206
353.2056
353.2083
353.2085
353.2085
353.2084
353.208
353.2084
353.2087
353.2087
353.2085
353.2082
353.2084
353.2086
353.2086
353.2085
353.2081
353.208
353.2082
353.2083
353.2081
353.2077
353.2056
353.2058
353.2058
353.2056
353.2052
353.2056
353.2058
353.2058
353.2055
353.2051
353.2079
353.2082
353.2082
353.208
353.2077
353.2082
353.2084
353.2085
353.2083
353.2079
353.2082
353.2084
353.2085
353.2083
353.2079
353.2079
353.2082
353.2082
353.208
353.2077
353.2056
353.2058
353.2057
353.2055
353.2051
353.2056
353.2058
353.2058
353.2056
353.2052
353.208
353.2083
353.2083
353.2081
353.2077
353.2084
353.2086
353.2086
353.2085
353.2081
353.2084
353.2087
353.2087
353.2085
353.2082
353.2083
353.2085
353.2085
353.2084
353.208
353.206
353.2062
353.2062
353.206
353.2056
353.2061
353.2063
353.2063
353.2061
353.2057
353.2086
353.2088
353.2089
353.2087
353.2083
353.209
353.2093
353.2093
353.2091
353.2088
353.2092
353.2094
353.2095
353.2093
353.2089
353.2092
353.2094
353.2094
353.2092
353.2089
353.207
353.2072
353.2072
353.207
353.2066
353.2071
353.2073
353.2073
353.2071
353.2067
353.2099
353.2101
353.2102
353.21
353.2096
353.2105
353.2108
353.2108
353.2106
353.2103
353.2109
353.2111
353.2111
353.211
353.2106
353.2109
353.2111
353.2111
353.211
353.2106
353.2085
353.2087
353.2087
353.2085
353.2082
353.2078
353.208
353.208
353.2078
353.2075
353.2117
353.2119
353.2119
353.2118
353.2114
353.2129
353.2131
353.2131
353.2129
353.2125
353.2167
353.217
353.217
353.2168
353.2165
353.2178
353.218
353.218
353.2179
353.2175
353.2175
353.2178
353.2178
353.2177
353.2173
353.2161
353.2163
353.2163
353.2162
353.2158
353.212
353.2122
353.2122
353.212
353.2116
353.2119
353.2121
353.2121
353.2119
353.2115
353.2154
353.2157
353.2157
353.2155
353.2152
353.2164
353.2166
353.2167
353.2165
353.2162
353.2162
353.2165
353.2165
353.2164
353.216
353.2149
353.2152
353.2152
353.215
353.2147
353.2111
353.2113
353.2113
353.2111
353.2107
353.211
353.2112
353.2112
353.211
353.2106
353.2146
353.2149
353.2149
353.2147
353.2144
353.2157
353.2159
353.216
353.2158
353.2154
353.2156
353.2159
353.2159
353.2157
353.2154
353.2144
353.2146
353.2147
353.2145
353.2141
353.2107
353.2109
353.2109
353.2106
353.2102
353.2106
353.2108
353.2108
353.2106
353.2102
353.2143
353.2146
353.2146
353.2144
353.2141
353.2155
353.2157
353.2157
353.2156
353.2152
353.2155
353.2157
353.2157
353.2156
353.2152
353.2143
353.2146
353.2146
353.2144
353.2141
353.2106
353.2108
353.2108
353.2106
353.2102
353.2107
353.2109
353.2109
353.2106
353.2102
353.2144
353.2146
353.2147
353.2145
353.2141
353.2156
353.2158
353.2159
353.2157
353.2154
353.2157
353.2159
353.216
353.2158
353.2154
353.2146
353.2149
353.2149
353.2147
353.2144
353.211
353.2112
353.2112
353.211
353.2106
353.2111
353.2113
353.2113
353.2111
353.2107
353.2149
353.2152
353.2152
353.215
353.2147
353.2162
353.2165
353.2165
353.2163
353.216
353.2164
353.2166
353.2167
353.2165
353.2161
353.2154
353.2156
353.2157
353.2155
353.2152
353.2119
353.2121
353.2121
353.2119
353.2115
353.212
353.2122
353.2122
353.212
353.2116
353.2161
353.2163
353.2163
353.2162
353.2158
353.2175
353.2177
353.2178
353.2176
353.2173
353.2177
353.218
353.218
353.2179
353.2175
353.2167
353.2169
353.217
353.2168
353.2165
353.2129
353.2131
353.2131
353.2129
353.2125
353.2117
353.2119
353.2119
353.2117
353.2114
353.2156
353.2158
353.2158
353.2156
353.2152
353.217
353.2172
353.2172
353.217
353.2167
353.2219
353.2222
353.2222
353.222
353.2217
353.2237
353.2239
353.224
353.2238
353.2235
353.2236
353.2238
353.2238
353.2237
353.2233
353.2215
353.2218
353.2218
353.2216
353.2213
353.2166
353.2168
353.2168
353.2166
353.2162
353.2165
353.2167
353.2167
353.2165
353.2161
353.221
353.2212
353.2213
353.2211
353.2207
353.2226
353.2229
353.2229
353.2227
353.2224
353.2225
353.2227
353.2228
353.2226
353.2222
353.2206
353.2208
353.2208
353.2206
353.2203
353.2158
353.216
353.216
353.2158
353.2154
353.2157
353.2159
353.2159
353.2157
353.2153
353.2203
353.2205
353.2205
353.2203
353.22
353.222
353.2222
353.2222
353.2221
353.2217
353.2219
353.2221
353.2222
353.222
353.2216
353.22
353.2203
353.2203
353.2201
353.2198
353.2154
353.2156
353.2156
353.2153
353.2149
353.2153
353.2155
353.2155
353.2153
353.2149
353.22
353.2202
353.2202
353.22
353.2197
353.2217
353.222
353.222
353.2218
353.2215
353.2217
353.222
353.222
353.2218
353.2215
353.22
353.2202
353.2202
353.22
353.2197
353.2153
353.2155
353.2155
353.2153
353.2149
353.2154
353.2156
353.2156
353.2153
353.2149
353.22
353.2203
353.2203
353.2201
353.2198
353.2219
353.2221
353.2221
353.222
353.2216
353.2219
353.2222
353.2222
353.2221
353.2217
353.2203
353.2205
353.2205
353.2203
353.22
353.2157
353.2159
353.2159
353.2157
353.2153
353.2158
353.216
353.216
353.2158
353.2154
353.2205
353.2208
353.2208
353.2206
353.2203
353.2225
353.2227
353.2228
353.2226
353.2222
353.2226
353.2229
353.2229
353.2227
353.2224
353.221
353.2212
353.2212
353.2211
353.2207
353.2165
353.2167
353.2167
353.2165
353.2161
353.2166
353.2168
353.2168
353.2166
353.2162
353.2215
353.2218
353.2218
353.2216
353.2213
353.2235
353.2238
353.2238
353.2237
353.2233
353.2237
353.2239
353.224
353.2238
353.2235
353.2219
353.2221
353.2222
353.222
353.2217
353.217
353.2172
353.2172
353.217
353.2166
353.2155
353.2157
353.2158
353.2156
353.2152
353.2193
353.2195
353.2195
353.2193
353.2189
353.221
353.2212
353.2212
353.221
353.2206
353.2266
353.2269
353.2269
353.2267
353.2264
353.229
353.2292
353.2292
353.2291
353.2287
353.2289
353.2291
353.2292
353.229
353.2287
353.2265
353.2267
353.2267
353.2265
353.2262
353.2209
353.2211
353.2211
353.2209
353.2205
353.2208
353.221
353.221
353.2208
353.2204
353.226
353.2262
353.2263
353.2261
353.2258
353.2281
353.2284
353.2284
353.2283
353.2279
353.228
353.2282
353.2283
353.2281
353.2278
353.2256
353.2258
353.2259
353.2257
353.2254
353.2202
353.2204
353.2204
353.2202
353.2197
353.2201
353.2203
353.2203
353.2201
353.2197
353.2254
353.2256
353.2256
353.2255
353.2251
353.2275
353.2278
353.2278
353.2277
353.2273
353.2275
353.2277
353.2277
353.2276
353.2272
353.2252
353.2254
353.2254
353.2252
353.2249
353.2198
353.22
353.22
353.2198
353.2194
353.2198
353.22
353.22
353.2198
353.2194
353.2251
353.2253
353.2253
353.2252
353.2248
353.2273
353.2276
353.2276
353.2275
353.2271
353.2273
353.2276
353.2276
353.2275
353.2271
353.2251
353.2253
353.2253
353.2252
353.2248
353.2198
353.22
353.22
353.2198
353.2194
353.2198
353.22
353.22
353.2198
353.2194
353.2252
353.2254
353.2254
353.2253
353.2249
353.2275
353.2277
353.2278
353.2276
353.2272
353.2275
353.2278
353.2278
353.2277
353.2273
353.2254
353.2256
353.2256
353.2254
353.2251
353.2201
353.2203
353.2203
353.2201
353.2197
353.2202
353.2204
353.2204
353.2202
353.2197
353.2256
353.2258
353.2259
353.2257
353.2254
353.228
353.2282
353.2283
353.2281
353.2278
353.2281
353.2284
353.2284
353.2283
353.2279
353.226
353.2262
353.2263
353.2261
353.2258
353.2208
353.221
353.221
353.2208
353.2204
353.2209
353.2211
353.2211
353.2209
353.2205
353.2264
353.2267
353.2267
353.2265
353.2262
353.2289
353.2291
353.2292
353.229
353.2287
353.229
353.2292
353.2292
353.2291
353.2287
353.2266
353.2268
353.2269
353.2267
353.2264
353.221
353.2212
353.2212
353.221
353.2206
353.2193
353.2195
353.2195
353.2193
353.2189
353.2229
353.2231
353.2231
353.2229
353.2225
353.2248
353.225
353.225
353.2248
353.2244
353.231
353.2312
353.2313
353.2311
353.2308
353.2338
353.234
353.2341
353.2339
353.2336
353.2338
353.234
353.2341
353.2339
353.2336
353.231
353.2312
353.2313
353.2311
353.2308
353.225
353.2252
353.2252
353.225
353.2246
353.2249
353.2251
353.2251
353.2249
353.2245
353.2307
353.2309
353.2309
353.2308
353.2304
353.2332
353.2334
353.2335
353.2333
353.233
353.2331
353.2333
353.2334
353.2332
353.2329
353.2303
353.2305
353.2306
353.2304
353.2301
353.2244
353.2246
353.2246
353.2243
353.2239
353.2243
353.2245
353.2245
353.2243
353.2239
353.2301
353.2303
353.2303
353.2302
353.2298
353.2326
353.2329
353.2329
353.2327
353.2324
353.2326
353.2328
353.2328
353.2327
353.2323
353.2299
353.2301
353.2301
353.23
353.2296
353.224
353.2242
353.2242
353.224
353.2236
353.224
353.2242
353.2242
353.224
353.2235
353.2298
353.23
353.2301
353.2299
353.2295
353.2324
353.2327
353.2327
353.2325
353.2322
353.2324
353.2327
353.2327
353.2325
353.2322
353.2298
353.23
353.2301
353.2299
353.2295
353.224
353.2242
353.2242
353.224
353.2235
353.224
353.2242
353.2242
353.224
353.2235
353.2299
353.2301
353.2301
353.23
353.2296
353.2326
353.2328
353.2328
353.2327
353.2323
353.2326
353.2329
353.2329
353.2327
353.2324
353.2301
353.2303
353.2303
353.2302
353.2298
353.2243
353.2245
353.2245
353.2243
353.2239
353.2244
353.2246
353.2245
353.2243
353.2239
353.2303
353.2305
353.2306
353.2304
353.2301
353.2331
353.2333
353.2333
353.2332
353.2328
353.2332
353.2334
353.2335
353.2333
353.233
353.2307
353.2309
353.2309
353.2308
353.2304
353.2249
353.2251
353.2251
353.2249
353.2245
353.225
353.2252
353.2252
353.225
353.2246
353.231
353.2313
353.2313
353.2311
353.2308
353.2338
353.234
353.2341
353.2339
353.2336
353.2338
353.2341
353.2341
353.2339
353.2336
353.231
353.2313
353.2313
353.2312
353.2308
353.2248
353.225
353.225
353.2248
353.2244
353.2229
353.2231
353.2231
353.2229
353.2225
353.2264
353.2266
353.2266
353.2264
353.226
353.2284
353.2286
353.2286
353.2284
353.228
353.2352
353.2354
353.2354
353.2353
353.2349
353.2383
353.2385
353.2386
353.2384
353.2381
353.2383
353.2386
353.2386
353.2384
353.2381
353.2353
353.2355
353.2355
353.2354
353.235
353.2289
353.2291
353.2291
353.2289
353.2284
353.2288
353.229
353.229
353.2288
353.2284
353.235
353.2352
353.2353
353.2351
353.2348
353.2379
353.2381
353.2381
353.238
353.2376
353.2378
353.238
353.238
353.2379
353.2375
353.2347
353.2349
353.2349
353.2348
353.2344
353.2283
353.2285
353.2285
353.2283
353.2278
353.2282
353.2284
353.2284
353.2282
353.2278
353.2345
353.2347
353.2347
353.2346
353.2342
353.2373
353.2376
353.2376
353.2375
353.2371
353.2373
353.2375
353.2376
353.2374
353.2371
353.2343
353.2345
353.2345
353.2344
353.234
353.228
353.2282
353.2282
353.2279
353.2275
353.2279
353.2282
353.2281
353.2279
353.2275
353.2342
353.2344
353.2345
353.2343
353.234
353.2371
353.2374
353.2374
353.2373
353.2369
353.2371
353.2374
353.2374
353.2373
353.2369
353.2342
353.2344
353.2345
353.2343
353.234
353.2279
353.2281
353.2281
353.2279
353.2275
353.228
353.2282
353.2282
353.2279
353.2275
353.2343
353.2345
353.2345
353.2344
353.234
353.2373
353.2375
353.2376
353.2374
353.2371
353.2373
353.2376
353.2376
353.2375
353.2371
353.2345
353.2347
353.2347
353.2346
353.2342
353.2282
353.2284
353.2284
353.2282
353.2278
353.2283
353.2285
353.2285
353.2283
353.2278
353.2347
353.2349
353.2349
353.2348
353.2344
353.2378
353.238
353.238
353.2379
353.2375
353.2379
353.2381
353.2381
353.238
353.2376
353.235
353.2352
353.2353
353.2351
353.2348
353.2288
353.229
353.229
353.2288
353.2284
353.2288
353.2291
353.2291
353.2288
353.2284
353.2353
353.2355
353.2355
353.2354
353.235
353.2383
353.2385
353.2386
353.2384
353.2381
353.2382
353.2385
353.2385
353.2384
353.238
353.2351
353.2353
353.2354
353.2352
353.2349
353.2284
353.2286
353.2286
353.2284
353.228
353.2263
353.2265
353.2265
353.2263
353.226
353.2296
353.2298
353.2298
353.2296
353.2293
353.2318
353.232
353.232
353.2318
353.2314
353.239
353.2392
353.2392
353.2391
353.2387
353.2424
353.2426
353.2427
353.2425
353.2422
353.2425
353.2427
353.2427
353.2426
353.2422
353.2392
353.2394
353.2395
353.2393
353.239
353.2325
353.2327
353.2327
353.2324
353.232
353.2324
353.2326
353.2326
353.2324
353.232
353.239
353.2393
353.2393
353.2391
353.2388
353.2422
353.2424
353.2424
353.2423
353.2419
353.2421
353.2423
353.2423
353.2422
353.2418
353.2387
353.239
353.239
353.2388
353.2385
353.232
353.2322
353.2322
353.232
353.2315
353.2319
353.2321
353.2321
353.2319
353.2315
353.2386
353.2388
353.2388
353.2387
353.2383
353.2417
353.242
353.242
353.2418
353.2415
353.2417
353.2419
353.242
353.2418
353.2415
353.2384
353.2386
353.2387
353.2385
353.2382
353.2317
353.2319
353.2319
353.2317
353.2313
353.2317
353.2319
353.2319
353.2317
353.2312
353.2383
353.2386
353.2386
353.2384
353.2381
353.2416
353.2418
353.2418
353.2417
353.2413
353.2416
353.2418
353.2418
353.2417
353.2413
353.2383
353.2386
353.2386
353.2384
353.2381
353.2317
353.2319
353.2319
353.2317
353.2312
353.2317
353.2319
353.2319
353.2317
353.2312
353.2384
353.2386
353.2387
353.2385
353.2382
353.2417
353.2419
353.2419
353.2418
353.2414
353.2417
353.2419
353.242
353.2418
353.2415
353.2386
353.2388
353.2388
353.2387
353.2383
353.2319
353.2321
353.2321
353.2319
353.2315
353.232
353.2322
353.2322
353.232
353.2315
353.2387
353.239
353.239
353.2388
353.2385
353.2421
353.2423
353.2423
353.2422
353.2418
353.2422
353.2424
353.2424
353.2423
353.2419
353.239
353.2392
353.2393
353.2391
353.2388
353.2324
353.2326
353.2326
353.2324
353.232
353.2324
353.2327
353.2326
353.2324
353.232
353.2392
353.2394
353.2394
353.2393
353.239
353.2424
353.2427
353.2427
353.2426
353.2422
353.2424
353.2426
353.2426
353.2425
353.2421
353.2389
353.2392
353.2392
353.239
353.2387
353.2318
353.232
353.232
353.2318
353.2314
353.2296
353.2298
353.2298
353.2296
353.2292
353.2327
353.2329
353.2329
353.2327
353.2323
353.235
353.2352
353.2352
353.235
353.2346
353.2425
353.2428
353.2428
353.2427
353.2423
353.2463
353.2465
353.2465
353.2464
353.246
353.2464
353.2466
353.2466
353.2465
353.2461
353.2429
353.2431
353.2432
353.243
353.2427
353.2359
353.2361
353.2361
353.2358
353.2354
353.2358
353.236
353.236
353.2358
353.2354
353.2428
353.243
353.2431
353.2429
353.2426
353.2462
353.2464
353.2465
353.2463
353.246
353.2461
353.2463
353.2464
353.2462
353.2459
353.2425
353.2428
353.2428
353.2426
353.2423
353.2354
353.2356
353.2356
353.2354
353.235
353.2354
353.2356
353.2356
353.2354
353.235
353.2424
353.2426
353.2426
353.2425
353.2421
353.2458
353.246
353.2461
353.2459
353.2456
353.2457
353.246
353.246
353.2459
353.2455
353.2422
353.2424
353.2425
353.2423
353.242
353.2352
353.2354
353.2354
353.2352
353.2347
353.2352
353.2354
353.2354
353.2351
353.2347
353.2422
353.2424
353.2424
353.2423
353.2419
353.2456
353.2459
353.2459
353.2457
353.2454
353.2456
353.2459
353.2459
353.2457
353.2454
353.2422
353.2424
353.2424
353.2423
353.2419
353.2352
353.2354
353.2354
353.2351
353.2347
353.2352
353.2354
353.2354
353.2352
353.2347
353.2422
353.2424
353.2425
353.2423
353.242
353.2457
353.246
353.246
353.2459
353.2455
353.2458
353.246
353.2461
353.2459
353.2456
353.2424
353.2426
353.2426
353.2425
353.2421
353.2354
353.2356
353.2356
353.2354
353.2349
353.2354
353.2356
353.2356
353.2354
353.235
353.2425
353.2428
353.2428
353.2426
353.2423
353.2461
353.2463
353.2464
353.2462
353.2459
353.2462
353.2464
353.2464
353.2463
353.246
353.2428
353.243
353.243
353.2429
353.2426
353.2358
353.236
353.236
353.2358
353.2354
353.2358
353.2361
353.236
353.2358
353.2354
353.2429
353.2431
353.2432
353.243
353.2427
353.2463
353.2466
353.2466
353.2465
353.2461
353.2462
353.2465
353.2465
353.2464
353.246
353.2425
353.2427
353.2428
353.2426
353.2423
353.235
353.2352
353.2352
353.235
353.2346
353.2327
353.2329
353.2329
353.2327
353.2323
353.2356
353.2358
353.2358
353.2356
353.2352
353.238
353.2382
353.2382
353.238
353.2376
353.2459
353.2461
353.2461
353.246
353.2457
353.2498
353.2501
353.2501
353.2499
353.2496
353.25
353.2502
353.2502
353.2501
353.2497
353.2463
353.2465
353.2466
353.2464
353.2461
353.239
353.2392
353.2392
353.239
353.2386
353.239
353.2392
353.2392
353.239
353.2385
353.2463
353.2465
353.2465
353.2464
353.246
353.2499
353.2501
353.2502
353.25
353.2497
353.2498
353.2501
353.2501
353.2499
353.2496
353.246
353.2463
353.2463
353.2462
353.2458
353.2386
353.2389
353.2388
353.2386
353.2382
353.2386
353.2388
353.2388
353.2386
353.2382
353.2459
353.2461
353.2462
353.246
353.2457
353.2496
353.2498
353.2498
353.2497
353.2493
353.2495
353.2497
353.2498
353.2496
353.2493
353.2458
353.246
353.246
353.2459
353.2455
353.2384
353.2386
353.2386
353.2384
353.238
353.2384
353.2386
353.2386
353.2384
353.238
353.2457
353.246
353.246
353.2459
353.2455
353.2494
353.2497
353.2497
353.2496
353.2492
353.2494
353.2497
353.2497
353.2496
353.2492
353.2457
353.246
353.246
353.2458
353.2455
353.2384
353.2386
353.2386
353.2384
353.238
353.2384
353.2386
353.2386
353.2384
353.238
353.2458
353.246
353.2461
353.2459
353.2456
353.2495
353.2498
353.2498
353.2496
353.2493
353.2496
353.2498
353.2498
353.2497
353.2493
353.2459
353.2461
353.2462
353.246
353.2457
353.2386
353.2388
353.2388
353.2386
353.2382
353.2386
353.2389
353.2388
353.2386
353.2382
353.246
353.2463
353.2463
353.2462
353.2458
353.2498
353.25
353.2501
353.2499
353.2496
353.2499
353.2501
353.2502
353.25
353.2497
353.2463
353.2465
353.2465
353.2464
353.246
353.239
353.2392
353.2392
353.239
353.2385
353.239
353.2392
353.2392
353.239
353.2385
353.2463
353.2465
353.2466
353.2464
353.2461
353.25
353.2502
353.2502
353.2501
353.2497
353.2498
353.25
353.2501
353.2499
353.2496
353.2458
353.2461
353.2461
353.246
353.2456
353.238
353.2382
353.2382
353.238
353.2376
353.2356
353.2358
353.2358
353.2356
353.2352
353.2383
353.2385
353.2385
353.2383
353.2379
353.2407
353.2409
353.2409
353.2407
353.2403
353.2489
353.2492
353.2492
353.2491
353.2487
353.2532
353.2534
353.2534
353.2533
353.2529
353.2533
353.2536
353.2536
353.2535
353.2531
353.2495
353.2497
353.2498
353.2496
353.2493
353.2419
353.2421
353.2421
353.2419
353.2415
353.2419
353.2421
353.2421
353.2419
353.2415
353.2495
353.2497
353.2498
353.2496
353.2493
353.2534
353.2536
353.2536
353.2535
353.2532
353.2533
353.2535
353.2536
353.2534
353.2531
353.2493
353.2495
353.2496
353.2494
353.2491
353.2416
353.2418
353.2418
353.2416
353.2412
353.2416
353.2418
353.2418
353.2416
353.2411
353.2492
353.2494
353.2494
353.2493
353.2489
353.253
353.2533
353.2533
353.2532
353.2528
353.253
353.2532
353.2533
353.2531
353.2528
353.2491
353.2493
353.2493
353.2492
353.2488
353.2414
353.2416
353.2416
353.2414
353.241
353.2414
353.2416
353.2416
353.2414
353.2409
353.249
353.2492
353.2493
353.2491
353.2488
353.2529
353.2531
353.2532
353.253
353.2527
353.2529
353.2531
353.2532
353.253
353.2527
353.249
353.2492
353.2493
353.2491
353.2488
353.2414
353.2416
353.2416
353.2414
353.2409
353.2414
353.2416
353.2416
353.2414
353.2409
353.2491
353.2493
353.2493
353.2492
353.2488
353.253
353.2532
353.2533
353.2531
353.2528
353.253
353.2533
353.2533
353.2532
353.2528
353.2492
353.2494
353.2494
353.2493
353.2489
353.2416
353.2418
353.2418
353.2416
353.2411
353.2416
353.2418
353.2418
353.2416
353.2412
353.2493
353.2495
353.2496
353.2494
353.2491
353.2533
353.2535
353.2536
353.2534
353.2531
353.2534
353.2536
353.2536
353.2535
353.2532
353.2495
353.2497
353.2498
353.2496
353.2493
353.2419
353.2421
353.2421
353.2419
353.2415
353.2419
353.2421
353.2421
353.2419
353.2415
353.2495
353.2497
353.2498
353.2496
353.2493
353.2533
353.2536
353.2536
353.2535
353.2531
353.2532
353.2534
353.2534
353.2533
353.253
353.249
353.2492
353.2492
353.2491
353.2488
353.2407
353.2409
353.241
353.2408
353.2403
353.2383
353.2385
353.2385
353.2383
353.2379
353.2407
353.2409
353.2409
353.2407
353.2403
353.2432
353.2435
353.2435
353.2433
353.2429
353.2518
353.252
353.2521
353.2519
353.2516
353.2563
353.2565
353.2565
353.2564
353.256
353.2564
353.2567
353.2567
353.2566
353.2562
353.2524
353.2527
353.2527
353.2525
353.2522
353.2446
353.2448
353.2448
353.2445
353.2441
353.2446
353.2448
353.2448
353.2446
353.2441
353.2525
353.2527
353.2527
353.2526
353.2523
353.2566
353.2568
353.2568
353.2567
353.2564
353.2565
353.2567
353.2568
353.2566
353.2563
353.2523
353.2525
353.2526
353.2524
353.2521
353.2443
353.2445
353.2445
353.2443
353.2439
353.2443
353.2445
353.2445
353.2443
353.2438
353.2522
353.2524
353.2524
353.2523
353.252
353.2563
353.2565
353.2565
353.2564
353.2561
353.2562
353.2565
353.2565
353.2563
353.256
353.2521
353.2523
353.2523
353.2522
353.2518
353.2441
353.2443
353.2443
353.2441
353.2437
353.2441
353.2443
353.2443
353.2441
353.2437
353.252
353.2523
353.2523
353.2521
353.2518
353.2562
353.2564
353.2564
353.2563
353.2559
353.2562
353.2564
353.2564
353.2563
353.2559
353.252
353.2523
353.2523
353.2521
353.2518
353.2441
353.2443
353.2443
353.2441
353.2437
353.2441
353.2443
353.2443
353.2441
353.2437
353.2521
353.2523
353.2523
353.2522
353.2518
353.2562
353.2565
353.2565
353.2563
353.256
353.2563
353.2565
353.2565
353.2564
353.2561
353.2522
353.2524
353.2524
353.2523
353.2519
353.2443
353.2445
353.2445
353.2443
353.2438
353.2443
353.2445
353.2445
353.2443
353.2439
353.2523
353.2525
353.2526
353.2524
353.2521
353.2565
353.2567
353.2568
353.2566
353.2563
353.2566
353.2568
353.2568
353.2567
353.2563
353.2525
353.2527
353.2527
353.2526
353.2522
353.2445
353.2448
353.2448
353.2445
353.2441
353.2445
353.2447
353.2447
353.2445
353.2441
353.2524
353.2526
353.2527
353.2525
353.2522
353.2564
353.2566
353.2567
353.2565
353.2562
353.2562
353.2564
353.2565
353.2563
353.256
353.2517
353.252
353.252
353.2519
353.2515
353.2432
353.2434
353.2434
353.2432
353.2428
353.2407
353.2409
353.2409
353.2407
353.2403
353.2428
353.243
353.243
353.2428
353.2424
353.2454
353.2457
353.2457
353.2455
353.2451
353.2543
353.2545
353.2546
353.2544
353.2541
353.259
353.2592
353.2593
353.2591
353.2588
353.2592
353.2595
353.2595
353.2594
353.259
353.255
353.2553
353.2553
353.2551
353.2548
353.2469
353.2471
353.2471
353.2469
353.2465
353.2469
353.2471
353.2471
353.2469
353.2465
353.2551
353.2554
353.2554
353.2553
353.2549
353.2594
353.2597
353.2597
353.2596
353.2592
353.2594
353.2596
353.2597
353.2595
353.2592
353.255
353.2552
353.2553
353.2551
353.2548
353.2467
353.2469
353.2469
353.2467
353.2463
353.2467
353.2469
353.2469
353.2467
353.2462
353.2549
353.2551
353.2551
353.255
353.2547
353.2592
353.2594
353.2595
353.2593
353.259
353.2592
353.2594
353.2594
353.2593
353.259
353.2548
353.255
353.2551
353.2549
353.2546
353.2466
353.2468
353.2468
353.2465
353.2461
353.2466
353.2468
353.2468
353.2465
353.2461
353.2548
353.255
353.255
353.2549
353.2546
353.2591
353.2593
353.2594
353.2592
353.2589
353.2591
353.2593
353.2594
353.2592
353.2589
353.2548
353.255
353.255
353.2549
353.2546
353.2466
353.2468
353.2468
353.2465
353.2461
353.2466
353.2468
353.2468
353.2465
353.2461
353.2548
353.255
353.2551
353.2549
353.2546
353.2592
353.2594
353.2594
353.2593
353.259
353.2592
353.2594
353.2595
353.2593
353.259
353.2549
353.2551
353.2551
353.255
353.2547
353.2467
353.2469
353.2469
353.2467
353.2462
353.2467
353.2469
353.2469
353.2467
353.2463
353.255
353.2552
353.2553
353.2551
353.2548
353.2594
353.2596
353.2597
353.2595
353.2592
353.2594
353.2597
353.2597
353.2596
353.2592
353.2551
353.2553
353.2554
353.2552
353.2549
353.2469
353.2471
353.2471
353.2469
353.2465
353.2469
353.2471
353.2471
353.2469
353.2465
353.255
353.2552
353.2553
353.2551
353.2548
353.2592
353.2594
353.2595
353.2593
353.259
353.259
353.2592
353.2592
353.2591
353.2588
353.2543
353.2545
353.2546
353.2544
353.2541
353.2454
353.2456
353.2456
353.2454
353.245
353.2428
353.243
353.243
353.2428
353.2424
353.2446
353.2448
353.2448
353.2446
353.2443
353.2474
353.2476
353.2476
353.2474
353.247
353.2566
353.2568
353.2569
353.2567
353.2564
353.2615
353.2618
353.2618
353.2617
353.2614
353.2618
353.262
353.2621
353.2619
353.2616
353.2574
353.2576
353.2577
353.2575
353.2572
353.249
353.2492
353.2492
353.249
353.2486
353.249
353.2492
353.2492
353.249
353.2486
353.2576
353.2578
353.2578
353.2577
353.2574
353.2621
353.2623
353.2624
353.2622
353.2619
353.2621
353.2623
353.2623
353.2622
353.2619
353.2574
353.2577
353.2577
353.2576
353.2572
353.2488
353.2491
353.2491
353.2488
353.2484
353.2488
353.249
353.249
353.2488
353.2484
353.2573
353.2576
353.2576
353.2575
353.2571
353.2619
353.2621
353.2622
353.262
353.2617
353.2619
353.2621
353.2621
353.262
353.2617
353.2573
353.2575
353.2575
353.2574
353.257
353.2487
353.2489
353.2489
353.2487
353.2482
353.2487
353.2489
353.2489
353.2487
353.2482
353.2572
353.2574
353.2575
353.2573
353.257
353.2618
353.262
353.2621
353.2619
353.2616
353.2618
353.262
353.2621
353.2619
353.2616
353.2572
353.2574
353.2575
353.2573
353.257
353.2487
353.2489
353.2489
353.2487
353.2482
353.2487
353.2489
353.2489
353.2487
353.2482
353.2572
353.2575
353.2575
353.2574
353.257
353.2618
353.2621
353.2621
353.262
353.2617
353.2619
353.2621
353.2622
353.262
353.2617
353.2573
353.2576
353.2576
353.2574
353.2571
353.2488
353.249
353.249
353.2488
353.2484
353.2488
353.249
353.249
353.2488
353.2484
353.2574
353.2577
353.2577
353.2576
353.2572
353.2621
353.2623
353.2623
353.2622
353.2619
353.2621
353.2623
353.2624
353.2622
353.2619
353.2575
353.2578
353.2578
353.2577
353.2573
353.249
353.2492
353.2492
353.249
353.2486
353.249
353.2492
353.2492
353.249
353.2485
353.2574
353.2576
353.2577
353.2575
353.2572
353.2618
353.262
353.2621
353.2619
353.2616
353.2615
353.2618
353.2618
353.2617
353.2613
353.2566
353.2568
353.2568
353.2567
353.2564
353.2474
353.2476
353.2476
353.2474
353.247
353.2446
353.2448
353.2448
353.2446
353.2442
353.2462
353.2464
353.2464
353.2462
353.2458
353.249
353.2492
353.2493
353.2491
353.2487
353.2586
353.2588
353.2589
353.2588
353.2584
353.2639
353.2641
353.2641
353.264
353.2637
353.2641
353.2644
353.2644
353.2643
353.264
353.2595
353.2598
353.2598
353.2597
353.2593
353.2508
353.251
353.251
353.2508
353.2503
353.2508
353.251
353.251
353.2508
353.2504
353.2597
353.2599
353.26
353.2598
353.2595
353.2645
353.2648
353.2648
353.2647
353.2644
353.2645
353.2647
353.2648
353.2646
353.2643
353.2596
353.2599
353.2599
353.2598
353.2594
353.2507
353.2509
353.2509
353.2507
353.2502
353.2507
353.2509
353.2509
353.2507
353.2502
353.2595
353.2598
353.2598
353.2597
353.2593
353.2643
353.2646
353.2646
353.2645
353.2642
353.2643
353.2646
353.2646
353.2645
353.2641
353.2595
353.2597
353.2597
353.2596
353.2593
353.2506
353.2508
353.2508
353.2505
353.2501
353.2505
353.2508
353.2508
353.2505
353.2501
353.2594
353.2597
353.2597
353.2596
353.2592
353.2643
353.2645
353.2646
353.2644
353.2641
353.2643
353.2645
353.2646
353.2644
353.2641
353.2594
353.2597
353.2597
353.2596
353.2592
353.2505
353.2508
353.2508
353.2505
353.2501
353.2506
353.2508
353.2508
353.2505
353.2501
353.2595
353.2597
353.2597
353.2596
353.2593
353.2643
353.2646
353.2646
353.2645
353.2641
353.2643
353.2646
353.2646
353.2645
353.2642
353.2595
353.2598
353.2598
353.2597
353.2593
353.2507
353.2509
353.2509
353.2506
353.2502
353.2507
353.2509
353.2509
353.2507
353.2502
353.2596
353.2599
353.2599
353.2598
353.2594
353.2645
353.2647
353.2648
353.2646
353.2643
353.2645
353.2648
353.2648
353.2647
353.2644
353.2597
353.2599
353.26
353.2598
353.2595
353.2508
353.251
353.251
353.2508
353.2504
353.2508
353.251
353.251
353.2508
353.2503
353.2595
353.2597
353.2598
353.2597
353.2593
353.2641
353.2644
353.2644
353.2643
353.264
353.2638
353.2641
353.2641
353.264
353.2637
353.2586
353.2588
353.2589
353.2587
353.2584
353.249
353.2492
353.2492
353.249
353.2486
353.2462
353.2464
353.2464
353.2462
353.2458
353.2474
353.2476
353.2476
353.2474
353.247
353.2504
353.2506
353.2506
353.2504
353.25
353.2605
353.2607
353.2607
353.2606
353.2603
353.2661
353.2663
353.2664
353.2662
353.2659
353.2664
353.2666
353.2667
353.2666
353.2662
353.2615
353.2617
353.2618
353.2616
353.2613
353.2523
353.2525
353.2525
353.2523
353.2519
353.2524
353.2526
353.2526
353.2524
353.2519
353.2617
353.262
353.262
353.2619
353.2615
353.2669
353.2671
353.2672
353.267
353.2667
353.2668
353.2671
353.2671
353.267
353.2667
353.2616
353.2619
353.2619
353.2618
353.2615
353.2523
353.2525
353.2525
353.2522
353.2518
353.2522
353.2524
353.2524
353.2522
353.2518
353.2615
353.2618
353.2618
353.2617
353.2614
353.2667
353.2669
353.267
353.2668
353.2665
353.2667
353.2669
353.2669
353.2668
353.2665
353.2615
353.2617
353.2618
353.2616
353.2613
353.2521
353.2523
353.2523
353.2521
353.2517
353.2521
353.2523
353.2523
353.2521
353.2517
353.2614
353.2617
353.2617
353.2616
353.2613
353.2666
353.2668
353.2669
353.2668
353.2664
353.2666
353.2668
353.2669
353.2668
353.2664
353.2614
353.2617
353.2617
353.2616
353.2613
353.2521
353.2523
353.2523
353.2521
353.2517
353.2521
353.2523
353.2523
353.2521
353.2517
353.2615
353.2617
353.2618
353.2616
353.2613
353.2667
353.2669
353.2669
353.2668
353.2665
353.2667
353.2669
353.267
353.2668
353.2665
353.2615
353.2618
353.2618
353.2617
353.2614
353.2522
353.2524
353.2524
353.2522
353.2518
353.2522
353.2525
353.2525
353.2522
353.2518
353.2616
353.2619
353.2619
353.2618
353.2615
353.2668
353.2671
353.2671
353.267
353.2667
353.2669
353.2671
353.2672
353.267
353.2667
353.2617
353.262
353.262
353.2619
353.2615
353.2524
353.2526
353.2526
353.2524
353.2519
353.2523
353.2525
353.2525
353.2523
353.2519
353.2615
353.2617
353.2618
353.2616
353.2613
353.2664
353.2666
353.2667
353.2666
353.2663
353.2661
353.2663
353.2664
353.2662
353.2659
353.2605
353.2607
353.2608
353.2606
353.2603
353.2504
353.2506
353.2506
353.2504
353.25
353.2474
353.2476
353.2476
353.2474
353.247
353.2483
353.2485
353.2485
353.2483
353.2479
353.2515
353.2517
353.2517
353.2515
353.2511
353.2622
353.2625
353.2625
353.2624
353.2621
353.2684
353.2687
353.2687
353.2686
353.2683
353.2688
353.269
353.2691
353.269
353.2687
353.2634
353.2637
353.2637
353.2636
353.2633
353.2536
353.2538
353.2538
353.2536
353.2532
353.2537
353.2539
353.2539
353.2537
353.2533
353.2637
353.2639
353.264
353.2638
353.2635
353.2693
353.2696
353.2696
353.2695
353.2692
353.2693
353.2695
353.2696
353.2695
353.2692
353.2636
353.2638
353.2639
353.2638
353.2635
353.2536
353.2538
353.2538
353.2536
353.2531
353.2535
353.2538
353.2538
353.2535
353.2531
353.2635
353.2638
353.2638
353.2637
353.2634
353.2692
353.2694
353.2695
353.2693
353.269
353.2691
353.2694
353.2694
353.2693
353.269
353.2634
353.2637
353.2637
353.2636
353.2633
353.2534
353.2537
353.2537
353.2534
353.253
353.2534
353.2536
353.2536
353.2534
353.253
353.2634
353.2637
353.2637
353.2636
353.2633
353.2691
353.2693
353.2694
353.2693
353.269
353.2691
353.2693
353.2694
353.2693
353.269
353.2634
353.2637
353.2637
353.2636
353.2633
353.2534
353.2536
353.2536
353.2534
353.253
353.2534
353.2537
353.2537
353.2534
353.253
353.2635
353.2637
353.2637
353.2636
353.2633
353.2691
353.2694
353.2694
353.2693
353.269
353.2692
353.2694
353.2695
353.2693
353.269
353.2635
353.2637
353.2638
353.2637
353.2634
353.2535
353.2538
353.2538
353.2535
353.2531
353.2536
353.2538
353.2538
353.2536
353.2531
353.2636
353.2638
353.2639
353.2638
353.2635
353.2693
353.2695
353.2696
353.2695
353.2692
353.2693
353.2696
353.2696
353.2695
353.2692
353.2636
353.2639
353.2639
353.2638
353.2635
353.2536
353.2539
353.2539
353.2537
353.2532
353.2536
353.2538
353.2538
353.2536
353.2532
353.2634
353.2636
353.2637
353.2636
353.2633
353.2687
353.269
353.2691
353.2689
353.2686
353.2683
353.2686
353.2687
353.2685
353.2682
353.2622
353.2624
353.2625
353.2623
353.262
353.2515
353.2517
353.2517
353.2515
353.2511
353.2483
353.2485
353.2485
353.2483
353.2479
353.2488
353.249
353.249
353.2488
353.2484
353.2521
353.2524
353.2524
353.2522
353.2518
353.2635
353.2638
353.2638
353.2637
353.2634
353.2703
353.2706
353.2706
353.2705
353.2703
353.2707
353.271
353.2711
353.271
353.2707
353.2649
353.2651
353.2652
353.265
353.2648
353.2544
353.2546
353.2547
353.2544
353.254
353.2545
353.2547
353.2547
353.2545
353.2541
353.2652
353.2654
353.2655
353.2653
353.2651
353.2714
353.2716
353.2717
353.2716
353.2713
353.2714
353.2716
353.2717
353.2716
353.2713
353.2651
353.2654
353.2654
353.2653
353.265
353.2544
353.2546
353.2546
353.2544
353.254
353.2544
353.2546
353.2546
353.2544
353.254
353.265
353.2653
353.2654
353.2652
353.2649
353.2713
353.2715
353.2716
353.2715
353.2712
353.2712
353.2715
353.2716
353.2715
353.2712
353.265
353.2652
353.2653
353.2652
353.2649
353.2543
353.2545
353.2545
353.2543
353.2539
353.2543
353.2545
353.2545
353.2543
353.2539
353.265
353.2652
353.2653
353.2652
353.2649
353.2712
353.2715
353.2715
353.2714
353.2712
353.2712
353.2715
353.2715
353.2714
353.2712
353.265
353.2652
353.2653
353.2652
353.2649
353.2543
353.2545
353.2545
353.2543
353.2539
353.2543
353.2545
353.2545
353.2543
353.2539
353.265
353.2652
353.2653
353.2652
353.2649
353.2712
353.2715
353.2716
353.2715
353.2712
353.2712
353.2715
353.2716
353.2715
353.2712
353.265
353.2653
353.2653
353.2652
353.2649
353.2544
353.2546
353.2546
353.2544
353.254
353.2544
353.2546
353.2546
353.2544
353.254
353.2651
353.2654
353.2654
353.2653
353.265
353.2714
353.2716
353.2717
353.2716
353.2713
353.2714
353.2716
353.2717
353.2716
353.2713
353.2651
353.2654
353.2654
353.2653
353.265
353.2545
353.2547
353.2547
353.2545
353.2541
353.2544
353.2546
353.2546
353.2544
353.254
353.2648
353.2651
353.2651
353.265
353.2647
353.2707
353.271
353.271
353.2709
353.2707
353.2703
353.2705
353.2706
353.2705
353.2702
353.2635
353.2637
353.2638
353.2637
353.2634
353.2521
353.2523
353.2524
353.2522
353.2518
353.2488
353.249
353.249
353.2488
353.2484
)
;

boundaryField
{
    electrolyteSides
    {
        type            zeroGradient;
    }
    electrolyte_to_fuel
    {
        type            zeroGradient;
    }
    electrolyte_to_air
    {
        type            zeroGradient;
    }
}


// ************************************************************************* //
